0 0.36138281250000004 0.6150938967136149 0.12145312500000001 0.41474178403755874
0 0.52509375 0.5638615023474178 0.05884375 0.3359389671361503
0 0.6079765625000001 0.5871009389671362 0.091703125 0.38565727699530516
0 0.69484375 0.5577230046948357 0.0778125 0.30032863849765257
0 0.76584375 0.5438145539906104 0.10171875 0.37302816901408453
0 0.8583671875000001 0.5520892018779343 0.091765625 0.3128169014084507
0 0.3383125 0.5670539906103287 0.053625000000000006 0.3014319248826291
0 0.9331328125000001 0.52231220657277 0.068296875 0.25833333333333336
0 0.98325 0.5120305164319249 0.0335 0.06293427230046948
0 0.12170312500000001 0.46909624413145545 0.0340625 0.09640845070422535
0 0.190796875 0.443943661971831 0.054000000000000006 0.15103286384976528
0 0.0864921875 0.5340962441314554 0.077421875 0.3033098591549296
0 0.025054687500000002 0.48522300469483565 0.047328125 0.14500000000000002
0 0.47421875 0.5563380281690141 0.7046875 0.5821596244131455
