0 0.5950234375 0.1781880733944954 0.026953125 0.12674311926605505
0 0.44470312500000003 0.16963302752293577 0.04221875 0.17045871559633027
0 0.3444375 0.17483944954128441 0.0346875 0.14224770642201837
0 0.1310703125 0.4732110091743119 0.028953125000000003 0.22055045871559634
0 0.8521093750000001 0.7500229357798165 0.045375 0.2504128440366973
0 0.9077968750000001 0.8212614678899084 0.0418125 0.17444954128440368
0 0.9468125000000001 0.8165596330275231 0.04246875 0.21376146788990827
0 0.8796484375000001 0.13208715596330275 0.021703125000000004 0.044357798165137616
0 0.8593984375000002 0.1565137614678899 0.015078125000000001 0.12000000000000001
0 0.9395781250000002 0.06094036697247707 0.014000000000000002 0.04655963302752294
0 0.42839843750000006 0.09220183486238533 0.027640625000000002 0.12541284403669725
0 0.8970078125 0.18871559633027524 0.018546875 0.10889908256880734
0 0.913046875 0.20252293577981653 0.0105 0.10972477064220185
0 0.86328125 0.16743119266055045 0.2703125 0.3348623853211009
