0 0.0634140625 0.50084375 0.126828125 0.4505208333333333
0 0.14520312500000002 0.47297916666666673 0.11553125 0.30395833333333333
0 0.18333593750000002 0.42615625 0.09548437500000001 0.21585416666666665
0 0.364890625 0.43224999999999997 0.031125000000000003 0.12787500000000002
0 0.39942187500000004 0.4205208333333333 0.0405625 0.13291666666666666
0 0.42978906250000004 0.41942708333333334 0.039203125000000005 0.12197916666666665
0 0.28565625 0.456125 0.048625 0.23491666666666666
0 0.6625546875000001 0.58109375 0.215234375 0.5179375
0 0.7517343750000001 0.47651041666666666 0.09053125000000001 0.2812291666666667
0 0.2395703125 0.39426041666666667 0.024703125000000003 0.10560416666666667
0 0.2674296875 0.4266666666666667 0.032578125000000006 0.13866666666666666
0 0.32665625000000004 0.4301770833333334 0.03565625 0.14589583333333334
0 0.5996718750000001 0.39225000000000004 0.06775 0.07675000000000001
0 0.521875 0.35 0.9125000000000001 0.1375
