0 0.569640625 0.46635613207547166 0.01540625 0.055589622641509434
0 0.53284375 0.4476297169811321 0.01603125 0.09106132075471697
0 0.47279687500000006 0.5979481132075471 0.0308125 0.12481132075471699
0 0.034007812500000005 0.3477948113207546 0.013265625000000001 0.05549528301886793
0 0.08957031250000001 0.35481132075471694 0.009640625 0.05476415094339622
0 0.3179453125 0.31303066037735844 0.006515625000000001 0.03596698113207547
0 0.44372656250000003 0.3463443396226415 0.011328125000000001 0.04641509433962264
0 0.4760546875 0.3158608490566038 0.0074218750000000005 0.017523584905660375
0 0.41073437500000004 0.31304245283018867 0.004875000000000001 0.020660377358490564
0 0.334078125 0.3100589622641509 0.008624999999999999 0.03695754716981132
0 0.38407812500000005 0.3092099056603773 0.0074062500000000005 0.030825471698113206
0 0.7708828125 0.35494103773584906 0.011359375 0.05139150943396226
0 0.43082812500000006 0.3461084905660377 0.010750000000000001 0.04773584905660377
0 0.4765625 0.2783018867924528 0.9500000000000001 0.1650943396226415
