0 0.8234218750000001 0.5581147540983606 0.10018750000000001 0.37772833723653393
0 0.825859375 0.33685011709601875 0.10496875000000001 0.29871194379391103
0 0.595125 0.47524590163934427 0.04271875 0.24857142857142858
0 0.527828125 0.47203747072599533 0.03803125 0.1894145199063232
0 0.497671875 0.38560889929742387 0.03659375 0.05032786885245901
0 0.3891796875 0.41199063231850114 0.051890625 0.23971896955503513
0 0.2644765625 0.564192037470726 0.132234375 0.3963934426229508
0 0.17060156250000003 0.5463583138173302 0.20064062500000002 0.3968852459016393
0 0.1812578125 0.33546838407494145 0.098546875 0.20540983606557375
0 0.06751562500000001 0.3089812646370024 0.11071875 0.22072599531615925
0 0.4565937500000001 0.5462177985948478 0.0921875 0.17327868852459016
0 0.22821093750000002 0.4720140515222483 0.099578125 0.237423887587822
0 0.6480078125000001 0.43311475409836064 0.093546875 0.4768618266978923
0 0.40468750000000003 0.5140515222482436 0.80625 0.33489461358313816
