0 0.2960141987829615 0.532078125 0.18825557809330629 0.38184375000000004
0 0.777971602434077 0.170015625 0.1550101419878296 0.08078125000000001
0 0.4695943204868154 0.16309375 0.13290060851926977 0.07900000000000001
0 0.19065922920892495 0.1533359375 0.1377079107505071 0.082109375
0 0.5458722109533468 0.1402578125 0.11665314401622717 0.12532812499999998
0 0.6870081135902637 0.4982031250000001 0.1394523326572008 0.363
0 0.6126166328600406 0.17809375000000002 0.10210953346855985 0.0561875
0 0.6785091277890466 0.13621875000000003 0.15004056795131845 0.1255
0 0.9743914807302231 0.19506250000000003 0.051217038539553755 0.029625000000000002
0 0.2563894523326572 0.1164140625 0.06523326572008113 0.086734375
0 0.3785294117647059 0.11927343750000002 0.11093306288032453 0.129484375
0 0.9405578093306288 0.03871093750000001 0.11628803245436105 0.076265625
0 0.31136916835699796 0.15742187500000002 0.11178498985801216 0.07921875
0 0.7728194726166329 0.53828125 0.27586206896551724 0.3796875
