0 0.3675217391304348 0.6888657407407408 0.13024347826086957 0.26129629629629625
0 0.8644260869565217 0.5573032407407407 0.14182608695652174 0.48090277777777773
0 0.6154869565217391 0.6909027777777778 0.1297913043478261 0.2646759259259259
0 0.6816782608695652 0.565474537037037 0.0987304347826087 0.18631944444444443
0 0.7588869565217391 0.6923263888888888 0.1539826086956522 0.25081018518518516
0 0.7716695652173913 0.4665277777777777 0.0976695652173913 0.31277777777777777
0 0.48967826086956523 0.6811689814814814 0.12373913043478263 0.2329398148148148
0 0.6231391304347826 0.43590277777777775 0.09264347826086958 0.225
0 0.08386086956521739 0.5571759259259259 0.11200000000000002 0.4467129629629629
0 0.1884521739130435 0.5461689814814814 0.11773913043478262 0.42599537037037033
0 0.26160000000000005 0.5267592592592593 0.08212173913043479 0.42453703703703705
0 0.34693913043478264 0.47224537037037034 0.10598260869565218 0.305462962962963
0 0.5434869565217393 0.5817708333333333 0.09142608695652174 0.1816898148148148
0 0.5669565217391305 0.4837962962962963 0.3791304347826087 0.35648148148148145
