0 0.49596875000000007 0.5599297423887588 0.4454687500000001 0.8801405152224824
0 0.878953125 0.5684894613583138 0.18300000000000002 0.3736065573770492
0 0.19412500000000002 0.5280679156908665 0.22978125000000002 0.33107728337236536
0 0.119484375 0.3690046838407494 0.08671875000000001 0.1832552693208431
0 0.9557187500000002 0.46633489461358313 0.08740625 0.1232552693208431
0 0.6922578125000001 0.5492740046838407 0.093515625 0.2592037470725995
0 0.1246640625 0.4500819672131148 0.069265625 0.08971896955503514
0 0.25207031250000006 0.43460187353629975 0.027421875000000002 0.07187353629976581
0 0.6311484375 0.46797423887587825 0.072765625 0.11810304449648712
0 0.038859375 0.5005971896955503 0.07771875 0.2871896955503513
0 0.3176484375 0.48508196721311475 0.053421875 0.12969555035128807
0 0.272140625 0.4784309133489461 0.051125000000000004 0.13540983606557377
