0 0.21110937500000004 0.582027027027027 0.0743125 0.18426195426195427
0 0.16818750000000002 0.5755301455301455 0.020625 0.11126819126819128
0 0.1519375 0.5261538461538462 0.00728125 0.01496881496881497
0 0.26070312500000004 0.14805613305613308 0.044187500000000005 0.051663201663201666
0 0.1536640625 0.14465696465696465 0.046015625000000004 0.036507276507276504
0 0.10302343750000001 0.582027027027027 0.016890625000000003 0.13482328482328482
0 0.12852343750000003 0.6270270270270271 0.043046875000000005 0.21654885654885656
0 0.17759375 0.5807068607068607 0.02109375 0.10461538461538462
0 0.199375 0.5233887733887734 0.0159375 0.025654885654885655
0 0.1509609375 0.5477338877338878 0.008890625000000001 0.04827442827442827
0 0.044335937500000006 0.7100935550935551 0.07745312500000001 0.38363825363825366
