0 0.09623437500000001 0.38763796909492276 0.19246875000000002 0.6
0 0.58090625 0.15637969094922738 0.35259375000000004 0.31275938189845476
0 0.928484375 0.832748344370861 0.14303125000000003 0.33450331125827815
0 0.6354375000000001 0.8865121412803533 0.1765625 0.19999999999999998
0 0.904703125 0.3823509933774834 0.19059375 0.7552980132450331
0 0.2098828125 0.6170309050772627 0.249671875 0.584569536423841
0 0.07492968750000001 0.7601324503311258 0.146671875 0.4549668874172185
0 0.23142968750000004 0.8554966887417219 0.310171875 0.2606622516556291
0 0.5614765625000001 0.43258278145695367 0.359484375 0.7797792494481236
0 0.5022968750000001 0.7612141280353202 0.33803125 0.44618101545253863
0 0.8278281249999999 0.747317880794702 0.230875 0.5053642384105961
0 0.8629453125 0.23199779249448124 0.132390625 0.4637306843267108
0 0.1314453125 0.20260485651214127 0.255546875 0.39999999999999997
0 0.51484375 0.2924944812362031 0.6484375 0.5849889624724062
