0 0.4981093750000001 0.48859375 0.030468750000000003 0.055812499999999994
0 0.6162734375000001 0.5043958333333333 0.009328125 0.023583333333333335
0 0.3672500000000001 0.2973020833333333 0.07240625 0.08247916666666667
0 0.9003671875000001 0.6610312500000001 0.028734375000000003 0.11239583333333333
0 0.9483515625 0.69059375 0.049640625 0.22414583333333335
0 0.0639296875 0.6484583333333335 0.022609375 0.10483333333333333
0 0.026875 0.6538020833333335 0.029468750000000002 0.12022916666666666
0 0.6763125 0.46096875000000004 0.0315 0.058562499999999997
0 0.5998828125000001 0.4912604166666666 0.024265625 0.028187499999999997
0 0.8453828125000001 0.5798229166666666 0.013953125 0.04972916666666667
0 0.0838046875 0.6485625 0.023359375 0.09945833333333334
0 0.5688124999999999 0.5991354166666666 0.0246875 0.06360416666666667
0 0.15960937500000003 0.5851875 0.0169375 0.033416666666666664
0 0.34687500000000004 0.5614583333333333 0.596875 0.16041666666666665
