0 0.5684140624999999 0.8119895833333333 0.062359374999999995 0.1203125
0 0.6872109375000001 0.6331562499999999 0.030328125 0.05577083333333333
0 0.547953125 0.66778125 0.026000000000000002 0.0374375
0 0.579109375 0.6393958333333333 0.0415 0.089875
0 0.661453125 0.62890625 0.03446875 0.06260416666666667
0 0.872109375 0.6690729166666666 0.02975 0.07139583333333334
0 0.9407734374999999 0.6277708333333333 0.040421875 0.057916666666666665
0 0.8838906249999999 0.6102083333333332 0.025406250000000005 0.042208333333333334
0 0.58240625 0.6651979166666666 0.027875 0.03814583333333333
0 0.7898359375 0.6399583333333333 0.033328125 0.04583333333333333
0 0.9944140625000002 0.6191041666666667 0.011171875000000001 0.066625
0 0.9187578125 0.6637604166666666 0.011953125000000002 0.03602083333333333
0 0.7101406250000001 0.6325520833333333 0.03515625 0.08739583333333334
0 0.5328125 0.6770833333333334 0.93125 0.2916666666666667
