0 0.6818229166666667 0.8717109375000001 0.12939583333333332 0.11364062500000001
0 0.81715625 0.7363046875000001 0.04660416666666667 0.108765625
0 0.7289479166666667 0.718 0.030604166666666665 0.036375000000000005
0 0.75190625 0.8713671875 0.09322916666666667 0.096953125
0 0.36628125 0.7659375000000002 0.06372916666666667 0.1461875
0 0.58475 0.8407890625000001 0.07879166666666666 0.09417187500000002
0 0.45808333333333334 0.7489062500000001 0.03995833333333333 0.05265625000000001
0 0.43840625 0.7203203125000001 0.03272916666666667 0.04976562500000001
0 0.9519687499999999 0.7618984375000001 0.05064583333333333 0.132640625
0 0.6417499999999999 0.7216484375000001 0.018333333333333333 0.066765625
0 0.8523645833333333 0.7454609375000001 0.0455625 0.091703125
0 0.6243645833333333 0.7291406250000001 0.0269375 0.0718125
0 0.13794791666666667 0.7774375 0.06372916666666667 0.12953125000000001
0 0.6520833333333333 0.7609375 0.5333333333333333 0.16875
