0 0.05621875 0.655 0.10212500000000001 0.29775981524249423
0 0.24145312500000002 0.4799884526558891 0.0543125 0.17558891454965359
0 0.6559375000000001 0.5508545034642032 0.07478125000000001 0.36484988452655887
0 0.753890625 0.5440184757505774 0.17496875 0.3904387990762125
0 0.70234375 0.5203695150115473 0.044500000000000005 0.17002309468822172
0 0.529125 0.5077251732101616 0.029249999999999998 0.064364896073903
0 0.70896875 0.33092378752886836 0.02846875 0.050069284064665126
0 0.228375 0.7540646651270208 0.12665625 0.38401847575057735
0 0.47827343750000006 0.5595496535796767 0.097171875 0.366905311778291
0 0.8426796875000001 0.5689953810623557 0.086984375 0.2282909930715935
