0 0.46240625 0.484344262295082 0.389 0.6009133489461358
0 0.276703125 0.6273419203747073 0.39356250000000004 0.45580796252927397
0 0.5816093750000001 0.31755269320843094 0.08490625000000002 0.1446135831381733
0 0.49843750000000003 0.24916861826697892 0.07871875 0.1491569086651054
0 0.4584453125000001 0.18700234192037468 0.083546875 0.19466042154566746
0 0.1401875 0.08652224824355972 0.06746875000000001 0.15056206088992977
0 0.3214765625 0.1972131147540984 0.062046875 0.11512880562060888
0 0.6761796875 0.2768384074941452 0.084828125 0.2154566744730679
0 0.2274921875 0.15481264637002343 0.09601562500000001 0.15440281030444966
0 0.716640625 0.6682435597189696 0.45996875000000004 0.48000000000000004
0 0.868125 0.32117096018735364 0.07850000000000001 0.1294145199063232
0 0.1421328125 0.3289695550351288 0.075171875 0.13826697892271664
0 0.621359375 0.2065105386416862 0.05171875000000001 0.11629976580796252
0 0.49921875000000004 0.20725995316159251 0.9984375000000001 0.41451990632318503
