0 0.39779687500000005 0.5170416666666666 0.14178125 0.4803611111111111
0 0.609234375 0.5050972222222223 0.09150000000000001 0.4430277777777778
0 0.978921875 0.4888472222222222 0.042156250000000006 0.31725
0 0.8904765625000002 0.4545416666666667 0.030671875 0.04063888888888889
0 0.8531015624999999 0.45381944444444444 0.037671875 0.04958333333333334
0 0.6844062500000001 0.4894027777777778 0.049718750000000006 0.1171388888888889
0 0.6675156250000001 0.4725000000000001 0.03184375 0.07577777777777778
0 0.5704843749999999 0.47704166666666664 0.0243125 0.07502777777777779
0 0.480203125 0.47805555555555557 0.0158125 0.07366666666666667
0 0.20037500000000003 0.5032777777777778 0.065875 0.152
0 0.22515625 0.4487916666666667 0.017374999999999998 0.03313888888888889
0 0.81778125 0.5045000000000001 0.049406250000000006 0.15766666666666668
0 0.18256250000000002 0.45337500000000003 0.02771875 0.042972222222222224
0 0.47109375000000003 0.48888888888888893 0.9421875000000001 0.1388888888888889
