0 0.4818515625 0.5877176470588235 0.248828125 0.8245647058823529
0 0.3337890625 0.7208823529411764 0.151203125 0.5561176470588235
0 0.6494140625 0.666635294117647 0.147203125 0.6667294117647059
0 0.8530156250000002 0.6132 0.25609375 0.773035294117647
0 0.7013750000000001 0.47229411764705875 0.096 0.35988235294117643
0 0.723921875 0.360635294117647 0.064 0.20903529411764704
0 0.20966406250000003 0.45505882352941174 0.09998437500000001 0.42470588235294116
0 0.084125 0.4988823529411764 0.10275000000000001 0.4731058823529411
0 0.9747578125 0.38537647058823526 0.050484375000000005 0.18901176470588232
0 0.774578125 0.4188823529411764 0.08700000000000001 0.19875294117647058
0 0.31902343750000006 0.4107882352941176 0.072359375 0.3045411764705882
0 0.37148437500000003 0.35481176470588227 0.02034375 0.08327058823529411
0 0.5516875 0.3397176470588235 0.07625 0.1028235294117647
0 0.3953125 0.5811764705882353 0.7875000000000001 0.5929411764705882
