0 0.14977343750000002 0.5717395833333333 0.06660937500000001 0.2547291666666667
0 0.5693125 0.6211770833333333 0.0205 0.09781250000000001
0 0.550796875 0.6117291666666667 0.021843750000000002 0.08770833333333333
0 0.6815546875 0.613125 0.049453125 0.16479166666666664
0 0.7273125 0.6311666666666668 0.06071875 0.175375
0 0.783359375 0.628375 0.07425000000000001 0.20341666666666666
0 0.7945078125 0.5876666666666667 0.032984375 0.121125
0 0.9092109375 0.6121770833333334 0.044484375 0.13485416666666666
0 0.9741250000000001 0.6037083333333333 0.04953125 0.175625
0 0.49144531250000006 0.61784375 0.028421875000000003 0.10302083333333334
0 0.5186171875000001 0.6122083333333334 0.021796875 0.08658333333333333
