0 0.724984375 0.6915707964601769 0.06634375 0.31809734513274335
0 0.8317968750000001 0.7445353982300884 0.04878125 0.21243362831858406
0 0.4375156250000001 0.46216814159292036 0.0335 0.13884955752212388
0 0.1683359375 0.5383849557522123 0.040828125 0.1941150442477876
0 0.6339218750000001 0.4801106194690265 0.02496875 0.11137168141592921
0 0.37439062500000003 0.18123893805309732 0.005812500000000001 0.022920353982300884
0 0.8199765625 0.4953539823008849 0.016984375 0.16283185840707964
0 0.6775703125 0.46128318584070793 0.015234375000000001 0.07212389380530973
0 0.11753125 0.38267699115044246 0.0205 0.08827433628318583
0 0.07800000000000001 0.07657079646017699 0.004906250000000001 0.018628318584070797
0 0.0190390625 0.30982300884955755 0.008796875000000001 0.06415929203539823
0 0.12272656250000001 0.22816371681415928 0.009015625 0.029690265486725664
0 0.8719765625000001 0.7328539823008849 0.08039062500000001 0.2776548672566372
0 0.5 0.2831858407079646 0.9968750000000001 0.5663716814159292
