0 0.8575390624999999 0.8054979253112033 0.064640625 0.1774688796680498
0 0.3352734375 0.7842323651452282 0.035296875 0.04937759336099585
0 0.3685390625 0.7711099585062241 0.087859375 0.06890041493775934
0 0.22110156250000002 0.7654668049792531 0.021359375 0.04802904564315352
0 0.2771484375 0.7681639004149378 0.022359375 0.032136929460580915
0 0.26874218749999995 0.7601141078838174 0.017328125 0.03163900414937759
0 0.39732812500000003 0.7569294605809128 0.01515625 0.03066390041493776
0 0.17310156250000003 0.7478423236514523 0.023953125000000002 0.044024896265560165
0 0.446890625 0.7664626556016597 0.03890625 0.06242738589211618
0 0.460390625 0.7428215767634854 0.021750000000000002 0.02962655601659751
0 0.6191562500000001 0.7463174273858921 0.055375 0.06860995850622406
0 0.418484375 0.7594709543568464 0.026968750000000003 0.025497925311203318
0 0.1843984375 0.7505601659751037 0.021484375 0.035269709543568464
0 0.4453125 0.7510373443983402 0.26875 0.07053941908713693
