0 0.60421875 0.5584309133489461 0.33884375000000005 0.8831381733021078
0 0.91409375 0.3454098360655738 0.1718125 0.4921311475409836
0 0.17746093750000003 0.4968969555035129 0.165015625 0.19843091334894614
0 0.2573046875 0.4297540983606557 0.12717187500000002 0.3202107728337236
0 0.39956250000000004 0.4134894613583138 0.18440625 0.2966276346604215
0 0.060453124999999996 0.40737704918032785 0.11790624999999999 0.37583138173302105
0 0.0864140625 0.25836065573770495 0.086796875 0.17409836065573772
0 0.8370937500000001 0.22639344262295083 0.06343750000000001 0.10730679156908665
0 0.25045312500000005 0.2866393442622951 0.14931250000000001 0.2689227166276347
0 0.40405468750000006 0.5113934426229508 0.16942187500000003 0.15955503512880562
0 0.7787265625 0.4544379391100703 0.178453125 0.24072599531615926
0 0.5157656250000001 0.11909836065573771 0.06596875 0.0764168618266979
0 0.449640625 0.2422599531615925 0.09553125000000001 0.19318501170960187
