0 0.40328431372549023 0.8557026143790849 0.03006535947712418 0.10983660130718954
0 0.3001797385620915 0.7816176470588236 0.01343137254901961 0.044673202614379084
0 0.3853758169934641 0.8439379084967321 0.02784313725490196 0.12447712418300655
0 0.4598937908496732 0.8432434640522876 0.04397058823529412 0.050408496732026145
0 0.5484558823529413 0.8549346405228759 0.041388888888888885 0.10411764705882354
0 0.6243954248366013 0.816968954248366 0.018300653594771243 0.03968954248366013
0 0.6598529411764705 0.820343137254902 0.015294117647058823 0.05477124183006537
0 0.9251797385620916 0.8996568627450979 0.0711437908496732 0.09248366013071896
0 0.7658578431372549 0.7877124183006536 0.010212418300653595 0.04215686274509804
0 0.6350490196078431 0.8905392156862745 0.038790849673202614 0.09493464052287583
0 0.6417075163398692 0.8177287581699346 0.00968954248366013 0.03222222222222222
0 0.7377205882352941 0.7838562091503267 0.013774509803921569 0.027058823529411764
0 0.7170588235294119 0.7660539215686275 0.012973856209150328 0.03475490196078431
0 0.43218954248366015 0.8464052287581699 0.8643790849673203 0.2450980392156863
