0 0.22315000000000002 0.6636533333333333 0.1395 0.21488
0 0.18581 0.4391866666666667 0.047299999999999995 0.1036
0 0.43529999999999996 0.8367866666666667 0.03244 0.082
0 0.12786 0.728 0.06628 0.06170666666666667
0 0.6429100000000001 0.19062666666666667 0.04342 0.13368
0 0.6152199999999999 0.2607333333333333 0.03384 0.06695999999999999
0 0.55574 0.61588 0.04524 0.15554666666666667
0 0.53125 0.63776 0.03978 0.11578666666666666
0 0.50912 0.62176 0.02224 0.06917333333333334
0 0.6644300000000001 0.24896 0.0229 0.04090666666666667
0 0.29258999999999996 0.7592266666666666 0.0155 0.028319999999999998
0 0.68428 0.23429333333333333 0.05332 0.13162666666666667
