0 0.73337 0.4007313829787234 0.1243 0.22007978723404253
0 0.45188 0.3239893617021276 0.13488 0.26680851063829786
0 0.60564 0.603683510638298 0.36704000000000003 0.4959308510638298
0 0.6048800000000001 0.37714095744680853 0.12112 0.20917553191489363
0 0.8742 0.33180851063829786 0.03736 0.06957446808510638
0 0.19372 0.22973404255319146 0.13032 0.2576063829787234
0 0.8739 0.4089095744680851 0.12980000000000003 0.18962765957446806
0 0.79691 0.3655585106382978 0.07222 0.1498936170212766
0 0.06649 0.20498670212765957 0.1221 0.28071808510638296
0 0.24736 0.21164893617021274 0.06032 0.11638297872340425
0 0.27615 0.22374999999999998 0.05906 0.11803191489361703
0 0.5567099999999999 0.29853723404255317 0.06781999999999999 0.18430851063829787
0 0.6549300000000001 0.31444148936170213 0.07622 0.2322872340425532
0 0.551 0.3457446808510638 0.894 0.5053191489361702
