0 0.3842890625 0.46313817330210777 0.234421875 0.8436065573770493
0 0.5106015625 0.5209133489461358 0.19282812500000002 0.6912412177985949
0 0.7416171875 0.27183840749414523 0.018203125 0.027283372365339578
0 0.6712265625 0.3290749414519906 0.067953125 0.16807962529274004
0 0.9676015625000001 0.40149882903981265 0.048328125 0.18964871194379393
0 0.8505546875000001 0.42289227166276344 0.083203125 0.3217096018735363
0 0.2236484375 0.255 0.09889062500000001 0.3270023419203747
0 0.6919296875000001 0.4719086651053864 0.151421875 0.3820374707259953
0 0.7774140625000001 0.4042740046838407 0.09007812500000001 0.3105152224824356
0 0.5129453125 0.23663934426229505 0.039671875 0.08873536299765808
0 0.8988046875000001 0.40007025761124126 0.07810937500000001 0.2992974238875878
