0 0.7246484375 0.3485362997658079 0.140109375 0.33210772833723656
0 0.428046875 0.2988758782201405 0.1214375 0.2696487119437939
0 0.15270312500000002 0.24510538641686183 0.058062499999999996 0.20454332552693208
0 0.14225 0.7137822014051521 0.07628125000000001 0.32742388758782204
0 0.9632812500000001 0.837072599531616 0.0734375 0.30337236533957845
0 0.9339765625 0.49339578454332556 0.048015625000000006 0.06983606557377049
0 0.880109375 0.5026463700234192 0.035687500000000004 0.0526463700234192
0 0.963265625 0.46402810304449643 0.021531250000000002 0.08388758782201405
0 0.8687421875000001 0.4613348946135832 0.034546875 0.08754098360655738
0 0.9417499999999999 0.4365456674473068 0.03878125 0.06789227166276346
0 0.9675312500000001 0.34453161592505854 0.03896875 0.06550351288056205
