0 0.6072578125 0.5602493074792244 0.7851093750000001 0.8795013850415513
0 0.1074765625 0.7662326869806094 0.211578125 0.24166204986149584
0 0.169046875 0.7366759002770084 0.05878125 0.12149584487534626
0 0.260734375 0.803628808864266 0.12934375 0.1953462603878116
0 0.1163828125 0.7016481994459833 0.057796875000000004 0.08362880886426594
0 0.08384375 0.6664127423822716 0.02915625 0.07022160664819944
0 0.12025 0.6470637119113574 0.0199375 0.029806094182825486
0 0.17632031250000002 0.6500554016620498 0.040828125 0.05390581717451524
0 0.15128125000000003 0.6713296398891967 0.02459375 0.03379501385041551
0 0.2830390625 0.7651800554016619 0.055328125 0.08077562326869805
0 0.8753906250000001 0.3429085872576177 0.01346875 0.02321329639889197
0 0.9276171875000001 0.3219667590027701 0.005328125 0.008753462603878116
0 0.9486328125000001 0.7982132963988919 0.102734375 0.3257894736842105
0 0.49921875000000004 0.4986149584487535 0.9984375000000001 0.997229916897507
