0 0.5305468750000001 0.2540941176470588 0.04509375 0.09110588235294116
0 0.6139375 0.22057647058823526 0.0310625 0.060682352941176465
0 0.6629921875 0.23209411764705878 0.037640625000000004 0.09077647058823528
0 0.4896640625 0.3362941176470588 0.040484375 0.094
0 0.5796796875 0.40022352941176464 0.042765625 0.11395294117647058
0 0.6073125 0.32244705882352936 0.0471875 0.08569411764705882
0 0.536734375 0.47717647058823526 0.064875 0.13303529411764706
0 0.6983046875 0.6099176470588236 0.23054687500000004 0.6583764705882352
0 0.4073593750000001 0.5584352941176469 0.08546875000000001 0.13757647058823527
0 0.409015625 0.21923529411764706 0.02096875 0.06496470588235294
0 0.691671875 0.27303529411764704 0.046250000000000006 0.06517647058823528
0 0.305109375 0.37334117647058823 0.04553125 0.09821176470588235
0 0.6527578125 0.3508117647058823 0.043171875 0.08642352941176469
0 0.5 0.32352941176470584 0.9968750000000001 0.6470588235294117
