0 0.5449921875 0.32527083333333334 0.169015625 0.6505416666666667
0 0.4514921875 0.19833333333333333 0.062109375 0.3047916666666667
0 0.27429687500000005 0.32803124999999994 0.09340625000000001 0.4091875
0 0.22455468749999996 0.37152083333333336 0.042328125 0.07408333333333333
0 0.18410937500000002 0.36201041666666667 0.031906250000000004 0.12664583333333332
0 0.112921875 0.34975 0.029281249999999998 0.08783333333333332
0 0.173984375 0.4341041666666667 0.030125000000000002 0.06654166666666667
0 0.929546875 0.3015625 0.050875000000000004 0.211125
0 0.061140625 0.39473958333333337 0.04671875 0.16010416666666666
0 0.9624765625 0.2912708333333333 0.044015625 0.22645833333333334
0 0.13593750000000002 0.3627708333333333 0.01959375 0.103375
0 0.16215625 0.37944791666666666 0.03284375 0.13822916666666665
0 0.8769921875 0.31499999999999995 0.05510937500000001 0.166625
0 0.4265625 0.346875 0.8500000000000001 0.2520833333333333
