0 0.02396875 0.503056206088993 0.02121875 0.043208430913348944
0 0.36524218750000004 0.4653981264637002 0.020421875000000003 0.03496487119437939
0 0.10152343750000002 0.5045081967213115 0.034671875000000005 0.04414519906323185
0 0.1418359375 0.5069320843091335 0.033203125 0.042716627634660415
0 0.1800546875 0.5067798594847774 0.034359375 0.0422248243559719
0 0.2580234375 0.5061709601873536 0.030671875 0.04498829039812646
0 0.289421875 0.47737704918032786 0.032218750000000004 0.03016393442622951
0 0.19918750000000002 0.47626463700234195 0.02121875 0.03028103044496487
0 0.426125 0.4745433255269321 0.037375000000000005 0.030679156908665104
0 0.463484375 0.4780679156908665 0.0213125 0.022131147540983605
0 0.22516406249999998 0.4771194379391101 0.035265625 0.029648711943793912
0 0.15817187500000002 0.4739344262295082 0.038187500000000006 0.032177985948477754
0 0.6481015625000001 0.440152224824356 0.015359375000000001 0.026721311475409838
0 0.41718750000000004 0.4496487119437939 0.7250000000000001 0.17330210772833723
