0 0.24960937500000002 0.3706566820276498 0.04496875 0.18979262672811062
0 0.12684375 0.4384447004608295 0.053062500000000005 0.22495391705069123
0 0.2023671875 0.41003456221198153 0.05170312500000001 0.21288018433179723
0 0.31043750000000003 0.3515322580645161 0.05390625 0.16255760368663594
0 0.6851953125 0.08702764976958524 0.016265625000000002 0.06580645161290322
0 0.8984296875000001 0.812200460829493 0.101890625 0.3376728110599079
0 0.7953671875 0.7415207373271889 0.09964062500000001 0.31290322580645163
0 0.032 0.5337096774193548 0.064 0.25843317972350227
0 0.5741718750000001 0.9312557603686635 0.09565625 0.13748847926267282
0 0.69940625 0.8579838709677419 0.09846875000000001 0.21555299539170505
0 0.6770078125 0.8989861751152074 0.09651562500000001 0.19866359447004608
0 0.790328125 0.9470506912442397 0.07934375 0.10589861751152074
0 0.582203125 0.8515092165898617 0.06440625 0.1502073732718894
0 0.41718750000000004 0.5 0.7781250000000001 0.9953917050691244
