0 0.4341953125 0.5287291666666667 0.212015625 0.46658333333333335
0 0.6309453125000001 0.37815624999999997 0.12370312500000001 0.23922916666666666
0 0.692859375 0.541375 0.14215625 0.2749166666666667
0 0.74915625 0.3887604166666667 0.08259375000000001 0.24268749999999997
0 0.81921875 0.49357291666666664 0.11403125000000001 0.20577083333333332
0 0.39296875000000003 0.3225625 0.023531250000000004 0.10983333333333332
0 0.24625 0.43198958333333337 0.014000000000000002 0.0746875
0 0.7496953125000001 0.21320833333333333 0.029734375000000004 0.04854166666666667
0 0.5471718750000001 0.4685729166666666 0.14071875 0.24402083333333333
0 0.7310937500000001 0.21582291666666667 0.009281250000000001 0.06235416666666666
