0 0.9293828125 0.6161646586345382 0.10317187500000001 0.28538152610441764
0 0.674859375 0.34377510040160636 0.040343750000000005 0.11248995983935743
0 0.8750703125000001 0.4457831325301204 0.031921875 0.11285140562248995
0 0.1 0.5975602409638553 0.017 0.06447791164658634
0 0.7205390625 0.3571385542168674 0.10729687500000001 0.1349196787148594
0 0.3172109375 0.41943775100401604 0.073546875 0.09831325301204819
0 0.8071171874999999 0.5507128514056224 0.046390625000000005 0.1192168674698795
0 0.4530937500000001 0.35868473895582326 0.0898125 0.06162650602409638
0 0.127421875 0.6008835341365462 0.0196875 0.07140562248995984
0 0.8516796874999999 0.4809236947791164 0.022828125 0.044979919678714855
0 0.195609375 0.5971686746987951 0.0188125 0.07943775100401607
0 0.5137421875 0.3474598393574297 0.063921875 0.14182730923694778
0 0.026414062500000002 0.5751305220883534 0.031296875 0.07853413654618473
0 0.49765625 0.5552208835341365 0.8328125000000001 0.15863453815261042
