0 0.6133203125 0.8943764705882352 0.014921875000000001 0.044941176470588234
0 0.6900703125000001 0.8940235294117647 0.021203125000000003 0.034070588235294116
0 0.6544765625000001 0.7973882352941177 0.012484375 0.05397647058823529
0 0.675953125 0.8113294117647059 0.01109375 0.04967058823529411
0 0.30864843750000004 0.7539764705882352 0.014828125000000001 0.02752941176470588
0 0.06176562499999999 0.7511294117647058 0.0134375 0.04239999999999999
0 0.739640625 0.811035294117647 0.01053125 0.02277647058823529
0 0.302328125 0.7044117647058823 0.014374999999999999 0.02021176470588235
0 0.21742968750000002 0.7934941176470588 0.012703125000000003 0.028588235294117647
0 0.2846718750000001 0.7041411764705882 0.01040625 0.02084705882352941
0 0.6690390625 0.7640941176470588 0.010421875 0.04997647058823529
0 0.7273515625 0.8948235294117646 0.024234375000000002 0.0416
0 0.35625 0.7717647058823529 0.690625 0.08470588235294117
