0 0.42585937500000004 0.6747572815533981 0.02634375 0.13093851132686085
0 0.451265625 0.6769255663430421 0.024125 0.0833009708737864
0 0.47971874999999997 0.6789320388349516 0.03396875 0.13747572815533982
0 0.5325937500000001 0.667799352750809 0.033781250000000006 0.1049190938511327
0 0.5460390625 0.6838673139158576 0.037984375 0.15220064724919094
0 0.7180546875 0.677653721682848 0.045484375 0.2123948220064725
0 0.9811874999999999 0.7550485436893204 0.037625 0.21572815533980583
0 0.61215625 0.685695792880259 0.04553125 0.17838187702265373
0 0.8007421875 0.6771359223300971 0.055234375 0.18779935275080908
0 0.8447109374999999 0.730906148867314 0.066203125 0.2487378640776699
0 0.37943750000000004 0.6856148867313917 0.03690625 0.11867313915857607
0 0.21785156250000004 0.6278155339805825 0.007109375 0.030582524271844658
0 0.52178125 0.6544983818770226 0.02009375 0.10666666666666667
0 0.26015625000000003 0.6585760517799353 0.2578125 0.14563106796116507
