0 0.7449765625000001 0.439344262295082 0.095671875 0.12566744730679155
0 0.0849765625 0.49338407494145203 0.103984375 0.5637704918032787
0 0.27661718750000003 0.181440281030445 0.04876562500000001 0.08845433255269322
0 0.398515625 0.13418032786885245 0.062125 0.1316393442622951
0 0.38209375 0.6462763466042154 0.27137500000000003 0.7074473067915691
0 0.8479921875 0.4579976580796253 0.09260937500000001 0.11585480093676814
0 0.9738125000000001 0.4380444964871194 0.052375000000000005 0.15032786885245902
0 0.9821796875000001 0.28059718969555036 0.035640625 0.10798594847775175
0 0.018351562499999998 0.14526932084309133 0.033765625 0.11807962529274005
0 0.8234765625 0.24689695550351287 0.10292187500000001 0.14807962529274005
0 0.769328125 0.312751756440281 0.08790625 0.1693911007025761
0 0.85546875 0.17625292740046836 0.0743125 0.17662763466042156
0 0.21171093750000003 0.19327868852459015 0.046296875 0.0882903981264637
0 0.49921875000000004 0.49414519906323184 0.9984375000000001 0.9882903981264637
