0 0.4949648711943794 0.2062890625 0.17152224824355972 0.109546875
0 0.8718149882903983 0.6714765625000001 0.022693208430913346 0.018390625
0 0.9156440281030446 0.6697812500000001 0.015269320843091334 0.0163125
0 0.39711943793911003 0.7250468750000001 0.030304449648711942 0.048593750000000005
0 0.23449648711943794 0.8186328125 0.04028103044496487 0.028171875000000002
0 0.180152224824356 0.8218203125000001 0.01637002341920375 0.017234375
0 0.07285714285714286 0.7284453125 0.029086651053864168 0.031046875
0 0.24115925058548007 0.735765625 0.01838407494145199 0.0335625
0 0.42213114754098363 0.72859375 0.025573770491803278 0.052062500000000005
0 0.5175761124121779 0.759765625 0.02981264637002342 0.05871875
0 0.9350936768149882 0.6562187500000001 0.025784543325526932 0.0318125
0 0.81307962529274 0.667015625 0.03941451990632318 0.035625000000000004
0 0.40046838407494145 0.45703125 0.5526932084309133 0.6921875000000001
