0 0.34958163265306125 0.2782172131147541 0.24953061224489798 0.48532786885245904
0 0.8771836734693879 0.19726434426229508 0.12636734693877552 0.21010245901639346
0 0.6700612244897961 0.165 0.08946938775510206 0.12524590163934426
0 0.8120408163265307 0.16548155737704917 0.044000000000000004 0.08284836065573771
0 0.9231224489795921 0.171875 0.052489795918367346 0.07276639344262295
0 0.1333061224489796 0.18192622950819673 0.13648979591836735 0.15020491803278688
0 0.4171836734693878 0.16555327868852457 0.07808163265306123 0.2875409836065574
0 0.09723469387755102 0.1868237704918033 0.08120408163265307 0.14405737704918034
0 0.8368775510204082 0.14130122950819674 0.023551020408163266 0.03670081967213115
0 0.03786734693877551 0.18026639344262296 0.06516326530612246 0.13344262295081968
