0 0.27497 0.9684799999999998 0.032380000000000006 0.06149333333333333
0 0.39625 0.9853599999999999 0.03198 0.02928
0 0.35312 0.9281333333333334 0.01428 0.04053333333333333
0 0.85988 0.9610533333333332 0.01676 0.058320000000000004
0 0.30190000000000006 0.9737466666666668 0.055200000000000006 0.05250666666666667
0 0.9240499999999999 0.9608399999999999 0.01086 0.017893333333333334
0 0.71515 0.94864 0.01234 0.052586666666666664
0 0.1242 0.9155066666666666 0.0158 0.04839999999999999
0 0.9695 0.9187066666666666 0.0056 0.023493333333333335
0 0.84267 0.96912 0.02198 0.05136
0 0.82478 0.9506666666666667 0.010119999999999999 0.038560000000000004
0 0.77148 0.9572799999999999 0.00868 0.03941333333333333
0 0.0578 0.9628266666666666 0.06731999999999999 0.07434666666666666
0 0.5 0.9173333333333333 0.996 0.11733333333333333
