0 0.7451953125 0.4013333333333334 0.081796875 0.44233333333333336
0 0.6658984375 0.4287222222222222 0.099296875 0.43183333333333335
0 0.43414843750000004 0.27255555555555555 0.12835937500000003 0.28411111111111115
0 0.8499218749999999 0.340625 0.02975 0.19725
0 0.8023828125 0.30823611111111116 0.022296875 0.16225
0 0.9031796875 0.3414027777777778 0.026140625 0.19747222222222224
0 0.93303125 0.286 0.012125 0.04505555555555556
0 0.8696171874999999 0.3420138888888889 0.032796874999999996 0.18619444444444447
0 0.10187500000000001 0.292625 0.030468750000000003 0.13291666666666668
0 0.49446875000000007 0.24231944444444442 0.023156250000000003 0.10152777777777777
0 0.832390625 0.2673333333333333 0.019625000000000004 0.08361111111111112
0 0.7780156250000001 0.3066111111111111 0.02140625 0.15894444444444444
