0 0.9030390625 0.9276760563380282 0.111453125 0.14464788732394365
0 0.7052265625 0.9785798122065728 0.029265625000000003 0.04255868544600939
0 0.7437031250000001 0.9820539906103286 0.02784375 0.03589201877934272
0 0.4326796875000001 0.9819014084507043 0.014390625000000002 0.03539906103286385
0 0.5416640625 0.9824295774647888 0.018796875 0.03514084507042254
0 0.029890625 0.9785093896713615 0.0500625 0.04298122065727699
0 0.7748906249999999 0.9756220657276996 0.022343750000000002 0.04870892018779343
0 0.6463281250000001 0.9819483568075118 0.025687500000000002 0.034976525821596244
0 0.6145312500000001 0.9833920187793427 0.0236875 0.03063380281690141
0 0.5604140625 0.9807276995305164 0.024828125000000003 0.03854460093896714
0 0.9790312500000001 0.9872183098591549 0.0119375 0.024671361502347416
0 0.38882031250000004 0.9812323943661972 0.033671875000000004 0.03753521126760564
0 0.36671093750000006 0.9863497652582159 0.017140625000000003 0.02730046948356808
0 0.4109375 0.9823943661971831 0.5625 0.03051643192488263
