0 0.3193046875 0.5371678321678321 0.30948437500000003 0.7342424242424243
0 0.64478125 0.484965034965035 0.12915625 0.3677855477855478
0 0.11522656250000002 0.39551282051282055 0.055734375 0.35055944055944055
0 0.5721875 0.3803146853146853 0.032968750000000005 0.17321678321678322
0 0.5428671875000001 0.4106526806526807 0.040140625000000006 0.1468065268065268
0 0.4040234375 0.3843939393939394 0.032796874999999996 0.23965034965034965
0 0.379921875 0.36139860139860136 0.030343750000000003 0.1654079254079254
0 0.9206874999999999 0.35735431235431236 0.03025 0.1371794871794872
0 0.8940390625 0.34927738927738927 0.026640625 0.1234032634032634
0 0.7401875000000001 0.34294871794871795 0.019500000000000003 0.06692307692307692
0 0.6233671875 0.3336247086247086 0.029078125 0.07386946386946387
0 0.5661484375 0.3152797202797203 0.015859375000000002 0.04468531468531469
0 0.42242968750000004 0.3862470862470862 0.040609375 0.22703962703962705
0 0.48203125 0.41025641025641024 0.9640625 0.32167832167832167
