0 0.58623 0.573018018018018 0.08958 0.6573273273273272
0 0.39585000000000004 0.3536036036036036 0.028820000000000002 0.08888888888888889
0 0.34979999999999994 0.26779279279279283 0.0088 0.0512012012012012
0 0.42176 0.28087087087087087 0.0274 0.07405405405405405
0 0.46083999999999997 0.31905405405405407 0.033 0.03978978978978979
0 0.78271 0.37117117117117115 0.05794 0.06084084084084084
0 0.3225 0.3255255255255255 0.02648 0.16564564564564563
0 0.35523999999999994 0.2618918918918919 0.00592 0.0415015015015015
0 0.38928999999999997 0.26555555555555554 0.00766 0.04
0 0.50458 0.3224174174174174 0.022920000000000003 0.05192192192192192
0 0.03272 0.6075525525525526 0.06544 0.3636936936936937
0 0.04305 0.38117117117117116 0.08186 0.18624624624624625
0 0.72628 0.393033033033033 0.05596 0.12126126126126127
0 0.9420000000000001 0.33933933933933935 0.06 0.17417417417417416
