0 0.42011718750000004 0.47420131291028444 0.08442187500000001 0.22424507658643325
0 0.412234375 0.4689715536105033 0.11059375 0.21781181619256018
0 0.31932031250000004 0.46516411378555794 0.141203125 0.2516849015317286
0 0.21462499999999998 0.47363238512035005 0.12390625 0.29177242888402627
0 0.10800000000000001 0.46985776805251644 0.1050625 0.2787964989059081
0 0.1850546875 0.3782275711159737 0.034046875 0.07321663019693654
0 0.9530468750000001 0.35278993435448575 0.0244375 0.04304157549234136
0 0.0343671875 0.3871225382932166 0.034203125 0.07687089715536105
0 0.008203125 0.3413566739606127 0.0155 0.04967177242888402
0 0.9595781250000001 0.4112800875273523 0.0335625 0.07713347921225383
0 0.51803125 0.4831291028446389 0.08259375000000001 0.29623632385120346
0 0.043265625 0.35803063457330414 0.029843750000000002 0.07571115973741795
