0 0.572625 0.5844791666666667 0.07828125000000001 0.15933333333333333
0 0.2313671875 0.8170729166666666 0.213078125 0.3658541666666667
0 0.47478125000000004 0.4970520833333333 0.03671875 0.12218749999999999
0 0.5634375 0.4752083333333334 0.04434375 0.063625
0 0.650078125 0.4875208333333333 0.03503125000000001 0.09933333333333333
0 0.7371015625 0.48321875 0.037765625000000004 0.09260416666666667
0 0.583984375 0.67940625 0.1028125 0.18652083333333333
0 0.9121640625 0.7725208333333333 0.067578125 0.34458333333333335
0 0.8195625 0.6927395833333333 0.1101875 0.23602083333333335
0 0.5931171875000001 0.48858333333333337 0.029296875 0.041666666666666664
0 0.7251171875000001 0.6601041666666667 0.056734375000000004 0.26529166666666665
0 0.873234375 0.46325 0.023000000000000003 0.051291666666666666
0 0.793765625 0.44390625 0.031781250000000004 0.05035416666666667
0 0.5007812500000001 0.5104166666666666 0.9828125000000001 0.5791666666666666
