0 0.8374609375000001 0.5459785202863962 0.08842187500000001 0.3983532219570406
0 0.28250781249999996 0.5193794749403342 0.07923437500000001 0.36501193317422437
0 0.43697656250000005 0.49751789976133654 0.05014062500000001 0.3678281622911695
0 0.6147109374999999 0.5030071599045346 0.057328125 0.3566109785202864
0 0.11221874999999999 0.5021718377088306 0.078125 0.40735083532219574
0 0.9551484375 0.5509546539379475 0.064578125 0.3558949880668258
0 0.17734375000000002 0.5531742243436755 0.0936875 0.5022434367541766
0 0.32240625 0.5517064439140812 0.08815625 0.4628878281622912
0 0.48717968750000007 0.5572792362768497 0.083953125 0.4338424821002387
0 0.66340625 0.5497971360381863 0.076625 0.39420047732696895
0 0.8761249999999999 0.5078520286396181 0.05521875000000001 0.3329355608591886
0 0.9190703125000002 0.5777326968973747 0.024609375000000003 0.2729832935560859
