0 0.46023437500000003 0.3010655737704918 0.11953125 0.23023419203747073
0 0.27625781250000003 0.6487236533957845 0.040109375 0.24044496487119438
0 0.2032421875 0.6485948477751756 0.040984375 0.24571428571428572
0 0.23928125 0.6542740046838408 0.037125000000000005 0.23473067915690868
0 0.16659374999999998 0.6499648711943794 0.0469375 0.2607728337236534
0 0.13321875000000002 0.6611241217798595 0.0401875 0.2452927400468384
0 0.0494765625 0.6685362997658081 0.041984375000000004 0.25393442622950824
0 0.0971015625 0.6551873536299766 0.047640625 0.27173302107728337
0 0.0165859375 0.68192037470726 0.033171875 0.2496487119437939
0 0.22928125 0.5615456674473068 0.018093750000000002 0.06501170960187354
0 0.29428125 0.5613817330210773 0.0143125 0.039672131147540986
0 0.3034375 0.537423887587822 0.009937500000000002 0.026276346604215458
0 0.96571875 0.6379742388758782 0.026625 0.12639344262295082
0 0.49843750000000003 0.5913348946135831 0.99375 0.4426229508196721
