0 0.5575781249999999 0.576910480349345 0.8455937499999999 0.84617903930131
0 0.8117421875 0.18284934497816593 0.101765625 0.2686244541484716
0 0.7198515625 0.20882096069868997 0.09939062500000001 0.28074235807860265
0 0.7035625000000001 0.0743122270742358 0.10775 0.14831877729257642
0 0.24759375000000003 0.15686681222707421 0.09100000000000001 0.19661572052401746
0 0.06619531249999999 0.11198689956331878 0.066359375 0.11624454148471615
0 0.88928125 0.06775109170305676 0.097375 0.13550218340611353
0 0.4308515625 0.11115720524017465 0.103609375 0.13890829694323142
0 0.6170937500000001 0.18698689956331876 0.08896875 0.2093886462882096
0 0.533328125 0.18490174672489082 0.08750000000000001 0.22836244541484715
0 0.6016484375000001 0.07267467248908296 0.083578125 0.14534934497816593
0 0.32912500000000006 0.15528384279475982 0.076625 0.15812227074235807
