0 0.032046874999999996 0.9437119437939111 0.058499999999999996 0.11257611241217799
0 0.7900625 0.9737587822014051 0.028281250000000004 0.052482435597189694
0 0.6668515625000001 0.9777985948477753 0.017515625000000003 0.04318501170960188
0 0.6419296875 0.9792505854800937 0.018421875 0.04149882903981264
0 0.111234375 0.9695199063231851 0.0324375 0.06096018735362998
0 0.69459375 0.9800702576112412 0.026625 0.039859484777517565
0 0.68171875 0.9794730679156909 0.01015625 0.04105386416861827
0 0.251875 0.9813114754098362 0.0221875 0.03737704918032787
0 0.2010234375 0.9805386416861827 0.028828125 0.03892271662763466
0 0.21688281250000002 0.9855971896955503 0.014359375 0.0288056206088993
0 0.3245859375 0.9834777517564403 0.015140625 0.033044496487119435
