0 0.599921875 0.5146063829787234 0.0479375 0.2322340425531915
0 0.7078515625 0.5015531914893617 0.018046875 0.08829787234042553
0 0.68790625 0.4982978723404255 0.01746875 0.096
0 0.17465625 0.4608829787234042 0.02321875 0.09551063829787235
0 0.24094531249999998 0.4803404255319149 0.029703125000000004 0.1415744680851064
0 0.63428125 0.49427659574468086 0.01659375 0.09744680851063829
0 0.46375000000000005 0.5035638297872341 0.026812500000000003 0.14091489361702128
0 0.0871796875 0.43269148936170215 0.024703125000000003 0.04678723404255319
0 0.2909453125 0.48973404255319153 0.035078125 0.11712765957446808
0 0.4442890625 0.5005425531914893 0.039546875 0.15338297872340426
0 0.2669140625 0.4887340425531915 0.025390625 0.12623404255319148
0 0.21366406250000003 0.4871382978723404 0.031609375 0.1113404255319149
0 0.29126562500000003 0.41856382978723405 0.0141875 0.03631914893617021
