0 0.7809150326797386 0.8110049019607843 0.1808823529411765 0.3497222222222222
0 0.3689052287581699 0.8170424836601307 0.08601307189542484 0.31810457516339874
0 0.5166748366013073 0.8144362745098039 0.07838235294117647 0.3158006535947713
0 0.8488725490196078 0.2931127450980392 0.23833333333333337 0.4025326797385621
0 0.6663398692810458 0.3330964052287582 0.1895424836601307 0.3237091503267974
0 0.5199428104575164 0.3349754901960784 0.13165032679738561 0.2589705882352941
0 0.4454575163398693 0.3134722222222222 0.10316993464052288 0.2425326797385621
0 0.6713398692810458 0.8006290849673203 0.08784313725490196 0.34383986928104576
0 0.7810212418300654 0.21802287581699348 0.08086601307189543 0.20784313725490197
0 0.26496732026143793 0.8363725490196079 0.0923529411764706 0.2828104575163399
0 0.606609477124183 0.24342320261437908 0.08563725490196078 0.15599673202614378
