0 0.39922916666666663 0.5604453125000001 0.07708333333333334 0.099046875
0 0.1354375 0.5467890625 0.04 0.09545312500000001
0 0.2685625 0.559484375 0.042124999999999996 0.08940625
0 0.32665625 0.5529453125 0.0320625 0.07935937500000001
0 0.43465624999999997 0.5336328124999999 0.0344375 0.045515625000000004
0 0.22716666666666668 0.5349140625000001 0.020374999999999997 0.049359375000000004
0 0.34746875 0.5473281249999999 0.025062499999999998 0.08031250000000001
0 0.1703020833333333 0.55225 0.0321875 0.08884375
0 0.45521875000000006 0.5245624999999999 0.019354166666666665 0.020375
0 0.37817708333333333 0.5242187500000001 0.0463125 0.05621875
