0 0.0742109375 0.7669895833333332 0.030421875 0.09618750000000001
0 0.2286796875 0.7646979166666666 0.019078125 0.059520833333333335
0 0.29324999999999996 0.7806979166666667 0.017125 0.0673125
0 0.35729687500000007 0.7791770833333334 0.0155 0.05485416666666666
0 0.6677578125000001 0.8450104166666667 0.023234375 0.09389583333333333
0 0.8206796875000001 0.8321354166666667 0.012609375 0.0406875
0 0.7536171875000001 0.8180208333333333 0.025609375000000004 0.06104166666666667
0 0.385625 0.8070104166666666 0.0185 0.04964583333333333
0 0.6501171875 0.84246875 0.015984375000000002 0.08414583333333334
0 0.74171875 0.8108749999999999 0.011500000000000002 0.051083333333333335
0 0.7926328125000001 0.8379999999999999 0.013265625000000001 0.04670833333333334
0 0.04627343750000001 0.7757708333333333 0.026140625 0.13229166666666667
0 0.1267734375 0.6774479166666667 0.009390625 0.0268125
0 0.49843750000000003 0.68125 0.9906250000000001 0.325
