0 0.9321093750000001 0.5043472222222223 0.13578125000000002 0.43825000000000003
0 0.8093125000000001 0.4183611111111112 0.13903125000000002 0.2970555555555556
0 0.7772265625 0.3274722222222222 0.039921875 0.091
0 0.1333984375 0.3244722222222222 0.045390625000000004 0.13616666666666669
0 0.23664843750000003 0.3232222222222223 0.082046875 0.17183333333333334
0 0.8755703125000001 0.305 0.040140625000000006 0.05877777777777778
0 0.575671875 0.5204861111111111 0.12990625 0.42969444444444443
0 0.1713828125 0.3900416666666667 0.052515625 0.18675000000000003
0 0.31960937500000003 0.5588194444444445 0.14584375000000002 0.5991944444444445
0 0.6401640625 0.42540277777777774 0.089609375 0.2556388888888889
0 0.0663984375 0.3637777777777778 0.132796875 0.2637777777777778
