0 0.3809976525821597 0.8222578125000001 0.04077464788732395 0.08626562500000001
0 0.5628873239436619 0.7758281250000001 0.01539906103286385 0.0193125
0 0.9643427230046948 0.7594062500000001 0.005446009389671361 0.0043749999999999995
0 0.528661971830986 0.8186640625000001 0.03957746478873239 0.086953125
0 0.2610211267605634 0.822 0.04894366197183099 0.08571875000000001
0 0.571255868544601 0.8165546875 0.04335680751173709 0.092640625
0 0.3209037558685446 0.8193125000000001 0.03654929577464789 0.08840625
0 0.47122065727699525 0.82040625 0.04347417840375587 0.08671875000000001
0 0.6305985915492958 0.8155859375000001 0.047816901408450706 0.091265625
0 0.4172769953051644 0.8202578125000001 0.044976525821596246 0.091234375
0 0.20460093896713616 0.8224375 0.04422535211267606 0.09209375
0 0.9070539906103288 0.784234375 0.018708920187793427 0.027812500000000004
0 0.8485915492957746 0.7835937500000001 0.1056338028169014 0.0390625
