0 0.39789843750000004 0.5231358885017421 0.220921875 0.7017073170731707
0 0.6714218750000001 0.3462979094076655 0.10371875 0.278205574912892
0 0.8264531250000001 0.24168989547038325 0.02796875 0.06815331010452962
0 0.6374140625 0.3310365853658536 0.070046875 0.2855574912891986
0 0.7326484375 0.37522648083623694 0.06348437500000001 0.20034843205574912
0 0.7225859375 0.2217595818815331 0.022921875 0.040452961672473864
0 0.5965781250000001 0.5455574912891986 0.18400000000000002 0.3805574912891986
0 0.7235156250000001 0.2662369337979094 0.01715625 0.032055749128919855
0 0.735859375 0.24054878048780487 0.023531250000000004 0.07486062717770034
0 0.560328125 0.3102439024390244 0.10300000000000001 0.2707317073170732
0 0.2684609375 0.4198344947735192 0.155984375 0.2608885017421603
