0 0.5725878220140516 0.5 0.5388992974238876 0.6000000000000001
0 0.796639344262295 0.22957812500000002 0.03814988290398126 0.04390625000000001
0 0.7763583138173302 0.1965859375 0.05346604215456674 0.050546875000000005
0 0.6646252927400469 0.1633515625 0.0991334894613583 0.106671875
0 0.533103044496487 0.24001562500000004 0.08761124121779859 0.080125
0 0.37721311475409836 0.22367187500000002 0.06430913348946136 0.05625
0 0.053372365339578454 0.14683593749999999 0.07999999999999999 0.081546875
0 0.9028337236533958 0.26521875 0.07447306791569087 0.0521875
0 0.3215690866510539 0.217875 0.05306791569086651 0.04803125
0 0.1418384074941452 0.22917187500000002 0.08915690866510538 0.07750000000000001
0 0.08298594847775176 0.2100234375 0.07238875878220141 0.051484375000000006
0 0.8342857142857143 0.2617734375 0.1318032786885246 0.063859375
0 0.04128805620608899 0.19580468750000002 0.047587822014051526 0.034234375000000004
0 0.49882903981264637 0.14765625000000002 0.9976580796252927 0.29531250000000003
