0 0.5668671875000001 0.24727350427350428 0.487296875 0.33652991452991454
0 0.3117578125 0.4370769230769231 0.051484375000000006 0.08064957264957265
0 0.7498125 0.4634615384615385 0.025531250000000002 0.057111111111111106
0 0.1701484375 0.4286923076923077 0.05957812500000001 0.0922905982905983
0 0.020171875000000002 0.41691452991452993 0.040343750000000005 0.0872991452991453
0 0.5871875000000001 0.4451452991452991 0.026781250000000003 0.09176068376068376
0 0.7117031250000001 0.4517692307692307 0.026968750000000003 0.08323076923076923
0 0.90590625 0.46476923076923077 0.02790625 0.08547008547008547
0 0.11421875000000002 0.4234358974358974 0.041875 0.08454700854700854
0 0.8659921875000001 0.47108547008547 0.031453125 0.05861538461538461
0 0.2316796875 0.4327948717948718 0.044046875000000006 0.08442735042735043
0 0.9629296875000002 0.47896581196581195 0.032640625 0.059435897435897445
