0 0.38275781249999996 0.448876582278481 0.007078125000000001 0.0189873417721519
0 0.27642187500000004 0.45045886075949365 0.00659375 0.013892405063291138
0 0.71065625 0.5135601265822785 0.027875 0.03509493670886076
0 0.522203125 0.495245253164557 0.013156250000000001 0.016882911392405064
0 0.9152421875000001 0.4694224683544304 0.029671875 0.04185126582278481
0 0.5030468750000001 0.49615506329113923 0.034499999999999996 0.03142405063291139
0 0.54078125 0.47185917721518994 0.00653125 0.012231012658227848
0 0.5038984375000001 0.45753955696202525 0.005234375 0.018275316455696203
0 0.6812890625 0.4602373417721519 0.018015625 0.014493670886075949
0 0.778171875 0.4854905063291139 0.0084375 0.014240506329113924
0 0.4816796875 0.45109968354430374 0.005078125 0.013275316455696204
