0 0.6251484375 0.5581875000000001 0.14520312500000002 0.38475000000000004
0 0.6728671875000001 0.4491666666666667 0.09207812500000001 0.170375
0 0.836796875 0.60675 0.21740625 0.26966666666666667
0 0.893609375 0.45260416666666664 0.05190625 0.14554166666666665
0 0.259578125 0.37909374999999995 0.05128125 0.06152083333333334
0 0.22804687499999998 0.53828125 0.125 0.3175625
0 0.0979765625 0.6813020833333333 0.195953125 0.5180208333333334
0 0.15878906250000002 0.399625 0.070671875 0.12045833333333333
0 0.3152421875 0.43359375 0.12254687500000001 0.16939583333333333
0 0.030218750000000003 0.4722604166666667 0.060437500000000005 0.14510416666666667
0 0.9355625000000002 0.5289375 0.1025625 0.26375
