0 0.46584309133489465 0.5427890625 0.580632318501171 0.914421875
0 0.8610772833723652 0.460203125 0.13274004683840748 0.25484375
0 0.754016393442623 0.491625 0.13618266978922716 0.3471875
0 0.9746018735362998 0.43589843750000007 0.05079625292740047 0.239078125
0 0.92596018735363 0.4434765625 0.09243559718969555 0.249921875
0 0.29747072599531615 0.3291484375 0.11119437939110069 0.068640625
0 0.6795901639344263 0.33617968750000005 0.03370023419203747 0.033890625
0 0.8170374707259953 0.37925000000000003 0.04653395784543326 0.048656250000000005
0 0.77596018735363 0.34545312499999997 0.05201405152224824 0.060406249999999995
0 0.05348946135831382 0.368515625 0.10669789227166276 0.0895625
