0 0.6506328125 0.6082084309133489 0.131953125 0.3254098360655737
0 0.25936718750000004 0.5181381733021078 0.189359375 0.49004683840749413
0 0.8223671875000002 0.5134894613583137 0.09145312500000001 0.5011241217798594
0 0.672125 0.13100702576112414 0.10165625 0.2588758782201405
0 0.6321328125000001 0.14591334894613583 0.07342187500000001 0.20765807962529276
0 0.9061328125 0.14037470725995316 0.093140625 0.27540983606557373
0 0.22026562500000002 0.1070608899297424 0.07943750000000001 0.2141217798594848
0 0.5794765625 0.12359484777517564 0.10045312500000002 0.24269320843091333
0 0.0798515625 0.10152224824355972 0.07145312499999999 0.20304449648711945
0 0.33334375000000005 0.1143911007025761 0.10334375000000001 0.22058548009367682
0 0.7932578125 0.13190866510538643 0.070265625 0.26381733021077286
0 0.27971874999999996 0.11813817330210773 0.07346875000000001 0.18377049180327867
0 0.745109375 0.15172131147540982 0.05028125 0.21121779859484777
