0 0.34523000000000004 0.67937125748503 0.22018000000000001 0.61437125748503
0 0.08218 0.14642215568862274 0.08596 0.25961077844311375
0 0.70933 0.1565568862275449 0.08598 0.17550898203592816
0 0.60688 0.1060928143712575 0.0444 0.14326347305389223
0 0.8004100000000001 0.32982035928143716 0.25466 0.3604191616766467
0 0.84823 0.053952095808383234 0.0419 0.09197604790419162
0 0.7944 0.045943113772455094 0.03624 0.07248502994011977
0 0.50545 0.045089820359281434 0.046020000000000005 0.08353293413173653
0 0.56038 0.047934131736526955 0.04612 0.09586826347305391
0 0.15987 0.032589820359281436 0.06454000000000001 0.06517964071856287
0 0.75631 0.0369311377245509 0.046700000000000005 0.06715568862275449
0 0.82711 0.0430688622754491 0.02842 0.047155688622754495
0 0.89549 0.060299401197604796 0.0631 0.09203592814371257
0 0.517 0.04640718562874252 0.654 0.09281437125748504
