0 0.3168515625 0.5584296875000001 0.462921875 0.8561718750000001
0 0.33740625 0.0971328125 0.2013125 0.194265625
0 0.935953125 0.139328125 0.12809375 0.27415625000000005
0 0.6542890625000001 0.078515625 0.195703125 0.15703125
0 0.8480625 0.141828125 0.19434375 0.28365625
0 0.5108671875 0.056945312500000005 0.11692187500000001 0.11160937500000001
0 0.05128906250000001 0.104546875 0.10257812500000002 0.20909375
0 0.473625 0.093203125 0.2408125 0.18640625
0 0.75834375 0.09370312500000001 0.17071875000000003 0.16959375000000002
0 0.1866796875 0.10101562500000001 0.21810937500000002 0.19809375
