0 0.53371875 0.542791932059448 0.21878125000000004 0.4166666666666667
0 0.18834375 0.43883227176220807 0.13753125 0.43019108280254775
0 0.6732187500000001 0.5553609341825904 0.21065625 0.335307855626327
0 0.44781250000000006 0.5007430997876857 0.10146875 0.2164755838641189
0 0.3960078125 0.4312101910828025 0.042578125 0.11651804670912952
0 0.10042968750000002 0.5013694267515924 0.048953125 0.22443736730360933
0 0.0323203125 0.4898619957537155 0.061328125000000004 0.24324840764331207
0 0.4796171875 0.32458598726114646 0.06639062500000001 0.14386411889596604
0 0.6611250000000001 0.5026645435244161 0.0674375 0.20562632696390656
0 0.6078359375 0.4712208067940552 0.044390625 0.1556900212314225
0 0.40142187500000004 0.5712314225053079 0.12181249999999999 0.22246284501061572
