0 0.5603046875000001 0.27752545824847247 0.28964062500000004 0.34380855397148674
0 0.7556171875000001 0.21734215885947045 0.09307812500000001 0.3394908350305499
0 0.7218125 0.10930753564154784 0.05 0.16896130346232177
0 0.8336796875 0.2241649694501018 0.07029687500000001 0.35276985743380856
0 0.6307578125000001 0.14320773930753564 0.088390625 0.17101832993890018
0 0.68453125 0.18747454175152747 0.04503125 0.269979633401222
0 0.982859375 0.1330142566191446 0.0335 0.17054989816700608
0 0.8554609375000001 0.05253564154786151 0.034796875 0.049592668024439915
0 0.9418984374999999 0.24225050916496943 0.086453125 0.325274949083503
0 0.9043828125 0.18338085539714866 0.060609375 0.3187372708757637
0 0.7010000000000001 0.05893075356415478 0.0325 0.04661914460285132
