0 0.30653125000000003 0.371443661971831 0.0158125 0.05284037558685446
0 0.8481562500000002 0.3103286384976526 0.0128125 0.053098591549295776
0 0.17443750000000002 0.39173708920187794 0.018 0.07211267605633803
0 0.163265625 0.3902699530516432 0.013093750000000001 0.05955399061032864
0 0.146515625 0.39638497652582166 0.0136875 0.04929577464788733
0 0.1200234375 0.39647887323943665 0.018328125 0.06938967136150234
0 0.10533593749999999 0.3943661971830986 0.015640625000000002 0.07286384976525821
0 0.033953124999999994 0.41399061032863854 0.025093749999999998 0.06938967136150234
0 0.39453125 0.4581572769953052 0.13959375000000002 0.3778169014084507
0 0.6635312500000001 0.5319248826291081 0.261125 0.7235211267605635
