0 0.47704687500000004 0.6016354166666668 0.022906250000000003 0.05352083333333334
0 0.5083828125000001 0.5320625 0.007484375000000001 0.028083333333333335
0 0.6985625000000001 0.5184791666666666 0.0063750000000000005 0.008916666666666666
0 0.494609375 0.5361666666666667 0.004875000000000001 0.014791666666666667
0 0.46658593750000005 0.5365208333333333 0.011640625000000002 0.027499999999999997
0 0.507578125 0.5102708333333333 0.0039375 0.017416666666666664
0 0.3188515625 0.52934375 0.008578125 0.014979166666666667
0 0.5091328125000001 0.49172916666666666 0.0063593750000000004 0.025666666666666667
0 0.53171875 0.5282708333333334 0.00684375 0.025083333333333332
0 0.5122734375000001 0.5205624999999999 0.005671875 0.020625
0 0.558484375 0.5215416666666667 0.00996875 0.01575
0 0.46640625 0.5302083333333333 0.4765625 0.04791666666666666
