0 0.29296875 0.8175934579439252 0.08815625 0.36481308411214947
0 0.43571874999999993 0.68482476635514 0.0325 0.1400233644859813
0 0.172453125 0.7950467289719626 0.091875 0.37612149532710276
0 0.48072656249999995 0.6714369158878504 0.024453125000000003 0.09857476635514018
0 0.45717968750000004 0.665677570093458 0.013671875 0.09663551401869158
0 0.4958125 0.6591238317757009 0.0136875 0.08292056074766355
0 0.4148125 0.6895210280373831 0.0271875 0.08292056074766355
0 0.41211718750000004 0.641179906542056 0.018703125 0.06633177570093457
0 0.52253125 0.6579672897196261 0.02053125 0.03116822429906542
0 0.5039687500000001 0.6689369158878504 0.01146875 0.07044392523364486
