0 0.9191484375000001 0.90796875 0.031234374999999998 0.0721875
0 0.8883125000000001 0.919125 0.01528125 0.045625
0 0.7967890625000001 0.93959375 0.039171875 0.1208125
0 0.7582031250000001 0.9578958333333334 0.04259375000000001 0.08149999999999999
0 0.6909296875000001 0.9450625 0.045453125000000004 0.109875
0 0.5151015625 0.9522291666666667 0.038234375 0.09554166666666666
0 0.6218359375 0.9484999999999999 0.019578125000000002 0.07425
0 0.050125 0.93109375 0.01334375 0.04664583333333333
0 0.1265703125 0.9485 0.013984375 0.07204166666666666
0 0.72840625 0.9324791666666666 0.01965625 0.03133333333333333
0 0.6531015625 0.9343958333333333 0.013140625000000001 0.03183333333333333
0 0.11029687500000002 0.9241562499999999 0.008 0.026354166666666668
0 0.06903906250000001 0.9302083333333333 0.008640625 0.037375000000000005
0 0.5007812500000001 0.9229166666666666 0.9796875 0.07083333333333333
