0 0.32776562500000006 0.49549861495844877 0.07906250000000001 0.1789196675900277
0 0.6572265625 0.6715373961218837 0.10014062500000001 0.2516620498614958
0 0.9257890625000003 0.5927839335180055 0.146671875 0.8098337950138504
0 0.5500078125 0.20826869806094184 0.025578125000000004 0.10988919667590029
0 0.5194296875000001 0.19238227146814404 0.037921875 0.04925207756232687
0 0.7566796875 0.14883656509695292 0.018171875 0.06698060941828254
0 0.6599843750000001 0.19436288088642661 0.015312500000000001 0.07792243767313019
0 0.4323359375 0.06994459833795014 0.026796874999999998 0.07778393351800554
0 0.5113125000000001 0.5409695290858726 0.057031250000000006 0.17385041551246536
0 0.770859375 0.39225761772853185 0.06115625 0.10905817174515235
0 0.8918046875000001 0.42283933518005545 0.044453125 0.10041551246537396
0 0.3617421875 0.2563573407202216 0.028265625000000003 0.05011080332409972
0 0.9610390625000002 0.09148199445983381 0.023703125000000002 0.06567867036011081
0 0.35625 0.3462603878116344 0.5750000000000001 0.6925207756232687
