0 0.3500234375 0.7508854166666665 0.09045312500000001 0.30872916666666667
0 0.75 0.71796875 0.07078125 0.18202083333333335
0 0.7956953125 0.721875 0.051390625 0.165
0 0.8575546875 0.7234166666666666 0.056828125 0.16104166666666667
0 0.5536093750000001 0.7332708333333334 0.07909375 0.29125
0 0.9476093750000001 0.7563645833333333 0.0556875 0.2335625
0 0.9004609375 0.7212395833333334 0.038796875 0.15510416666666668
0 0.8315 0.7221875000000001 0.02978125 0.16241666666666665
0 0.808015625 0.7284583333333332 0.029875000000000002 0.15325
0 0.9836718750000002 0.7013020833333333 0.03265625 0.1293125
0 0.93440625 0.6495416666666666 0.0348125 0.07170833333333333
