0 0.12081249999999999 0.6545729166666666 0.15771875000000002 0.6644375
0 0.135140625 0.6081041666666667 0.21959375 0.759
0 0.28988281250000003 0.62471875 0.141578125 0.7505624999999999
0 0.7347656250000001 0.60353125 0.1726875 0.7765208333333333
0 0.5201406250000001 0.6241770833333333 0.16459375 0.7516458333333333
0 0.629890625 0.6321666666666667 0.1294375 0.7324583333333333
0 0.9007812500000001 0.56053125 0.19843750000000002 0.8752708333333333
0 0.41463281250000006 0.6570625 0.17229687500000002 0.685875
0 0.2258359375 0.3438125 0.037078125 0.06291666666666666
0 0.0478984375 0.6458229166666667 0.095796875 0.6531458333333333
0 0.44374218750000005 0.3917604166666667 0.024984375000000003 0.09006249999999999
