0 0.6366171875000001 0.6031924882629109 0.218515625 0.32103286384976526
0 0.6611250000000001 0.41104460093896716 0.11393750000000001 0.20946009389671363
0 0.07896875 0.45240610328638503 0.1579375 0.22734741784037557
0 0.5340703124999999 0.46913145539906104 0.051859375 0.09197183098591549
0 0.9653125 0.33342723004694835 0.0164375 0.06769953051643193
0 0.9747734375000001 0.45095070422535216 0.030921875 0.07744131455399061
0 0.7441015625 0.35579812206572775 0.017765625 0.035586854460093895
0 0.459171875 0.2914788732394366 0.017656250000000002 0.05408450704225352
0 0.7896640625 0.5825821596244132 0.217984375 0.39854460093896715
0 0.776046875 0.35423708920187796 0.02028125 0.038849765258215964
0 0.7275312500000001 0.395 0.01409375 0.04784037558685446
