0 0.6194140625000001 0.5476458333333334 0.24120312500000002 0.9047083333333333
0 0.24408593750000002 0.5016875 0.484796875 0.996625
0 0.47925781250000005 0.47683333333333333 0.114359375 0.50225
0 0.9008828125000001 0.5329479166666666 0.142953125 0.6470625
0 0.97696875 0.57865625 0.046062500000000006 0.7258541666666667
0 0.7517968750000001 0.37684375 0.0318125 0.13539583333333333
0 0.8475859375000001 0.3987604166666667 0.030390625 0.16902083333333331
0 0.8690937499999999 0.3366979166666666 0.00878125 0.025812500000000002
0 0.498515625 0.32619791666666664 0.0314375 0.1006875
0 0.8393437500000002 0.38718749999999996 0.02759375 0.16520833333333332
0 0.796234375 0.42028125 0.07515625000000001 0.2631041666666667
0 0.7711562500000001 0.36309375 0.018687500000000003 0.0883125
0 0.5229765625 0.30193749999999997 0.019109375 0.029875
