0 0.17933333333333332 0.58716 0.35866666666666663 0.68988
0 0.5050666666666666 0.39985000000000004 0.08608 0.13498
0 0.5979599999999999 0.41907 0.09501333333333334 0.19002000000000002
0 0.6861066666666668 0.43211000000000005 0.08874666666666667 0.21214
0 0.7917999999999998 0.39383000000000007 0.02946666666666667 0.09458
0 0.4105599999999999 0.41591 0.07791999999999999 0.18002
0 0.5453333333333333 0.40245000000000003 0.026453333333333332 0.12606
0 0.72636 0.40448 0.04434666666666666 0.12232
0 0.76152 0.39059 0.029599999999999998 0.06038
0 0.28429333333333334 0.43426 0.15349333333333334 0.2526
0 0.6505866666666666 0.36214 0.02464 0.0338
0 0.5743333333333334 0.4086 0.04296 0.16276
0 0.7761866666666666 0.37856 0.018613333333333332 0.04772
