0 0.218875 0.6280563380281691 0.03596875 0.12495774647887324
0 0.16278906250000003 0.5983943661971831 0.013359375000000001 0.08647887323943662
0 0.14703125 0.6040985915492958 0.010906250000000001 0.07304225352112677
0 0.19282812500000002 0.6050000000000001 0.022906250000000003 0.12363380281690142
0 0.17553125000000003 0.5986338028169015 0.0171875 0.10526760563380282
0 0.022820312500000002 0.6008450704225352 0.011515625000000002 0.08422535211267605
0 0.25243750000000004 0.6028450704225352 0.015187500000000001 0.07030985915492959
0 0.7285625000000001 0.6339436619718309 0.0103125 0.10270422535211268
0 0.75075 0.6445774647887325 0.03615625 0.12583098591549297
0 0.712609375 0.6397323943661972 0.028999999999999998 0.11552112676056338
0 0.690796875 0.6383943661971831 0.01803125 0.12450704225352115
0 0.7693203125000001 0.6235211267605634 0.013734375 0.12523943661971831
