0 0.23649 0.7003196930946292 0.19318000000000002 0.22135549872122764
0 0.4515 0.6197058823529412 0.18936000000000003 0.27843989769820976
0 0.13513999999999998 0.6713171355498723 0.13608 0.2642199488491049
0 0.49112 0.29228900255754475 0.1048 0.12324808184143222
0 0.08801 0.24492327365728903 0.07054 0.07659846547314579
0 0.7205 0.2511892583120205 0.05112 0.1387979539641944
0 0.96609 0.24104859335038364 0.06114 0.10179028132992328
0 0.1583 0.28782608695652173 0.07496 0.20639386189258316
0 0.43690999999999997 0.04819693094629156 0.05454 0.09639386189258312
0 0.764 0.20897698209718674 0.03692 0.0762148337595908
0 0.09906000000000001 0.34276214833759594 0.07504000000000001 0.11713554987212277
0 0.79834 0.26218670076726347 0.0502 0.10048593350383632
0 0.02745 0.30465473145780053 0.05354 0.21063938618925832
0 0.5 0.4066496163682865 0.996 0.813299232736573
