0 0.33653125 0.5693621867881549 0.13903125000000002 0.28710706150341686
0 0.28678906249999997 0.405751708428246 0.08185937500000001 0.20248291571753985
0 0.8551093750000001 0.35021640091116174 0.03553125 0.1576537585421412
0 0.59721875 0.36768792710706144 0.0325625 0.08343963553530752
0 0.3992265625 0.5948177676537585 0.163390625 0.3191116173120729
0 0.7266953125000001 0.3874715261958998 0.08335937500000001 0.16920273348519363
0 0.71884375 0.2110250569476082 0.044937500000000005 0.08259681093394076
0 0.36375781250000006 0.4140546697038724 0.078421875 0.21872437357630978
0 0.6330390625 0.36369020501138954 0.028921875000000003 0.08136674259681093
0 0.6956015625 0.3534396355353075 0.035140625 0.12879271070615034
0 0.5483437499999999 0.5014123006833713 0.12784375 0.2825512528473804
