0 0.25364843750000005 0.5449375 0.13314062499999998 0.5640416666666667
0 0.30060156250000003 0.43256249999999996 0.041078125 0.16825
0 0.3876875 0.38509375 0.05575 0.1144375
0 0.44950781250000005 0.3714166666666667 0.06085937500000001 0.13779166666666667
0 0.5035546875 0.39587500000000003 0.03854687500000001 0.08070833333333334
0 0.53296875 0.39829166666666665 0.03603125 0.11595833333333333
0 0.6136718750000001 0.4550416666666666 0.06203125000000001 0.277875
0 0.6537734374999999 0.4359375 0.056484375 0.2562083333333333
0 0.7253046875 0.4408333333333333 0.073953125 0.281375
0 0.8131171875000001 0.43726041666666665 0.056796875000000004 0.1016875
0 0.8225390625 0.38557291666666665 0.036078125 0.08218750000000001
0 0.7899921875000001 0.45719791666666665 0.044921875 0.0846875
0 0.16696093750000002 0.4216770833333333 0.072078125 0.13227083333333334
0 0.48359375000000004 0.4302083333333333 0.9671875000000001 0.27291666666666664
