0 0.07584375 0.6539270833333333 0.12809375 0.3505625
0 0.014265625000000002 0.66259375 0.027875 0.32377083333333334
0 0.9516015625 0.515875 0.051671875000000006 0.1579583333333333
0 0.89015625 0.4510833333333333 0.026312500000000003 0.052625000000000005
0 0.668671875 0.3949270833333333 0.028375 0.03847916666666666
0 0.8669765625000001 0.4503229166666667 0.026796874999999998 0.04927083333333333
0 0.8740859375 0.42721875 0.010671875 0.03335416666666667
0 0.9907265624999999 0.4949479166666667 0.018546875 0.10218749999999999
0 0.9017421875 0.4502708333333334 0.015703125000000002 0.07729166666666668
0 0.354234375 0.36468749999999994 0.098875 0.10379166666666667
0 0.8878750000000001 0.4222916666666666 0.01259375 0.016208333333333335
0 0.9880234374999999 0.46020833333333333 0.015359375000000001 0.04058333333333333
0 0.9768828125 0.44185416666666666 0.022453125 0.05458333333333333
0 0.3671875 0.409375 0.5437500000000001 0.11041666666666666
