0 0.74665625 0.6966393442622951 0.1319375 0.45393442622950825
0 0.4368671875 0.23331381733021078 0.045953125000000004 0.23407494145199065
0 0.40600781250000006 0.2399648711943794 0.076265625 0.31772833723653393
0 0.807015625 0.5552224824355972 0.05 0.2843559718969555
0 0.9019453125000001 0.5701405152224824 0.067703125 0.2968149882903981
0 0.9688906249999999 0.615 0.06221875 0.3677985948477752
0 0.8469765625000001 0.5819906323185011 0.085109375 0.34121779859484774
0 0.46513281250000005 0.22530444964871194 0.09298437500000001 0.2876112412177986
0 0.4904140625 0.2491334894613583 0.081796875 0.23522248243559718
0 0.5455625000000001 0.18457845433255268 0.08646875000000001 0.18611241217798594
0 0.0240546875 0.49504683840749414 0.048109375 0.24522248243559716
0 0.3759453125000001 0.24501170960187355 0.066171875 0.28758782201405153
