0 0.40339583333333334 0.8957421875000002 0.0475 0.077203125
0 0.3487604166666667 0.8987109375 0.036145833333333335 0.06851562500000001
0 0.31855208333333335 0.8782343750000001 0.029145833333333333 0.060375000000000005
0 0.21897916666666667 0.889234375 0.043125 0.07890625000000001
0 0.18834375 0.8865234375000001 0.020895833333333332 0.052296875
0 0.18086458333333333 0.8913359375000001 0.03877083333333333 0.079984375
0 0.061447916666666665 0.9509296875000001 0.052812500000000005 0.09814062500000001
0 0.52853125 0.922296875 0.0480625 0.054062500000000006
0 0.15163541666666666 0.8929687500000001 0.01952083333333333 0.07821875
0 0.7480625 0.8653828125 0.022125 0.057734375000000004
0 0.6675624999999998 0.9387734375 0.06366666666666666 0.047734375
0 0.80103125 0.8787656250000002 0.035729166666666666 0.031468750000000004
0 0.4822916666666667 0.89375 0.9270833333333334 0.209375
