0 0.42135156250000005 0.6292187499999999 0.138203125 0.4134791666666667
0 0.5363203125 0.7274791666666667 0.140203125 0.491
0 0.8023671875 0.6903125 0.17567187500000003 0.5382916666666666
0 0.027421875000000002 0.5445416666666667 0.051125000000000004 0.32375
0 0.2565390625 0.30782291666666667 0.007390625000000001 0.030104166666666664
0 0.142921875 0.26579166666666665 0.011562500000000002 0.016874999999999998
0 0.0388828125 0.3070729166666667 0.006234375 0.025395833333333333
0 0.18117968750000002 0.52696875 0.129765625 0.5101041666666667
0 0.30097656250000004 0.5753229166666666 0.134421875 0.46493749999999995
0 0.10385156250000001 0.26384375 0.005359375 0.015979166666666666
