0 0.6658125 0.5945951859956237 0.03215625 0.1463894967177243
0 0.1714296875 0.6959080962800874 0.092390625 0.3024070021881838
0 0.3074296875 0.7030415754923414 0.10057812500000002 0.2884901531728665
0 0.7045234375000001 0.5975929978118162 0.038421875 0.1359737417943107
0 0.729890625 0.5993873085339169 0.02409375 0.1164113785557987
0 0.759671875 0.5995514223194748 0.030687500000000003 0.11949671772428884
0 0.9132734375 0.6070568927789934 0.024328125000000003 0.10347921225382932
0 0.6306171875 0.5963566739606128 0.034234375000000004 0.12711159737417943
0 0.7667109375000001 0.5816301969365426 0.024953125000000003 0.10680525164113785
0 0.4015234375000001 0.5394748358862145 0.019828125000000002 0.04109409190371991
0 0.045476562500000005 0.33721006564551426 0.016703125 0.06667396061269146
0 0.235125 0.327800875273523 0.01584375 0.05945295404814004
0 0.6195312500000001 0.6371006564551421 0.042 0.05722100656455142
0 0.5164062500000001 0.5339168490153172 0.8484375000000001 0.25820568927789933
