0 0.43536718750000003 0.553248987854251 0.8013593750000001 0.8651619433198381
0 0.44800000000000006 0.17871457489878542 0.13615625 0.2898582995951417
0 0.79146875 0.1470344129554656 0.14175000000000001 0.22370445344129555
0 0.8444687499999999 0.042945344129554655 0.07165625 0.08589068825910931
0 0.2693828125 0.22069838056680163 0.190640625 0.27030364372469634
0 0.9256718749999999 0.13558704453441298 0.14693750000000003 0.27117408906882595
0 0.7151875 0.177165991902834 0.15515625 0.3203643724696356
0 0.5964609375000001 0.0641902834008097 0.08023437500000001 0.11562753036437247
0 0.3422109375 0.17266194331983806 0.159703125 0.3300607287449393
0 0.9475390625000002 0.308917004048583 0.10492187500000001 0.3169028340080972
0 0.16981250000000003 0.16941295546558705 0.147125 0.33412955465587046
0 0.072984375 0.22110323886639674 0.1153125 0.19917004048582995
0 0.8472187500000001 0.2683805668016195 0.10925000000000001 0.25514170040485834
