0 0.5176499999999999 0.7037319587628866 0.04686 0.14094845360824743
0 0.49007 0.7394948453608247 0.037340000000000005 0.14463917525773198
0 0.5800400000000001 0.6783298969072166 0.05468 0.12936082474226804
0 0.41901000000000005 0.7361649484536084 0.0297 0.0985979381443299
0 0.15671 0.5365257731958762 0.012580000000000001 0.025958762886597937
0 0.43516999999999995 0.7330103092783505 0.02142 0.07624742268041236
0 0.14151000000000002 0.5336082474226804 0.00522 0.016494845360824743
0 0.48235000000000006 0.5310103092783506 0.00738 0.021402061855670104
0 0.16958 0.5381237113402062 0.01256 0.023917525773195877
0 0.35962 0.5328144329896908 0.0061600000000000005 0.020185567010309276
0 0.41682 0.5409278350515464 0.00364 0.005896907216494845
0 0.36531 0.5326701030927835 0.00522 0.020350515463917525
0 0.49701 0.5312577319587628 0.0085 0.02111340206185567
0 0.07100000000000001 0.5422680412371134 0.03 0.020618556701030927
