0 0.42412500000000003 0.5744262295081967 0.17384375000000002 0.41475409836065574
0 0.6604218749999999 0.5472950819672131 0.1788125 0.4369320843091335
0 0.41432031250000007 0.33366510538641686 0.027859375 0.061100702576112415
0 0.23647656250000001 0.4514168618266979 0.059703125 0.2663466042154567
0 0.157890625 0.3885245901639344 0.0343125 0.10524590163934426
0 0.179515625 0.421615925058548 0.03125 0.07007025761124122
0 0.049718750000000006 0.39975409836065573 0.035812500000000004 0.13121779859484778
0 0.8351015624999999 0.4024473067915691 0.032546874999999996 0.11918032786885246
0 0.9032890625000001 0.39549180327868855 0.031734375 0.10386416861826699
0 0.5137734375 0.41781030444964873 0.031984375 0.14714285714285713
0 0.33021875 0.41304449648711944 0.04384375 0.14669789227166277
0 0.30278906250000004 0.39585480093676817 0.030890625 0.14941451990632318
0 0.157578125 0.33217798594847775 0.03125 0.05241217798594847
0 0.5546875 0.40749414519906324 0.07500000000000001 0.1592505854800937
