0 0.320171875 0.5567924528301886 0.039531250000000004 0.18669811320754715
0 0.515265625 0.5216981132075472 0.01371875 0.03929245283018868
0 0.6584375 0.5180896226415095 0.03125 0.06966981132075471
0 0.3446953125 0.5658844339622642 0.037328125000000004 0.18709905660377357
0 0.3648203125 0.5367570754716982 0.013015625000000001 0.10908018867924528
0 0.5007812500000001 0.5233018867924528 0.0165 0.05160377358490566
0 0.378609375 0.540566037735849 0.020875 0.10429245283018868
0 0.6284921875 0.5443396226415095 0.032796874999999996 0.08594339622641509
0 0.9172265625 0.5536674528301887 0.032953125 0.06134433962264151
0 0.8758671875000001 0.5387853773584905 0.024484375000000003 0.06827830188679244
0 0.1475546875 0.5261674528301886 0.027984375000000002 0.12068396226415094
0 0.213890625 0.5282311320754717 0.02090625 0.05169811320754717
0 0.2717109375 0.5505542452830189 0.023828125000000002 0.1198820754716981
0 0.34296875000000004 0.5683962264150944 0.2703125 0.2122641509433962
