0 0.34252343749999997 0.6519465648854963 0.09076562500000002 0.38328244274809165
0 0.4129140625 0.6613104325699746 0.072890625 0.3478625954198474
0 0.050249999999999996 0.6954452926208652 0.09225 0.5403562340966922
0 0.15734375 0.5450508905852418 0.0403125 0.19641221374045803
0 0.40715625 0.43774809160305356 0.017625 0.08277353689567431
0 0.13296875 0.5969592875318067 0.051125000000000004 0.27234096692111964
0 0.18959375 0.5433078880407125 0.03465625 0.19124681933842239
0 0.080921875 0.563295165394402 0.044000000000000004 0.21055979643765904
0 0.5548984375 0.4781552162849873 0.035328125 0.11050890585241731
0 0.7659843749999999 0.4827989821882952 0.023531250000000004 0.13526717557251908
0 0.81915625 0.47106870229007636 0.03359375 0.13465648854961834
0 0.22541406250000004 0.4909923664122138 0.027515625000000002 0.110381679389313
0 0.2525 0.48482188295165407 0.0231875 0.10267175572519086
0 0.50390625 0.4656488549618321 0.8265625000000001 0.18320610687022904
