0 0.26942906574394465 0.47795714285714286 0.40280276816608995 0.7146
0 0.6766782006920415 0.18841428571428573 0.11093425605536333 0.06425714285714285
0 0.9629930795847751 0.1931142857142857 0.07401384083044983 0.12359999999999999
0 0.07212802768166089 0.491 0.14425605536332178 0.7033714285714285
0 0.35152249134948094 0.09902857142857142 0.08027681660899653 0.09754285714285714
0 0.630363321799308 0.1450142857142857 0.19844290657439448 0.22482857142857143
0 0.8034602076124567 0.20702857142857145 0.1423529411764706 0.1974857142857143
0 0.958044982698962 0.25675714285714285 0.08391003460207613 0.17265714285714284
0 0.16555363321799307 0.19401428571428572 0.12806228373702422 0.16128571428571428
0 0.4161937716262976 0.19205714285714284 0.09820069204152249 0.19645714285714286
0 0.8744809688581315 0.28944285714285717 0.17387543252595156 0.2182
0 0.5133564013840831 0.36219999999999997 0.26186851211072665 0.47057142857142853
0 0.7006920415224913 0.47 0.5916955017301039 0.8085714285714286
