0 0.5580760869565218 0.5337109375 0.2970217391304348 0.689890625
0 0.846195652173913 0.29333593750000003 0.16282608695652176 0.108546875
0 0.6748913043478262 0.27375 0.1311304347826087 0.0876875
0 0.7645000000000001 0.15967187500000002 0.1426521739130435 0.144125
0 0.5973369565217391 0.17115625 0.1735869565217391 0.13515625
0 0.6638478260869566 0.14813281250000002 0.10491304347826087 0.162109375
0 0.43217391304347824 0.17722656250000002 0.13873913043478261 0.140609375
0 0.2899021739130435 0.28626562499999997 0.1155 0.10875
0 0.2727391304347826 0.16874218750000003 0.1317391304347826 0.12067187500000001
0 0.11525 0.15967187500000002 0.16780434782608694 0.13140625
0 0.18655434782608696 0.1376640625 0.11876086956521739 0.169953125
0 0.9173804347826087 0.16376562500000003 0.16193478260869565 0.13934375000000002
0 0.3135 0.05975 0.16747826086956524 0.11890624999999999
0 0.5 0.21171875 0.9956521739130435 0.4234375
