0 0.26336718750000004 0.8126616915422885 0.07042187500000001 0.2309452736318408
0 0.41775000000000007 0.8035820895522389 0.024125 0.2324875621890547
0 0.45359375 0.7964303482587065 0.054156249999999996 0.2533084577114428
0 0.513140625 0.7094776119402986 0.01196875 0.03437810945273632
0 0.6501484375 0.7107089552238806 0.012921875 0.04554726368159204
0 0.455921875 0.7157338308457711 0.24278125 0.047189054726368154
0 0.7676640625 0.7324751243781094 0.020796875000000003 0.09982587064676618
0 0.6374843750000001 0.7115547263681592 0.0123125 0.04047263681592039
0 0.6284296875000001 0.7089427860696518 0.009328125 0.046293532338308456
0 0.59875 0.7099751243781095 0.0103125 0.04686567164179104
0 0.5447109375 0.7174253731343283 0.011828125000000002 0.027786069651741293
0 0.6733750000000001 0.7060074626865671 0.007124999999999999 0.025
0 0.5017812500000001 0.7121019900497512 0.006 0.02932835820895522
0 0.43671875000000004 0.7251243781094527 0.6546875000000001 0.13681592039800994
