0 0.6245937500000001 0.3788166311300639 0.09828125 0.1728144989339019
0 0.23436718750000002 0.3377078891257995 0.061640625000000004 0.38539445628997865
0 0.5699921874999999 0.3649253731343284 0.09285937500000001 0.15654584221748402
0 0.5788828125 0.24889125799573558 0.07760937500000001 0.1900639658848614
0 0.6251640625000001 0.24119402985074628 0.060328125 0.2306183368869936
0 0.48157812499999997 0.33466950959488273 0.12696875000000002 0.3672494669509595
0 0.34984375 0.30288912579957356 0.07178125 0.3606183368869936
0 0.28683593749999997 0.3215778251599147 0.077984375 0.3790191897654584
0 0.2940234375 0.13769722814498933 0.022015625 0.029253731343283584
0 0.22052343750000003 0.16442430703624733 0.026234375 0.04590618336886994
0 0.7245781250000001 0.4337100213219616 0.18115625000000002 0.2157356076759062
0 0.20248437500000002 0.22637526652452025 0.014281250000000002 0.03364605543710021
0 0.250421875 0.14266524520255863 0.026625 0.028144989339019186
