0 0.9231300000000001 0.8447066666666667 0.019379999999999998 0.035546666666666664
0 0.85769 0.8546666666666667 0.02078 0.04293333333333334
0 0.9097999999999999 0.8422933333333333 0.010320000000000001 0.024853333333333335
0 0.89636 0.8552266666666667 0.017920000000000002 0.04661333333333333
0 0.9474199999999999 0.8441333333333332 0.01784 0.0408
0 0.9738199999999999 0.8311866666666666 0.0316 0.06269333333333334
0 0.76662 0.8632933333333331 0.01884 0.02216
0 0.72697 0.8779333333333333 0.01598 0.03426666666666667
0 0.99053 0.8211866666666666 0.018940000000000002 0.05858666666666666
0 0.79349 0.8688933333333333 0.01702 0.0468
0 0.8385900000000001 0.8576266666666666 0.01614 0.034613333333333336
0 0.82281 0.8598266666666666 0.00666 0.017253333333333332
0 0.861 0.8106666666666666 0.274 0.192
