0 0.15442187500000001 0.6292037470725995 0.14093750000000002 0.4
0 0.176171875 0.4254566744730679 0.0414375 0.11124121779859485
0 0.6169609375 0.5752810304449648 0.253390625 0.4314519906323185
0 0.3448359375 0.665175644028103 0.164921875 0.31911007025761123
0 0.49814843750000004 0.5160304449648712 0.06589062500000001 0.12344262295081967
0 0.106453125 0.5244964871194379 0.045312500000000006 0.12871194379391102
0 0.33757812500000006 0.43542154566744734 0.055843750000000004 0.13918032786885245
0 0.2194921875 0.4977751756440281 0.055546874999999996 0.28201405152224823
0 0.9217656249999999 0.362903981264637 0.04959375 0.10758782201405152
0 0.8359921875 0.468384074941452 0.048109375 0.15531615925058545
0 0.4356562500000001 0.5211241217798595 0.05265625000000001 0.13030444964871193
0 0.39079687500000004 0.5233723653395784 0.0705 0.1466510538641686
