0 0.5691093749999999 0.5967421875000001 0.13034375 0.48960937500000007
0 0.4535625000000001 0.5722265625 0.12306250000000002 0.39732812500000003
0 0.36057812499999997 0.5581406250000001 0.04640625 0.15971875000000002
0 0.2975546875 0.6264531250000002 0.158109375 0.44284375000000004
0 0.187171875 0.51065625 0.0929375 0.1886875
0 0.772953125 0.6451171875 0.26775000000000004 0.6627031250000001
0 0.6525078125 0.587046875 0.08717187500000001 0.34259375000000003
0 0.11290625000000001 0.5961875000000001 0.09221875000000002 0.23093750000000002
0 0.32753125000000005 0.5379375000000001 0.047718750000000004 0.20740625000000001
0 0.1167265625 0.45329687500000004 0.062578125 0.06909375
0 0.3755859375 0.50228125 0.057546875 0.1546875
0 0.3485859375 0.4389765625 0.028453125000000003 0.038484375
