0 0.5758984375 0.3294882729211087 0.15279687500000003 0.48430703624733473
0 0.6378046875000001 0.38383795309168445 0.373703125 0.6773134328358209
0 0.8674140625 0.39000000000000007 0.142421875 0.47624733475479747
0 0.44232812499999996 0.40315565031982936 0.20796875 0.5653304904051172
0 0.136828125 0.37217484008528784 0.13828125 0.35714285714285715
0 0.058046875 0.384275053304904 0.0725 0.36010660980810233
0 0.09734375 0.23073560767590617 0.0291875 0.09332622601279318
0 0.7920546875000001 0.2646588486140725 0.024546875000000003 0.05776119402985074
0 0.33021875 0.43703624733475477 0.23340625 0.5185074626865672
0 0.9234218750000001 0.26239872068230274 0.02090625 0.027569296375266523
0 0.3523046875 0.27917910447761196 0.051015625 0.07874200426439232
0 0.0229609375 0.285863539445629 0.045328125000000004 0.10963752665245202
0 0.22721875 0.26140724946695093 0.035687500000000004 0.07044776119402985
0 0.5734375 0.34328358208955223 0.8500000000000001 0.2601279317697228
