0 0.431921875 0.3055729166666667 0.01815625 0.07364583333333334
0 0.623875 0.30309374999999994 0.01978125 0.07406249999999999
0 0.36703125 0.30043749999999997 0.02425 0.08795833333333333
0 0.38761718750000007 0.3072604166666667 0.023609375000000002 0.0766875
0 0.41653906250000006 0.3046458333333334 0.012234375 0.07533333333333332
0 0.4481953125 0.3045625 0.021296875000000003 0.07629166666666666
0 0.475921875 0.29892708333333334 0.023125000000000003 0.08785416666666666
0 0.49371875000000004 0.3011875 0.025406250000000005 0.080875
0 0.517640625 0.3006979166666666 0.018062500000000002 0.0844375
0 0.6479296875 0.29960416666666667 0.016921875 0.077625
0 0.7327578125 0.29882291666666666 0.025078125000000003 0.0699375
0 0.32837500000000003 0.3018958333333333 0.017 0.08554166666666667
0 0.3449453125 0.30644791666666665 0.018859375 0.0643125
