0 0.137046875 0.31943750000000004 0.09631250000000001 0.3251666666666667
0 0.9421328125000001 0.41167708333333336 0.094390625 0.14606249999999998
0 0.33410156250000006 0.41902083333333334 0.105640625 0.5025833333333334
0 0.4370234375 0.35396875 0.09145312500000001 0.31085416666666665
0 0.6557734375000001 0.475 0.114703125 0.19941666666666666
0 0.7007265625 0.3352395833333333 0.16939062500000002 0.3309375
0 0.8926953124999999 0.6277083333333333 0.214609375 0.3617916666666667
0 0.66496875 0.93321875 0.1305 0.1335625
0 0.8274609374999999 0.29362499999999997 0.090984375 0.19841666666666666
0 0.833421875 0.5348333333333334 0.153375 0.26516666666666666
0 0.231015625 0.42166666666666663 0.10221875000000001 0.47912499999999997
0 0.489671875 0.5797812499999999 0.23596875000000003 0.41810416666666667
0 0.09939062500000001 0.40732291666666665 0.15078125 0.2096458333333333
0 0.43359375 0.58125 0.8671875 0.8333333333333334
