0 0.1765234375 0.625 0.353046875 0.7454999999999999
0 0.228703125 0.4136770833333333 0.21525 0.5089791666666666
0 0.8722421875 0.4414166666666666 0.255515625 0.6729583333333333
0 0.6877265625 0.24330208333333334 0.081109375 0.2021875
0 0.4914296875 0.07716666666666666 0.067640625 0.11245833333333333
0 0.5770703125 0.12945833333333334 0.060234375 0.07404166666666666
0 0.5838828125000001 0.12125000000000001 0.042984375000000005 0.089
0 0.1806484375 0.13553125000000002 0.09232812500000001 0.0930625
0 0.35180468750000005 0.35278124999999994 0.183328125 0.39747916666666666
0 0.7708203125 0.3153958333333333 0.12517187500000002 0.28370833333333334
0 0.28970312500000006 0.11314583333333333 0.05425 0.08654166666666667
0 0.0801640625 0.12142708333333332 0.055921875 0.10606249999999999
0 0.3906171875 0.24276041666666667 0.138953125 0.26327083333333334
