0 0.8849062499999999 0.6771764705882353 0.0505625 0.21618823529411763
0 0.980390625 0.6797647058823528 0.039218750000000004 0.22861176470588232
0 0.20525 0.6638470588235293 0.03865625 0.1781411764705882
0 0.0803203125 0.6519764705882352 0.029046875 0.17364705882352938
0 0.11068750000000001 0.6507058823529411 0.041375 0.1732235294117647
0 0.13075 0.649270588235294 0.0231875 0.1573647058823529
0 0.23513281250000004 0.6556588235294116 0.038078125000000004 0.16552941176470584
0 0.9086484375 0.6680705882352941 0.022828125 0.1845176470588235
0 0.9258203125 0.6299647058823529 0.020640625000000003 0.08952941176470587
0 0.5388828125 0.6011176470588234 0.042421875 0.16585882352941173
0 0.18549218750000002 0.6527999999999999 0.023484375000000002 0.16112941176470588
0 0.7156718750000001 0.616635294117647 0.013250000000000001 0.038776470588235294
0 0.18684375 0.5778117647058822 0.0205625 0.05284705882352941
