0 0.6527578125 0.7296830985915493 0.187078125 0.5373943661971832
0 0.5464375 0.6340140845070423 0.1124375 0.2522535211267605
0 0.29765625 0.74268779342723 0.11068750000000001 0.49213615023474183
0 0.1437265625 0.8753051643192489 0.056765625 0.2479342723004695
0 0.9432578125000002 0.6131807511737088 0.030328125 0.06875586854460095
0 0.048687499999999995 0.8370539906103287 0.0804375 0.32589201877934276
0 0.787828125 0.8150469483568076 0.06834375000000001 0.36896713615023474
0 0.834078125 0.8312089201877935 0.07203125 0.3299295774647888
0 0.1055 0.8712793427230048 0.05240625 0.257018779342723
0 0.1085078125 0.7445422535211268 0.048109375 0.11035211267605634
0 0.4913671875000001 0.6235915492957746 0.031421875 0.07863849765258216
0 0.17727343750000002 0.7752230046948357 0.04220312500000001 0.1738732394366197
0 0.947109375 0.772981220657277 0.06906250000000001 0.2431924882629108
0 0.49921875000000004 0.7946009389671361 0.9984375000000001 0.40610328638497656
