0 0.5806171875 0.655058962264151 0.23523437500000002 0.6674292452830188
0 0.07513281249999999 0.2641037735849056 0.042859375000000005 0.12806603773584904
0 0.6283125 0.2972287735849056 0.04303125 0.16238207547169808
0 0.3236640625 0.2793985849056604 0.038859375 0.11969339622641509
0 0.5171484375000001 0.27846698113207546 0.038234375 0.1300943396226415
0 0.8069375 0.2849174528301887 0.0456875 0.1459198113207547
0 0.94984375 0.29135613207547173 0.027125 0.11606132075471698
0 0.77109375 0.30286556603773584 0.032531250000000005 0.15148584905660378
0 0.7235859375000001 0.27668632075471694 0.032953125 0.12568396226415093
0 0.03334375 0.2608018867924528 0.045000000000000005 0.1525
0 0.1936640625 0.2705896226415094 0.028484375000000003 0.125188679245283
0 0.4320859375000001 0.2540919811320755 0.047203125000000005 0.06459905660377359
0 0.38096875 0.2643042452830189 0.021593750000000002 0.12318396226415093
0 0.59921875 0.27594339622641506 0.7984375 0.15566037735849056
