0 0.5875 0.5345810055865922 0.05836 0.1398324022346369
0 0.7343399999999999 0.49720670391061456 0.039119999999999995 0.1312290502793296
0 0.76871 0.4934916201117319 0.036180000000000004 0.13335195530726257
0 0.8451700000000001 0.4994832402234637 0.04618 0.13745810055865923
0 0.8914599999999999 0.48967877094972073 0.023600000000000003 0.10019553072625698
0 0.17826999999999998 0.4699301675977654 0.04414 0.11600558659217877
0 0.1531 0.5067318435754191 0.04248 0.13921787709497208
0 0.5398000000000001 0.4778770949720671 0.03444 0.14608938547486033
0 0.7985400000000001 0.5057262569832403 0.02664 0.1312290502793296
0 0.8457700000000001 0.39713687150837984 0.0289 0.05349162011173184
0 0.62914 0.4813966480446928 0.0378 0.12418994413407822
0 0.94206 0.44479050279329607 0.02512 0.043715083798882684
0 0.39148000000000005 0.3652513966480447 0.01144 0.0664245810055866
0 0.585 0.4692737430167598 0.8180000000000001 0.223463687150838
