0 0.7051953125 0.6193764705882353 0.282671875 0.7364941176470587
0 0.8700859375000001 0.7337058823529411 0.259828125 0.5056235294117646
0 0.9051953125 0.4295764705882352 0.145046875 0.24352941176470586
0 0.8339531250000001 0.321 0.06365625000000001 0.2484470588235294
0 0.772109375 0.24085882352941176 0.029937500000000002 0.03997647058823529
0 0.861140625 0.29417647058823526 0.09534375 0.22482352941176467
0 0.9305078125000001 0.30799999999999994 0.047921875 0.26141176470588234
0 0.9712500000000001 0.28505882352941175 0.056906250000000005 0.21364705882352938
0 0.40018750000000003 0.6143647058823529 0.41175 0.7712705882352942
0 0.23147656249999998 0.33028235294117647 0.10523437499999999 0.19741176470588234
0 0.981390625 0.3825529411764705 0.03721875 0.21992941176470587
