0 0.9341953125 0.4653082851637765 0.12189062500000002 0.36452793834296726
0 0.8533671875 0.7606358381502891 0.25839062500000004 0.19672447013487473
0 0.41285156250000005 0.47240847784200385 0.21857812499999998 0.6546820809248555
0 0.30139843750000006 0.4339017341040462 0.031890625 0.034238921001926784
0 0.6530546875000001 0.46280346820809254 0.031171875 0.06148362235067437
0 0.2722421875 0.4279094412331406 0.05651562500000001 0.1568208092485549
0 0.16559374999999998 0.44768786127167626 0.04225 0.0775722543352601
0 0.5912734374999999 0.4224662813102119 0.044421875 0.15649325626204239
0 0.05517187500000001 0.42592485549132947 0.0574375 0.17127167630057805
0 0.0246875 0.42391136801541424 0.044875 0.1639306358381503
0 0.8028515625000001 0.47839113680154144 0.10023437500000001 0.2891136801541426
0 0.1511796875 0.40899807321772635 0.04089062500000001 0.10820809248554912
0 0.5458203125 0.4605009633911368 0.035203125 0.0628131021194605
0 0.5 0.47206165703275527 0.9968750000000001 0.35452793834296725
