0 0.2473515625 0.7482253086419753 0.107015625 0.4580555555555555
0 0.38395312500000006 0.7330246913580246 0.1058125 0.39327160493827157
0 0.5511875 0.8764043209876542 0.12171875000000001 0.24719135802469136
0 0.809203125 0.8581635802469134 0.037375000000000005 0.09620370370370371
0 0.655046875 0.8839969135802469 0.06271875 0.08558641975308641
0 0.576375 0.7354012345679012 0.10200000000000001 0.4000617283950617
0 0.46882031250000006 0.7368518518518519 0.072078125 0.38080246913580246
0 0.3477734375 0.2662191358024691 0.062546875 0.1703395061728395
0 0.15607031250000003 0.7666975308641975 0.09648437500000001 0.41703703703703704
0 0.0597578125 0.6202777777777777 0.070171875 0.23055555555555554
0 0.307328125 0.7610493827160493 0.06009375 0.4364197530864197
0 0.6174609375000001 0.8672067901234568 0.060953125 0.1746604938271605
0 0.7673046875000001 0.9462345679012346 0.061453125 0.10753086419753087
