0 0.4110546875 0.46658333333333335 0.048953125 0.29
0 0.64253125 0.2926875 0.029375000000000002 0.05416666666666667
0 0.655015625 0.26936458333333335 0.018968750000000003 0.0401875
0 0.7534140625000001 0.26618749999999997 0.022953125 0.030625
0 0.7586953125 0.28784375000000006 0.032578125000000006 0.06302083333333333
0 0.7358125 0.2755 0.01334375 0.027416666666666666
0 0.8293984375000001 0.28969791666666667 0.015109375000000001 0.036229166666666666
0 0.8582734375 0.28159375000000003 0.024578125000000003 0.0609375
0 0.10917187500000002 0.3375208333333333 0.020875 0.025666666666666667
0 0.109578125 0.31251041666666673 0.0341875 0.06310416666666667
0 0.10903125000000001 0.2720416666666667 0.02503125 0.028666666666666667
0 0.1397421875 0.29198958333333336 0.022171875 0.0631875
0 0.17929687500000002 0.2943854166666667 0.0228125 0.08085416666666667
0 0.44062500000000004 0.3052083333333333 0.8812500000000001 0.17291666666666666
