0 0.4744453125 0.39111228813559323 0.065671875 0.05400423728813559
0 0.57540625 0.4321398305084746 0.03284375 0.03597457627118644
0 0.7318203125 0.4068326271186441 0.069078125 0.12870762711864406
0 0.6636796875000001 0.41751059322033895 0.031078125 0.07493644067796609
0 0.618640625 0.4160911016949152 0.044375 0.07633474576271186
0 0.398234375 0.3729131355932203 0.03821875 0.07078389830508473
0 0.3737265625 0.38753177966101693 0.046265625000000005 0.04650423728813559
0 0.9547734375000001 0.4963665254237288 0.09045312500000001 0.18103813559322035
0 0.770703125 0.4202542372881356 0.06949999999999999 0.08169491525423729
0 0.8684218750000001 0.3674152542372881 0.04640625 0.12809322033898304
0 0.5039921875 0.3834427966101695 0.034859375 0.061504237288135595
0 0.83253125 0.4633156779661017 0.10131250000000001 0.1723093220338983
0 0.9670078125 0.5778919491525424 0.061703125000000004 0.17976694915254235
0 0.5710937500000001 0.4014830508474576 0.0765625 0.08686440677966102
