0 0.0815625 0.4123285198555957 0.119 0.35924187725631773
0 0.19887500000000002 0.4597111913357401 0.1320625 0.3661371841155235
0 0.2496015625 0.4761552346570397 0.10535937500000002 0.3242238267148015
0 0.3790859375 0.4666064981949459 0.13789062500000002 0.3893862815884477
0 0.8101875000000001 0.37415162454873646 0.110875 0.6494584837545126
0 0.2419609375 0.2953249097472925 0.022265625 0.13808664259927797
0 0.7032812500000001 0.556028880866426 0.1909375 0.28758122743682313
0 0.603328125 0.48574007220216614 0.19678125000000002 0.43176895306859203
0 0.45767187499999995 0.46536101083032494 0.17625000000000002 0.4400361010830325
0 0.1411328125 0.4140613718411552 0.12157812500000001 0.23469314079422385
0 0.07178125 0.29144404332129964 0.0965 0.30801444043321297
0 0.5205000000000001 0.4558483754512636 0.15962500000000002 0.28830324909747296
0 0.320125 0.47913357400722023 0.13568750000000002 0.37306859205776177
0 0.46718750000000003 0.388086642599278 0.659375 0.2779783393501805
