0 0.357859477124183 0.193171875 0.20366013071895425 0.2768125
0 0.5828022875816994 0.310109375 0.28200980392156866 0.42246875
0 0.7054166666666667 0.38851562500000003 0.34151960784313723 0.6306250000000001
0 0.9165767973856208 0.3089921875 0.16684640522875818 0.581734375
0 0.8794117647058822 0.15102343750000002 0.17379084967320263 0.215546875
0 0.3992728758169935 0.0700703125 0.1522058823529412 0.13995312499999998
0 0.6675326797385621 0.0443671875 0.1577777777777778 0.088734375
0 0.10167483660130719 0.30932812500000006 0.20334967320261438 0.42837500000000006
0 0.9456535947712419 0.058210937500000004 0.10869281045751633 0.116140625
0 0.44272058823529414 0.5658359375 0.8148202614379085 0.8683281250000001
0 0.5460702614379086 0.06431250000000001 0.14390522875816994 0.12531250000000002
