0 0.17932031250000002 0.6258395989974936 0.353046875 0.7483208020050125
0 0.8679140625000001 0.5134837092731829 0.245171875 0.6179949874686717
0 0.3946015625 0.26493734335839597 0.192703125 0.41298245614035084
0 0.45289062500000005 0.21280701754385964 0.13859375000000002 0.32320802005012533
0 0.5255625 0.14547619047619048 0.11234375000000002 0.22408521303258144
0 0.5821640625 0.11952380952380952 0.136328125 0.18852130325814534
0 0.7407109375 0.05800751879699248 0.038328125000000005 0.08819548872180451
0 0.8444218750000001 0.31531328320802005 0.18912500000000002 0.3856641604010025
0 0.31824218750000005 0.4180827067669173 0.242890625 0.49090225563909773
0 0.765234375 0.07612781954887218 0.052562500000000005 0.10293233082706767
0 0.8032578125000001 0.14981203007518795 0.060109375 0.1331077694235589
0 0.7465937500000001 0.17632832080200497 0.08840625 0.16378446115288217
0 0.5749140625 0.06969924812030075 0.04510937500000001 0.11914786967418546
