0 0.037984375 0.19123529411764706 0.07596875 0.16261176470588234
0 0.201875 0.2627058823529412 0.084 0.1296941176470588
0 0.280078125 0.2701764705882353 0.07003125 0.13056470588235294
0 0.456578125 0.20684705882352938 0.09240625000000001 0.24432941176470588
0 0.6954296875 0.49523529411764705 0.348890625 0.902
0 0.145953125 0.08977647058823528 0.08925 0.1752705882352941
0 0.30557812500000003 0.06916470588235293 0.08528125 0.13423529411764704
0 0.45825 0.0773764705882353 0.07109375 0.14138823529411765
0 0.6095859375 0.05607058823529411 0.062546875 0.11077647058823528
0 0.5406171875 0.16324705882352938 0.07660937500000001 0.15496470588235292
0 0.3791562500000001 0.15987058823529413 0.07553125000000001 0.14670588235294116
0 0.37338281250000005 0.2669176470588235 0.09323437500000001 0.1368470588235294
0 0.296390625 0.13698823529411763 0.08925 0.14621176470588235
0 0.32734375000000004 0.26941176470588235 0.5078125 0.16235294117647056
