0 0.290921875 0.5830416666666666 0.029625000000000002 0.049041666666666664
0 0.3278359375 0.57628125 0.022828125 0.04602083333333333
0 0.3346875 0.5551979166666666 0.01709375 0.05339583333333333
0 0.373109375 0.5687708333333334 0.01740625 0.05404166666666667
0 0.4215312500000001 0.5580208333333334 0.02865625 0.05695833333333333
0 0.619890625 0.51478125 0.014718750000000001 0.0321875
0 0.596421875 0.5271875 0.027812500000000004 0.056749999999999995
0 0.5895859375000001 0.53590625 0.029453125000000004 0.04752083333333333
0 0.5502578124999999 0.5391354166666668 0.026828125000000005 0.051895833333333335
0 0.2641640625000001 0.5738854166666666 0.029546875 0.04272916666666667
0 0.703453125 0.5200937499999999 0.02309375 0.03702083333333333
0 0.3595625 0.5672083333333333 0.018875000000000003 0.06066666666666667
0 0.36692968750000005 0.5386875 0.013640625000000002 0.03720833333333333
0 0.45859375 0.5354166666666667 0.4296875 0.10416666666666667
