0 0.24074218749999998 0.7059764705882353 0.153546875 0.5880470588235294
0 0.610734375 0.618435294117647 0.14650000000000002 0.4762117647058823
0 0.4394765625 0.6674117647058823 0.135796875 0.5528
0 0.759171875 0.48839999999999995 0.07628125000000001 0.26588235294117646
0 0.7290468750000001 0.5213529411764705 0.1423125 0.3689647058823529
0 0.8691484375 0.4315529411764706 0.07623437500000001 0.21152941176470588
0 0.9586250000000001 0.3303999999999999 0.024875 0.06291764705882352
0 0.925203125 0.3360941176470588 0.029375000000000002 0.0900235294117647
0 0.8776015625 0.3600117647058823 0.046453125000000005 0.14341176470588235
0 0.9559765625000001 0.42071764705882353 0.056109374999999996 0.13508235294117646
0 0.917234375 0.30724705882352943 0.020000000000000004 0.06672941176470587
0 0.9828515625 0.3095882352941176 0.015390625 0.07635294117647058
