0 0.1336640625 0.6595625 0.174640625 0.680875
0 0.3971484375 0.6461354166666666 0.021796875 0.11152083333333333
0 0.42554687500000005 0.6423854166666667 0.029406250000000002 0.11760416666666668
0 0.9139296875 0.6538749999999999 0.04195312500000001 0.119625
0 0.8881953125 0.6665729166666666 0.028703125000000003 0.1010625
0 0.9795078125000001 0.6571770833333334 0.023546875000000002 0.1010625
0 0.23343750000000002 0.6567708333333333 0.02759375 0.12970833333333331
0 0.6153437500000001 0.6391979166666667 0.0169375 0.036645833333333336
0 0.7678515625 0.6050416666666666 0.005921875 0.020125
0 0.3135625 0.6290729166666666 0.00946875 0.02677083333333333
0 0.71428125 0.6315104166666666 0.00821875 0.028229166666666666
0 0.410625 0.6610729166666667 0.01253125 0.0535625
0 0.45392187500000003 0.6310937499999999 0.0240625 0.11935416666666666
