0 0.6059453125 0.8157981220657277 0.040796875 0.18384976525821595
0 0.694390625 0.8330868544600939 0.03675 0.12767605633802817
0 0.011023437500000002 0.7757746478873239 0.021828125000000004 0.08633802816901409
0 0.12336718750000003 0.7972652582159624 0.022828125 0.015938967136150235
0 0.253546875 0.7950469483568076 0.0169375 0.035211267605633804
0 0.30257031250000005 0.8105985915492958 0.012953125 0.026830985915492957
0 0.3093984375 0.7717840375586854 0.013421875 0.03652582159624413
0 0.34008593750000005 0.7709976525821596 0.020296875000000002 0.04523474178403756
0 0.3995234375 0.7938262910798123 0.021390625 0.033802816901408454
0 0.288 0.7882863849765258 0.017781250000000002 0.03046948356807512
0 0.781609375 0.7780516431924882 0.021125 0.11187793427230046
0 0.20232812500000003 0.7816549295774649 0.01865625 0.030258215962441316
0 0.3626640625 0.7615140845070424 0.017015625000000003 0.036877934272300475
0 0.4921875 0.7723004694835681 0.95625 0.13615023474178403
