0 0.620137614678899 0.3303359375 0.032981651376146795 0.022484375
0 0.324197247706422 0.3492421875 0.02091743119266055 0.037078125
0 0.7091169724770643 0.34292187500000004 0.0369954128440367 0.051375000000000004
0 0.8319495412844037 0.34841406250000007 0.015596330275229359 0.043359375000000006
0 0.1696559633027523 0.33191406250000005 0.0339908256880734 0.063328125
0 0.7652178899082569 0.33957812500000006 0.03098623853211009 0.04540625
0 0.1051376146788991 0.317 0.02059633027522936 0.0295
0 0.8660665137614679 0.33165625 0.022270642201834865 0.025
0 0.5182798165137615 0.3255703125 0.023211009174311927 0.026984375
0 0.8056880733944956 0.34452343750000003 0.027752293577981653 0.043796875000000006
0 0.8468922018348625 0.3415 0.018004587155963304 0.044000000000000004
0 0.44587155963302755 0.6606562500000002 0.22793577981651375 0.30340625000000004
0 0.032350917431192665 0.3145 0.02360091743119266 0.026468750000000003
0 0.4873853211009175 0.325 0.8188073394495413 0.037500000000000006
