0 0.785390625 0.3876354166666667 0.12134375 0.31235416666666665
0 0.63875 0.3683020833333333 0.07034375000000001 0.09818750000000001
0 0.68103125 0.4159583333333333 0.04403125 0.14841666666666664
0 0.8320546875 0.4741145833333333 0.058234375000000005 0.33177083333333335
0 0.8933593750000001 0.4687708333333333 0.058687500000000004 0.251375
0 0.865859375 0.46529166666666666 0.0308125 0.2767916666666667
0 0.9540156249999999 0.46972916666666664 0.06890625 0.228625
0 0.5845781250000001 0.3736875 0.02884375 0.05183333333333333
0 0.5076953125 0.353125 0.039203125000000005 0.03933333333333333
0 0.7117187500000001 0.4249895833333333 0.03109375 0.0850625
0 0.465625 0.34917708333333336 0.027875 0.035520833333333335
0 0.5588984375 0.3712604166666667 0.028546875 0.050770833333333334
