0 0.4688671875 0.8384843750000001 0.09598437500000001 0.32093750000000004
0 0.545484375 0.8263359375000001 0.09781250000000001 0.347328125
0 0.6817500000000001 0.808015625 0.20834375000000002 0.38078125
0 0.9068437500000001 0.8335156250000001 0.10346875 0.31175
0 0.17639843750000003 0.8483125 0.13707812500000002 0.298875
0 0.235203125 0.8399453125000002 0.08646875000000001 0.280734375
0 0.07885156250000001 0.77765625 0.08867187500000001 0.17053125000000002
0 0.2830234375 0.821296875 0.06660937500000001 0.26084375
0 0.7761875 0.75434375 0.050625 0.17075
0 0.043390625 0.8252890625 0.08653125 0.129421875
0 0.4891875000000001 0.7010703125000001 0.0425 0.069546875
0 0.40599999999999997 0.8400546875 0.14984375000000003 0.319890625
0 0.35381250000000003 0.6775234375000001 0.0250625 0.028484375000000003
0 0.49921875000000004 0.81796875 0.9984375000000001 0.3609375
