0 0.2977916666666667 0.6306640625000001 0.43383333333333335 0.38817187500000006
0 0.63596875 0.6590312500000001 0.2271875 0.3888125
0 0.2757604166666667 0.542453125 0.12135416666666667 0.13525
0 0.08091666666666666 0.53590625 0.05183333333333333 0.06096875000000001
0 0.03685416666666667 0.550828125 0.07370833333333333 0.0980625
0 0.5336770833333334 0.53753125 0.03210416666666667 0.0365625
0 0.49249999999999994 0.5652343750000001 0.03754166666666667 0.04681250000000001
0 0.5729583333333332 0.5677578125 0.06408333333333334 0.068078125
0 0.7127291666666666 0.7083046875000001 0.5745416666666666 0.555046875
0 0.4693020833333333 0.5530703125 0.0315625 0.06185937500000001
