0 0.032234375 0.686189376443418 0.02459375 0.07801385681293303
0 0.9821328125 0.6183140877598152 0.035734375000000006 0.10877598152424943
0 0.9682812500000001 0.6166050808314087 0.038500000000000006 0.10826789838337184
0 0.0560703125 0.735 0.029328125 0.11993071593533487
0 0.4309453125 0.6346535796766744 0.025703125 0.02856812933025404
0 0.34213281250000005 0.6325404157043881 0.031734375 0.04143187066974596
0 0.2951953125 0.43755196304849886 0.016921875 0.034087759815242494
0 0.2732421875 0.44648960739030025 0.016234375000000002 0.037043879907621244
0 0.46567968750000005 0.34460739030023096 0.034140625 0.057297921478060045
0 0.5568984375 0.5935334872979214 0.059203125 0.12198614318706698
0 0.4757890625 0.6273094688221709 0.011703125000000002 0.030692840646651266
