0 0.7718107476635513 0.5191 0.3990420560747663 0.93484
0 0.5390654205607476 0.14727 0.06962616822429907 0.11254000000000002
0 0.5970911214953271 0.13599 0.06497663551401868 0.08898
0 0.14766355140186915 0.1982 0.08626168224299065 0.08276
0 0.400642523364486 0.16939999999999997 0.06432242990654205 0.07084
0 0.09125 0.20841 0.08273364485981306 0.0953
0 0.03755841121495326 0.20154 0.05240654205607476 0.059000000000000004
0 0.07904205607476635 0.27393 0.06710280373831774 0.07438
0 0.46248831775700927 0.17543 0.08072429906542054 0.09462000000000001
0 0.3071728971962617 0.25243 0.04308411214953271 0.047619999999999996
0 0.39596962616822434 0.23942999999999998 0.027406542056074765 0.027460000000000002
0 0.9641705607476635 0.24452 0.05539719626168224 0.06628
0 0.9247546728971963 0.28368 0.046051401869158876 0.05788
0 0.5806074766355139 0.20700000000000002 0.8341121495327102 0.19
