0 0.5744130434782609 0.7701718750000001 0.06986956521739131 0.16696875
0 0.6184021739130434 0.7118906250000001 0.04332608695652174 0.06559374999999999
0 0.5042826086956522 0.7644453125 0.0773913043478261 0.179171875
0 0.31074999999999997 0.7645234375000001 0.06158695652173913 0.170640625
0 0.4285543478260869 0.7566796875 0.0746304347826087 0.16142187500000002
0 0.2197173913043478 0.759625 0.058304347826086955 0.14990625
0 0.7407934782608695 0.69428125 0.0475 0.047718750000000004
0 0.07566304347826087 0.7584062500000001 0.06176086956521739 0.16534375
0 0.39993478260869564 0.7856406250000001 0.08130434782608695 0.1894375
0 0.2647391304347826 0.733609375 0.050869565217391305 0.1145625
0 0.36226086956521736 0.79421875 0.09747826086956522 0.2583125
