0 0.623671875 0.3045 0.13387500000000002 0.21620833333333334
0 0.4991562500000001 0.3479791666666667 0.09290625000000001 0.21620833333333334
0 0.5507500000000001 0.2810208333333333 0.035875000000000004 0.11904166666666667
0 0.7779609375000001 0.28880208333333335 0.047890625 0.09202083333333333
0 0.7633046875 0.28054166666666663 0.032578125000000006 0.05533333333333333
0 0.5865625 0.27529166666666666 0.00940625 0.011625
0 0.153984375 0.30786458333333333 0.0518125 0.09860416666666666
0 0.030062500000000006 0.30264583333333334 0.05990625000000001 0.11358333333333334
0 0.09457031250000002 0.26922916666666663 0.022765625 0.033416666666666664
0 0.683640625 0.30032291666666666 0.0521875 0.10347916666666666
0 0.8480468750000001 0.2876458333333333 0.0196875 0.03179166666666666
0 0.8171171875000001 0.2832604166666667 0.017953125 0.03677083333333333
0 0.4703125 0.271875 0.7406250000000001 0.04791666666666666
