0 0.44471875000000005 0.3510093896713615 0.23025000000000004 0.5238497652582159
0 0.26415625000000004 0.6507394366197182 0.0274375 0.12316901408450705
0 0.2163671875 0.6346126760563381 0.039640625000000006 0.1141549295774648
0 0.138078125 0.6148356807511738 0.018125 0.04258215962441315
0 0.2998125 0.6724061032863851 0.02834375 0.13424882629107981
0 0.15664843750000002 0.6760093896713616 0.027140625 0.13938967136150235
0 0.2785390625 0.6732746478873239 0.026203125 0.1329342723004695
0 0.2545234375 0.5977464788732395 0.017859375 0.03577464788732394
0 0.1711015625 0.8025117370892019 0.043515625 0.10812206572769954
0 0.1470078125 0.8026877934272301 0.064171875 0.08969483568075118
0 0.07872656250000001 0.7886032863849766 0.046765625000000005 0.12049295774647888
0 0.036835937500000006 0.8062089201877934 0.039671875 0.07251173708920187
0 0.7218125000000001 0.6316784037558686 0.025937500000000002 0.059741784037558684
0 0.5 0.681924882629108 0.9968750000000001 0.2652582159624413
