0 0.6808984375 0.7606718750000001 0.18876562500000002 0.42021875000000003
0 0.1955 0.687375 0.08478125 0.26590625
0 0.3671171875 0.7381093750000001 0.112265625 0.3044375
0 0.8433046875000001 0.6718906250000001 0.06135937500000001 0.1921875
0 0.5826328125 0.7731328125000001 0.059671875 0.220953125
0 0.9033125000000001 0.6757734375000001 0.06721875000000001 0.18285937500000002
0 0.9593203125 0.6679140625 0.043953125 0.155328125
0 0.22661718750000004 0.6980078125000001 0.046640625000000005 0.195796875
0 0.37934375000000004 0.6359140624999999 0.06565625000000001 0.137578125
0 0.45290625000000007 0.7451953125 0.10512500000000001 0.30267187500000003
0 0.498359375 0.6551796875 0.048468750000000005 0.152921875
0 0.5595078125 0.6584140625 0.074046875 0.16032812500000002
0 0.6109921875000001 0.6258593750000001 0.042109375000000004 0.09503125000000001
0 0.790625 0.65 0.321875 0.16875
