0 0.652984375 0.6915781249999999 0.024625 0.1018125
0 0.802546875 0.6975390625000001 0.033218750000000005 0.107796875
0 0.5085234375 0.6807890625 0.023046875 0.09473437500000001
0 0.48515625 0.6848281250000001 0.029312500000000005 0.08762500000000001
0 0.471140625 0.6771953125000001 0.018593750000000003 0.081203125
0 0.39775000000000005 0.6745468750000001 0.026281250000000003 0.08765625
0 0.7173515625 0.7030156249999999 0.04535937500000001 0.13387500000000002
0 0.3346484375 0.6701953125000001 0.020546875000000003 0.058203125
0 0.6897109375 0.6895859375000001 0.033671875000000004 0.129046875
0 0.3546328125 0.6702265625 0.021703125000000004 0.07307812500000001
0 0.8330625 0.7116640625 0.0528125 0.13107812500000002
0 0.8830078125 0.66053125 0.042171875 0.07509375000000001
0 0.3015703125 0.6659999999999999 0.017203125 0.056906250000000005
0 0.32578125 0.6882812500000001 0.5890625 0.1234375
