0 0.46882812500000004 0.9749583333333333 0.0363125 0.050083333333333334
0 0.5282187500000001 0.96778125 0.035875000000000004 0.06239583333333333
0 0.556625 0.96384375 0.015343750000000001 0.049479166666666664
0 0.6510546875 0.9644895833333335 0.054359375 0.07102083333333334
0 0.692765625 0.96271875 0.01984375 0.052145833333333336
0 0.5075 0.93040625 0.00865625 0.03227083333333333
0 0.9087734375000001 0.9663437500000001 0.031234374999999998 0.0673125
0 0.7541484375 0.9412395833333332 0.100546875 0.11752083333333332
0 0.44850000000000007 0.9696249999999998 0.01828125 0.06075
0 0.6164609375000001 0.9632083333333333 0.055046874999999995 0.07279166666666666
0 0.845140625 0.9676458333333332 0.04665625 0.06470833333333333
0 0.9419843750000001 0.9438437499999999 0.0780625 0.10247916666666666
0 0.47734375 0.7375 0.8046875 0.5208333333333334
