0 0.6637500000000001 0.5752852852852852 0.19306 0.5932732732732733
0 0.11524 0.7022522522522522 0.23048 0.5954954954954955
0 0.33751 0.5956456456456456 0.20898 0.5981981981981982
0 0.24345 0.2824624624624625 0.13213999999999998 0.2341741741741742
0 0.15351 0.45331831831831826 0.21402000000000002 0.4208708708708709
0 0.34793 0.3231231231231231 0.20906 0.29147147147147145
0 0.50137 0.5964414414414415 0.1395 0.5590690690690691
0 0.8620599999999999 0.6494444444444444 0.26639999999999997 0.6786486486486487
0 0.67227 0.32828828828828827 0.19694 0.23897897897897896
0 0.52116 0.3484084084084084 0.18784 0.2445045045045045
0 0.04789 0.2887687687687688 0.09278 0.573033033033033
0 0.91064 0.5773873873873874 0.17872 0.5731531531531532
0 0.21680000000000002 0.1241141141141141 0.18084 0.2482282282282282
0 0.6930000000000001 0.3003003003003003 0.61 0.6006006006006006
