0 0.4284583333333334 0.556453125 0.25475 0.44415625000000003
0 0.7251666666666667 0.5212109375 0.06320833333333334 0.069734375
0 0.6808333333333334 0.49824218750000004 0.026875 0.046703125000000005
0 0.7693645833333332 0.47740625000000003 0.0079375 0.00615625
0 0.7709895833333333 0.5245703125 0.03785416666666667 0.054328125000000005
0 0.6239375 0.512734375 0.032625 0.06806250000000001
0 0.5659062499999999 0.516890625 0.03827083333333334 0.06328125
0 0.96371875 0.5339843750000001 0.0341875 0.08850000000000001
0 0.13534375 0.5185234375 0.048187499999999994 0.10648437500000002
0 0.5373541666666667 0.49635156249999995 0.021708333333333333 0.042640625
0 0.5919687499999999 0.5101015624999999 0.0240625 0.041421875000000004
0 0.652625 0.489765625 0.028999999999999998 0.0334375
0 0.8023020833333333 0.51025 0.024729166666666663 0.07096875000000001
0 0.5 0.5203125000000001 0.9958333333333333 0.15625
