0 0.21560937500000002 0.49555035128805625 0.1424375 0.363231850117096
0 0.5390859375 0.5158665105386416 0.106859375 0.3961826697892271
0 0.8780234375000001 0.532576112412178 0.048671875 0.18252927400468383
0 0.31467187500000005 0.4363934426229508 0.04831250000000001 0.0980327868852459
0 0.167109375 0.45607728337236536 0.029031249999999998 0.11149882903981265
0 0.7561562500000001 0.5203747072599532 0.02821875 0.15480093676814988
0 0.029343750000000002 0.4202693208430914 0.04071875 0.09060889929742388
0 0.7300859375000001 0.5212412177985948 0.030390625 0.16149882903981264
0 0.8331015625000001 0.5368032786885246 0.023390625 0.14414519906323184
0 0.6238281250000001 0.4657025761124122 0.0195625 0.05983606557377049
0 0.6282421875 0.4713466042154567 0.026734375 0.05238875878220141
0 0.807203125 0.5253044496487119 0.018562500000000003 0.07800936768149884
0 0.1046640625 0.4199882903981264 0.029703125000000004 0.08494145199063233
0 0.63984375 0.5035128805620609 0.6328125 0.2107728337236534
