0 0.8340546875 0.7319583333333333 0.067765625 0.23491666666666666
0 0.5035859374999999 0.6441874999999999 0.015703125000000002 0.054
0 0.9637890625000001 0.6373125000000001 0.010890625000000001 0.03766666666666666
0 0.9519609375000002 0.6339895833333333 0.009578125 0.042312499999999996
0 0.93434375 0.634375 0.016 0.040875
0 0.5634609375 0.6340000000000001 0.015953125000000002 0.042333333333333334
0 0.5400703125 0.6390104166666667 0.010984375000000001 0.035895833333333335
0 0.4579140625 0.6361145833333333 0.010421875 0.028354166666666666
0 0.9768671874999999 0.6358125 0.009859375 0.03195833333333333
0 0.9941484375 0.6350104166666667 0.011703125000000002 0.041229166666666664
0 0.3589140625 0.6342708333333333 0.005921875 0.018708333333333334
