0 0.50259375 0.7390416666666667 0.069375 0.49102777777777784
0 0.5465390625 0.6684027777777778 0.072546875 0.6169166666666667
0 0.1289296875 0.7280972222222223 0.187078125 0.5168611111111111
0 0.499171875 0.3865416666666667 0.02659375 0.04725000000000001
0 0.5309921875 0.4064722222222223 0.046546875 0.1826666666666667
0 0.7614140625 0.4797916666666667 0.064734375 0.19663888888888892
0 0.9753828125 0.7434305555555556 0.049234375000000004 0.5131388888888889
0 0.8479140625 0.6049444444444444 0.251390625 0.7605
0 0.3155859375000001 0.7818194444444444 0.306828125 0.4259722222222222
0 0.0781640625 0.47672222222222227 0.098171875 0.3745
0 0.6392031250000001 0.6220694444444445 0.15634375 0.7298611111111112
0 0.712484375 0.6093611111111111 0.08268750000000001 0.6012777777777778
