0 0.3398359375 0.201553738317757 0.039859375 0.07829439252336448
0 0.566046875 0.22742990654205605 0.039625 0.15705607476635514
0 0.6266875000000001 0.2286915887850467 0.036187500000000004 0.14850467289719627
0 0.759171875 0.22372663551401867 0.04334375 0.15212616822429906
0 0.8054062500000001 0.2410163551401869 0.053125000000000006 0.13848130841121495
0 0.319484375 0.24219626168224295 0.05103125 0.13985981308411213
0 0.21833593750000002 0.20014018691588784 0.043328125 0.08070093457943925
0 0.41596875 0.21482476635514017 0.03434375 0.15488317757009346
0 0.1995390625 0.17272196261682243 0.014109375 0.026331775700934576
0 0.500625 0.231553738317757 0.060187500000000005 0.15259345794392523
0 0.47398437499999996 0.2316588785046729 0.03853125 0.15663551401869158
0 0.8252578125 0.18839953271028034 0.025734375 0.08950934579439253
0 0.60171875 0.22880841121495327 0.05125 0.14271028037383177
0 0.49921875000000004 0.19158878504672897 0.9984375000000001 0.29439252336448596
