0 0.35447656250000004 0.6394832402234637 0.14029687500000002 0.47416201117318435
0 0.7967578125000001 0.5184497206703911 0.006828125000000001 0.02170391061452514
0 0.7304296875 0.5092877094972068 0.011578125000000002 0.02824022346368715
0 0.6738125 0.4701675977653631 0.0034375000000000005 0.015363128491620113
0 0.6437109375000001 0.4522206703910614 0.013578125 0.025726256983240228
0 0.8354218750000002 0.5241899441340783 0.0084375 0.03368715083798883
0 0.6088359375000001 0.44789106145251395 0.003453125 0.008687150837988827
0 0.8476875 0.6168016759776537 0.040031250000000004 0.1796927374301676
0 0.7510234375 0.5124441340782122 0.010015625 0.022932960893854753
0 0.8065781250000001 0.5200977653631285 0.00815625 0.021089385474860334
