0 0.77649 0.3553083109919571 0.01078 0.041715817694369974
0 0.6576799999999999 0.42869973190348526 0.0078 0.02973190348525469
0 0.9198700000000001 0.3268364611260054 0.01446 0.038766756032171584
0 0.90174 0.3184182305630027 0.0216 0.05619302949061662
0 0.95786 0.32611260053619306 0.02224 0.05024128686327078
0 0.8741899999999999 0.3290348525469169 0.01802 0.0328686327077748
0 0.8310299999999999 0.34471849865951737 0.01686 0.038445040214477214
0 0.81371 0.35529490616621984 0.022180000000000002 0.03166219839142091
0 0.66534 0.42325737265415553 0.01052 0.030160857908847184
0 0.80195 0.35333780160857914 0.01018 0.03680965147453083
0 0.6017100000000001 0.39895442359249333 0.06602 0.17812332439678283
0 0.9932099999999999 0.3331635388739947 0.01358 0.05308310991957105
0 0.6977000000000001 0.39432975871313675 0.013519999999999999 0.0318230563002681
0 0.8270000000000001 0.3672922252010724 0.318 0.11796246648793565
