0 0.3835078125 0.2612083333333333 0.353734375 0.5224166666666666
0 0.578796875 0.7761666666666667 0.0735625 0.18570833333333334
0 0.673234375 0.7840104166666666 0.0528125 0.14281249999999998
0 0.724078125 0.5716458333333333 0.016625 0.06041666666666667
0 0.74875 0.5835104166666666 0.01034375 0.03677083333333333
0 0.7641640625 0.5916666666666667 0.011171875000000001 0.03820833333333333
0 0.067625 0.7336666666666666 0.0404375 0.041
0 0.9914140625000002 0.6569791666666666 0.009578125 0.0115
0 0.036687500000000005 0.7199687499999999 0.014124999999999999 0.02314583333333333
0 0.8854843750000001 0.63603125 0.006500000000000001 0.034937499999999996
0 0.977359375 0.641 0.012875000000000001 0.0455
0 0.6417656250000001 0.7416458333333333 0.028875 0.07554166666666666
