0 0.39209375 0.3132426303854875 0.14084375000000002 0.1364625850340136
0 0.098015625 0.48120181405895696 0.05884375 0.21750566893424036
0 0.5959609375 0.30708616780045356 0.040484375 0.08836734693877552
0 0.525734375 0.3130272108843537 0.05125 0.06900226757369615
0 0.137546875 0.4706349206349207 0.032468750000000005 0.1794104308390023
0 0.16639062500000001 0.4684240362811791 0.034031250000000006 0.1441950113378685
0 0.1818515625 0.4618480725623583 0.020734375 0.14156462585034013
0 0.0458828125 0.4759183673469388 0.042171875 0.22458049886621317
0 0.06646875000000001 0.41351473922902493 0.0340625 0.10816326530612246
0 0.6788125 0.29765306122448976 0.1391875 0.17231292517006802
0 0.9198125000000001 0.5057256235827665 0.026812500000000003 0.13721088435374149
0 0.6353828125000001 0.29789115646258507 0.035203125 0.06471655328798186
0 0.11541406250000003 0.3980272108843538 0.024546875000000003 0.03886621315192744
0 0.5046875000000001 0.44784580498866217 0.625 0.12018140589569161
