0 0.44756250000000003 0.541640625 0.0123125 0.062135416666666665
0 0.7479921875 0.5595572916666667 0.024265625 0.09291666666666666
0 0.9598281250000001 0.5535937499999999 0.02090625 0.06583333333333333
0 0.25905468750000005 0.5695182291666666 0.017046875 0.076171875
0 0.76984375 0.5513932291666667 0.01503125 0.07096354166666666
0 0.5774296875 0.5370442708333333 0.015953125000000002 0.05033854166666666
0 0.5216953125 0.5336067708333333 0.012984375000000001 0.044869791666666665
0 0.49019531250000004 0.5505208333333333 0.013640625000000002 0.0390625
0 0.47167187499999996 0.539296875 0.0118125 0.06640625
0 0.28864843749999997 0.5855338541666666 0.010265625 0.04872395833333333
0 0.439734375 0.5369921874999999 0.010812500000000001 0.06742187499999999
0 0.9970390625000001 0.5463020833333332 0.005734375 0.06697916666666666
0 0.48810156250000003 0.5435807291666666 0.005703125 0.03893229166666666
0 0.44375000000000003 0.5638020833333333 0.70625 0.1015625
