0 0.5233125 0.36966666666666664 0.52415625 0.7303333333333333
0 0.6902187500000001 0.23651041666666667 0.24953124999999998 0.47302083333333333
0 0.455203125 0.5159479166666666 0.16593750000000002 0.3891875
0 0.6602890625 0.4014479166666666 0.08385937500000001 0.1316875
0 0.7998750000000001 0.47040624999999997 0.12328125000000001 0.22360416666666666
0 0.950984375 0.36040624999999993 0.07162500000000001 0.09614583333333333
0 0.5619453125 0.31990625 0.095671875 0.4186875
0 0.8717421875 0.55859375 0.25651562499999997 0.34697916666666667
0 0.18207031250000003 0.5865625 0.24954687500000003 0.37404166666666666
0 0.961296875 0.16865625 0.07421875 0.3078958333333333
0 0.908046875 0.5962187499999999 0.18390625000000002 0.1141875
