0 0.4665078125 0.621768149882904 0.067171875 0.3064871194379391
0 0.584375 0.6361592505854801 0.14071875 0.2815456674473068
0 0.6447265625 0.620831381733021 0.137953125 0.2818501170960187
0 0.9169062499999999 0.5601873536299765 0.09628125 0.2646370023419204
0 0.7256562500000001 0.6056206088992975 0.1259375 0.28988290398126465
0 0.3735390625 0.5630679156908666 0.067265625 0.25798594847775175
0 0.521390625 0.6456791569086651 0.08071875 0.2888758782201405
0 0.9865703125 0.5447892271662763 0.026859375000000005 0.16798594847775178
0 0.7661562500000001 0.4807494145199063 0.02121875 0.08697892271662763
0 0.7183828125 0.4498126463700234 0.021046875000000003 0.037096018735362994
