0 0.4891640625 0.5344895833333333 0.090234375 0.28952083333333334
0 0.7794921875 0.16741666666666666 0.062359374999999995 0.06516666666666666
0 0.2626875 0.21445833333333333 0.0511875 0.23954166666666668
0 0.82309375 0.12508333333333332 0.0505625 0.06508333333333333
0 0.8782734375000001 0.11677083333333332 0.048015625000000006 0.06920833333333333
0 0.85515625 0.10804166666666666 0.03553125 0.06949999999999999
0 0.7421953125 0.09092708333333333 0.053734375 0.10172916666666666
0 0.7021406250000001 0.04071875 0.046312500000000006 0.07664583333333333
0 0.6687656250000001 0.0403125 0.04521875 0.080625
0 0.63046875 0.039885416666666666 0.03596875 0.07022916666666666
0 0.590265625 0.03523958333333333 0.060375000000000005 0.0690625
0 0.36417187500000003 0.03376041666666666 0.05771875 0.06272916666666667
0 0.9213359375000002 0.12166666666666667 0.05254687500000001 0.089375
0 0.49921875000000004 0.3177083333333333 0.9984375000000001 0.6354166666666666
