0 0.4343046875 0.44021875 0.12054687500000001 0.23802083333333332
0 0.5628515625 0.27978125 0.046046875 0.0991875
0 0.28785156250000005 0.34929166666666667 0.06801562500000001 0.22183333333333333
0 0.8418984374999999 0.3201354166666667 0.034421875000000005 0.0611875
0 0.9139765625000001 0.3056354166666666 0.040171875 0.09835416666666667
0 0.7988828125 0.314125 0.049609375000000004 0.07912499999999999
0 0.630125 0.30065625 0.047625 0.06989583333333332
0 0.667125 0.3011875 0.04025000000000001 0.07216666666666667
0 0.7519453125000001 0.30490625000000005 0.044671875 0.07760416666666667
0 0.325875 0.3048125 0.054062500000000006 0.17149999999999999
0 0.39994531250000004 0.2920833333333333 0.045140625000000004 0.07437500000000001
0 0.5183984375 0.26455208333333335 0.04195312500000001 0.10293749999999999
0 0.4370234375 0.28539583333333335 0.051578125 0.07458333333333332
0 0.5078125 0.35625 0.978125 0.24166666666666667
