0 0.1394140625 0.6356365740740739 0.006796875 0.013125
0 0.15953906250000002 0.7282291666666667 0.025765625 0.12094907407407407
0 0.34850781250000007 0.8127546296296295 0.096734375 0.1297222222222222
0 0.23682031250000002 0.7126967592592592 0.022046875 0.09381944444444444
0 0.3461484375 0.6897222222222222 0.028703125000000003 0.11796296296296296
0 0.732359375 0.6668171296296296 0.0566875 0.08497685185185185
0 0.8376171875000001 0.6925231481481482 0.028765625000000003 0.12129629629629629
0 0.13253125000000002 0.7250925925925926 0.02978125 0.1386111111111111
0 0.20360156250000003 0.741550925925926 0.027984375000000002 0.16476851851851854
0 0.42800000000000005 0.6716435185185184 0.0206875 0.07152777777777777
0 0.36110937500000007 0.6742476851851851 0.01959375 0.11229166666666665
0 0.5876718750000001 0.6744212962962963 0.039656250000000004 0.06472222222222222
0 0.5576875 0.6624537037037037 0.02059375 0.13041666666666668
0 0.36250000000000004 0.673611111111111 0.721875 0.17129629629629628
