0 0.4419479166666667 0.4 0.6322291666666667 0.5393125000000001
0 0.8407604166666667 0.2615546875 0.31847916666666665 0.287609375
0 0.09138541666666665 0.4449453125 0.17677083333333332 0.355046875
0 0.19738541666666667 0.24802343750000003 0.1743958333333333 0.222890625
0 0.3581875 0.1182578125 0.12625 0.037171875
0 0.5728437500000001 0.21919531250000002 0.15043749999999997 0.19473437500000002
0 0.45715625 0.1728359375 0.058729166666666666 0.057828125
0 0.5258125 0.1629921875 0.07608333333333334 0.119640625
0 0.7876041666666667 0.6376953125 0.4247916666666667 0.171984375
0 0.038625 0.20788281250000004 0.07725 0.134234375
