0 0.3244375 0.6044895833333334 0.27809375 0.48089583333333336
0 0.6836328125 0.5238437499999999 0.026453125 0.08697916666666666
0 0.6995234375 0.5301666666666667 0.016140625000000002 0.08704166666666667
0 0.9969453125 0.5077916666666666 0.005265625 0.048875
0 0.9778906250000001 0.5232604166666667 0.022375000000000003 0.0930625
0 0.5109921875000001 0.4965208333333333 0.023796875000000002 0.04145833333333333
0 0.5288828125 0.5035104166666666 0.013703125 0.0595625
0 0.19917968750000004 0.4868854166666666 0.015609375000000002 0.023104166666666665
0 0.5493671875 0.5144895833333333 0.009734375000000002 0.0169375
0 0.3993671875 0.49090625 0.011796875 0.019687499999999997
0 0.6652109375 0.5200833333333333 0.025609375000000004 0.07625
0 0.542234375 0.4933020833333333 0.01228125 0.01914583333333333
0 0.48175 0.5124270833333333 0.01196875 0.0369375
