0 0.8298984375 0.37680208333333337 0.110890625 0.21139583333333334
0 0.4885625 0.33425 0.038625 0.14445833333333333
0 0.796375 0.3495104166666667 0.06784375000000001 0.14985416666666668
0 0.6124921875 0.31825 0.038234375 0.08725000000000001
0 0.55459375 0.32729166666666665 0.06890625 0.162
0 0.5822734374999999 0.30622916666666666 0.020796875000000003 0.06308333333333334
0 0.5151093750000001 0.3370729166666666 0.026500000000000003 0.13922916666666665
0 0.463078125 0.3375208333333334 0.035375000000000004 0.13641666666666669
0 0.42937500000000006 0.32565625 0.03671875 0.09877083333333332
0 0.38558593750000003 0.31515625 0.048546875 0.1066875
0 0.2738828125 0.3264375 0.036953124999999996 0.09904166666666667
0 0.10771875 0.31386458333333334 0.04196875 0.10739583333333333
