0 0.6139609375 0.6000000000000001 0.184421875 0.539344262295082
0 0.14082031250000002 0.40624121779859484 0.10420312500000001 0.28156908665105385
0 0.211625 0.32104215456674473 0.07475000000000001 0.27969555035128807
0 0.36253124999999997 0.23646370023419203 0.064875 0.16449648711943793
0 0.4288046875 0.5134777517564403 0.10495312500000001 0.5550585480093677
0 0.9328671875 0.5151053864168618 0.09623437500000001 0.5780327868852458
0 0.5724765625 0.3376697892271663 0.094921875 0.21866510538641687
0 0.45679687500000005 0.3244262295081967 0.02453125 0.11873536299765809
0 0.31596093750000004 0.39470725995316164 0.066859375 0.3014988290398127
0 0.398765625 0.22755269320843088 0.057499999999999996 0.10030444964871194
0 0.4954609375 0.38311475409836065 0.071109375 0.21611241217798596
0 0.6831640625000001 0.49881733021077285 0.127109375 0.5734192037470726
0 0.36960156250000004 0.5361475409836065 0.110890625 0.5141217798594848
0 0.8656250000000001 0.5608899297423887 0.265625 0.629976580796253
