0 0.04059 0.5062650602409638 0.029500000000000002 0.10506024096385544
0 0.15449 0.469066265060241 0.01002 0.055662650602409644
0 0.225 0.49000000000000005 0.02736 0.08626506024096386
0 0.25563 0.48783132530120477 0.01534 0.08234939759036145
0 0.6248000000000001 0.47772590361445794 0.012920000000000001 0.060572289156626505
0 0.5621900000000001 0.4587349397590362 0.011980000000000001 0.05795180722891566
0 0.60273 0.4663704819277109 0.01046 0.05406626506024097
0 0.13329 0.4902861445783132 0.01402 0.07593373493975904
0 0.76837 0.5181024096385543 0.024739999999999998 0.031445783132530124
0 0.16541999999999998 0.47703313253012053 0.01684 0.061596385542168675
