0 0.8797109375000001 0.5874824355971897 0.040015625 0.14489461358313815
0 0.10067187500000002 0.5093793911007025 0.03415625 0.13955503512880563
0 0.032484375 0.5179391100702576 0.03175 0.11686182669789227
0 0.9462578125000001 0.5510187353629976 0.037578125000000004 0.21037470725995316
0 0.788 0.591615925058548 0.0383125 0.13447306791569086
0 0.9704062499999999 0.5866861826697892 0.02109375 0.10775175644028102
0 0.89884375 0.5776346604215457 0.017625 0.1146135831381733
0 0.806859375 0.5635245901639344 0.0143125 0.0860655737704918
0 0.8235234375000001 0.5642974238875877 0.022171875 0.10044496487119438
0 0.29280468750000005 0.5454566744730679 0.013484375000000002 0.03091334894613583
0 0.96084375 0.5190983606557377 0.011375000000000001 0.07533957845433256
0 0.98878125 0.5694145199063232 0.0224375 0.10814988290398127
0 0.9193203125 0.5765339578454333 0.017078125 0.07185011709601874
0 0.5164062500000001 0.5070257611241218 0.9515625000000001 0.297423887587822
