0 0.417140625 0.5799613402061855 0.1706875 0.8198195876288659
0 0.5939921875 0.6247164948453607 0.177109375 0.7280927835051546
0 0.7240937500000001 0.5625386597938143 0.23025000000000004 0.8471907216494845
0 0.7600078125 0.5677835051546392 0.130546875 0.8644329896907216
0 0.15897656250000003 0.5475644329896907 0.064796875 0.16806701030927834
0 0.3038671875000001 0.5831958762886598 0.14370312500000001 0.7975257731958763
0 0.884171875 0.5364948453608247 0.04453125 0.11391752577319589
0 0.227375 0.5392912371134021 0.13671875 0.9214175257731958
0 0.8772656249999999 0.408041237113402 0.054375 0.1372680412371134
0 0.15251562500000002 0.41452319587628866 0.03209375 0.11368556701030927
