0 0.5781796875 0.48384375 0.061640625000000004 0.1656875
0 0.1551640625 0.36221875000000003 0.033609375000000004 0.16964583333333336
0 0.37679687500000003 0.19410416666666666 0.02734375 0.050708333333333334
0 0.4025625 0.19584375 0.02609375 0.044187500000000005
0 0.42011718750000004 0.17280208333333333 0.039515625 0.055812499999999994
0 0.6655703125 0.17926041666666667 0.027046874999999998 0.06722916666666667
0 0.304390625 0.19634375 0.02346875 0.040937499999999995
0 0.8608828124999999 0.19434374999999998 0.042734375000000005 0.1120625
0 0.768234375 0.17836458333333333 0.06071875 0.0698125
0 0.74628125 0.16623958333333333 0.03725 0.09706250000000001
0 0.7480625000000001 0.10798958333333333 0.02528125 0.04897916666666667
0 0.8171875000000001 0.19925 0.030343750000000003 0.10591666666666667
0 0.296296875 0.9696874999999999 0.052593749999999995 0.060625000000000005
0 0.49921875000000004 0.49895833333333334 0.9984375000000001 0.9979166666666667
