0 0.45707031249999996 0.2997902097902098 0.07682812500000001 0.17892773892773894
0 0.520484375 0.3074242424242424 0.06984375000000001 0.18207459207459206
0 0.8550703125000001 0.5210139860139861 0.07695312500000001 0.25405594405594406
0 0.6041562500000001 0.2905011655011655 0.09590625000000001 0.1683216783216783
0 0.18426562500000002 0.4227972027972028 0.04421875 0.0510955710955711
0 0.0375625 0.4136946386946387 0.02528125 0.038717948717948716
0 0.9015390625 0.5097319347319347 0.067671875 0.25237762237762235
0 0.5795078125 0.2787645687645688 0.032296875 0.039347319347319346
0 0.710640625 0.43071095571095575 0.040156250000000004 0.03904428904428905
0 0.49442968750000005 0.28265734265734266 0.033390625 0.05435897435897436
0 0.14085156250000003 0.4275757575757576 0.032703125 0.03920745920745921
