0 0.5691640625 0.6149531615925059 0.189265625 0.49398126463700237
0 0.8126484375 0.5642974238875877 0.076171875 0.5188992974238875
0 0.5409296875 0.43373536299765814 0.020203125000000002 0.09206088992974239
0 0.7070078125000001 0.6317564402810304 0.178828125 0.5450585480093677
0 0.8645390625000001 0.47014051522248246 0.053765625 0.33124121779859483
0 0.9029140625000001 0.5472950819672131 0.098828125 0.44775175644028103
0 0.6969062500000001 0.5947423887587822 0.05965625 0.19444964871194378
0 0.6827578125000001 0.5389461358313817 0.039015625 0.21316159250585479
0 0.688203125 0.4137822014051522 0.047093750000000004 0.08995316159250585
0 0.3155859375 0.3752927400468384 0.034296875 0.053395784543325525
0 0.7071171875 0.4360889929742388 0.016109375000000002 0.04908665105386417
