0 0.5414921875 0.7430633802816901 0.070328125 0.26800469483568073
0 0.5239687500000001 0.7808098591549296 0.06340625 0.21866197183098593
0 0.402625 0.7531103286384977 0.11334375000000002 0.29922535211267604
0 0.2355859375 0.6943779342723005 0.076296875 0.2606807511737089
0 0.1690859375 0.6522535211267606 0.028578125 0.1766666666666667
0 0.09861718750000001 0.671443661971831 0.041765625 0.19016431924882632
0 0.072234375 0.6682394366197184 0.030187500000000003 0.13061032863849767
0 0.0274453125 0.7048239436619719 0.033046874999999996 0.12603286384976525
0 0.20812500000000003 0.6185211267605634 0.02125 0.08882629107981221
0 0.042710937500000004 0.6647652582159624 0.032515625 0.20375586854460093
0 0.1852578125 0.6756103286384977 0.024921875 0.11615023474178403
0 0.22121093750000004 0.5953990610328639 0.018328125 0.06610328638497653
0 0.0266484375 0.6167253521126761 0.020484375 0.0769718309859155
0 0.13046875 0.6267605633802817 0.2609375 0.1784037558685446
