0 0.2206206088992974 0.67528125 0.1246135831381733 0.17303125
0 0.12353629976580796 0.681984375 0.1473536299765808 0.17462500000000003
0 0.8752107728337236 0.540375 0.07028103044496488 0.08709375000000001
0 0.3945081967213115 0.7397734375 0.11313817330210774 0.187078125
0 0.8780093676814988 0.4487421875 0.06135831381733021 0.07695312500000001
0 0.8251405152224824 0.4393203125 0.05740046838407494 0.075859375
0 0.3553395784543326 0.5354375 0.07199063231850117 0.05384375
0 0.2937822014051522 0.574328125 0.05271662763466042 0.09240625000000001
0 0.31710772833723655 0.5506171875000001 0.037400468384074945 0.070265625
0 0.18016393442622952 0.5054609375 0.0522248243559719 0.04510937500000001
0 0.028009367681498826 0.44071875000000005 0.05124121779859485 0.03884375
0 0.8289578454332552 0.5689609375 0.04105386416861827 0.066953125
0 0.49882903981264637 0.49140625000000004 0.9976580796252927 0.23593750000000002
