0 0.46003906250000004 0.546204128440367 0.039984375 0.1579587155963303
0 0.36749218750000007 0.5381077981651377 0.047328125 0.1728211009174312
0 0.49818750000000006 0.504323394495413 0.01653125 0.05543577981651377
0 0.6582109375 0.3343348623853211 0.024359375000000003 0.11325688073394496
0 0.5465546874999999 0.5229587155963303 0.029359375 0.09688073394495414
0 0.28940625000000003 0.5360435779816514 0.02146875 0.09805045871559634
0 0.57409375 0.5146559633027523 0.0229375 0.09045871559633027
0 0.5396484375 0.3640252293577982 0.04089062500000001 0.09823394495412845
0 0.6814921875000001 0.3248509174311927 0.015984375000000002 0.05772935779816515
0 0.3918125 0.5084977064220183 0.011375000000000001 0.058509174311926614
0 0.6465937500000001 0.41510321100917436 0.023000000000000003 0.06474770642201835
0 0.6284375 0.2984174311926606 0.015062500000000001 0.04357798165137615
0 0.517890625 0.3429816513761468 0.027000000000000003 0.1381651376146789
0 0.46953125 0.4380733944954129 0.1859375 0.3577981651376147
