0 0.713640625 0.5527604166666666 0.053437500000000006 0.15439583333333334
0 0.909203125 0.5702083333333333 0.14715625000000002 0.18270833333333333
0 0.83171875 0.5610729166666667 0.030906250000000003 0.14018750000000002
0 0.7985546875 0.5419479166666666 0.018953125 0.07222916666666666
0 0.5449296875 0.5509791666666667 0.028546875 0.08195833333333334
0 0.7469921875000001 0.5582916666666667 0.035953125 0.14291666666666666
0 0.574234375 0.5498020833333332 0.02790625 0.08497916666666666
0 0.6666953125 0.5505104166666667 0.021453125000000003 0.06335416666666667
0 0.587609375 0.5473333333333333 0.01025 0.05354166666666666
0 0.7767187500000001 0.5402916666666666 0.0173125 0.06925
0 0.6787109375 0.5510208333333333 0.010671875 0.05454166666666666
0 0.821125 0.5529895833333334 0.0145625 0.09052083333333334
