0 0.8286562500000001 0.78259375 0.16653125000000002 0.1594375
0 0.720890625 0.5440833333333333 0.07115625 0.228875
0 0.8538437499999999 0.5298333333333333 0.05721875 0.1408333333333333
0 0.7073046875 0.4222916666666666 0.063953125 0.143625
0 0.471125 0.5387187499999999 0.08325 0.12585416666666666
0 0.707640625 0.1390625 0.04334375 0.06316666666666666
0 0.7477109375 0.139625 0.037734375 0.062
0 0.7818437500000002 0.14072916666666666 0.034281250000000006 0.06695833333333333
0 0.7266640625 0.3729166666666667 0.032578125000000006 0.06358333333333333
0 0.6732421875000001 0.13806250000000003 0.037703125000000004 0.064875
0 0.46060156250000006 0.12151041666666668 0.022859375 0.0449375
0 0.8925156250000001 0.51496875 0.029562500000000005 0.0770625
0 0.52890625 0.34791666666666665 0.9171875 0.55
