0 0.8250000000000001 0.6114867424242425 0.2415625 0.648655303030303
0 0.381125 0.5158712121212121 0.25284375 0.8836742424242424
0 0.7784375 0.22090909090909092 0.10115625 0.2324621212121212
0 0.504265625 0.24733901515151516 0.09640625000000001 0.2606628787878788
0 0.6809921875000001 0.2869223484848485 0.09601562500000001 0.31528409090909093
0 0.228953125 0.5089867424242425 0.25028125 0.8921401515151516
0 0.5744921875000001 0.39776515151515157 0.11007812500000001 0.25056818181818186
0 0.8296328125000001 0.6511458333333333 0.297703125 0.13846590909090908
0 0.150171875 0.15168560606060608 0.11493750000000001 0.2853787878787879
0 0.889875 0.31044507575757574 0.10390625 0.1881628787878788
0 0.5994609375 0.2237215909090909 0.11120312500000001 0.2867613636363636
0 0.4911406250000001 0.6059375 0.12062500000000001 0.46452651515151516
0 0.6922734375 0.44192234848484846 0.075515625 0.18304924242424245
0 0.5 0.1846590909090909 0.9968750000000001 0.3693181818181818
