0 0.47407812499999996 0.6541238317757009 0.034 0.11100467289719625
0 0.3604609375 0.7560981308411214 0.067421875 0.11266355140186915
0 0.42998437500000003 0.6668107476635513 0.035562500000000004 0.06801401869158878
0 0.6213359375 0.7292056074766355 0.044484375 0.08705607476635513
0 0.662453125 0.7224766355140185 0.04228125 0.08327102803738318
0 0.593734375 0.7066238317757009 0.040406250000000005 0.06577102803738318
0 0.6854062500000001 0.7335864485981308 0.049406250000000006 0.08572429906542055
0 0.5541640624999999 0.7309929906542055 0.057109375 0.08707943925233645
0 0.906609375 0.6606892523364486 0.023031250000000003 0.09016355140186916
0 0.49646093750000003 0.6466705607476635 0.021078125000000003 0.07894859813084111
0 0.9483593750000001 0.693679906542056 0.0330625 0.13432242990654206
0 0.9861093750000001 0.649894859813084 0.018593750000000003 0.11502336448598129
0 0.43464843750000004 0.7469042056074766 0.059109375 0.26665887850467285
0 0.49921875000000004 0.7616822429906541 0.9984375000000001 0.47196261682242985
