0 0.3216875 0.6594583333333333 0.09734375 0.36000000000000004
0 0.20340625 0.6627708333333333 0.09178125000000001 0.367125
0 0.736359375 0.6541041666666667 0.041875 0.16866666666666666
0 0.7558203125 0.5523854166666666 0.024046875000000002 0.0653125
0 0.08785937500000002 0.6611354166666668 0.047531250000000004 0.16272916666666667
0 0.1148984375 0.6584270833333332 0.028953125000000003 0.15402083333333336
0 0.12263281250000001 0.6458958333333332 0.054078125000000005 0.16470833333333335
0 0.1504140625 0.65559375 0.034265625 0.1444375
0 0.8158671875 0.6601666666666667 0.08692187500000001 0.263
0 0.0641875 0.6559270833333334 0.0244375 0.1424375
0 0.029789062499999998 0.66959375 0.030984374999999998 0.14935416666666665
0 0.045234375 0.6503854166666667 0.02840625 0.1585625
0 0.49296875 0.43645833333333334 0.9859375 0.6979166666666666
