0 0.8580891719745223 0.7488359375 0.16980891719745222 0.471171875
0 0.6315711252653928 0.76628125 0.2091295116772824 0.4419375
0 0.37803609341825906 0.7706718750000001 0.17208067940552016 0.42375
0 0.8498513800424629 0.44614062499999996 0.07740976645435244 0.178875
0 0.6145541401273886 0.50240625 0.12571125265392782 0.20365625
0 0.5023779193205945 0.5468437500000001 0.09554140127388534 0.2525
0 0.3256050955414013 0.48217968750000006 0.14798301486199575 0.267328125
0 0.12372611464968153 0.4581640625000001 0.12239915074309979 0.08429687500000001
0 0.3917197452229299 0.5217343750000001 0.14220806794055202 0.207375
0 0.7255732484076433 0.5180625 0.14159235668789807 0.24150000000000002
0 0.08163481953290871 0.43239843750000007 0.07927813163481953 0.10826562500000002
