0 0.10471875 0.6422417840375587 0.10328124999999999 0.3965492957746479
0 0.2335390625 0.6067957746478874 0.037421875 0.211056338028169
0 0.8937265625 0.5718075117370892 0.09295312500000001 0.12347417840375588
0 0.9308906250000002 0.5286267605633803 0.02834375 0.12842723004694837
0 0.8639375000000001 0.5255868544600939 0.04328125 0.07089201877934272
0 0.04840625 0.5703403755868545 0.030718750000000003 0.09603286384976525
0 0.15253125 0.5344835680751174 0.02496875 0.06624413145539906
0 0.895359375 0.5183333333333333 0.020375 0.050845070422535214
0 0.38113281250000003 0.354718309859155 0.094890625 0.1315962441314554
0 0.156796875 0.5802816901408451 0.026468750000000003 0.09582159624413146
0 0.22311718750000004 0.525774647887324 0.018046875 0.0492018779342723
0 0.045726562500000005 0.5480046948356808 0.017234375 0.03798122065727699
