0 0.701359375 0.6544718309859155 0.0665 0.10204225352112677
0 0.23122656249999998 0.6245657276995306 0.025421875 0.09438967136150235
0 0.24979687500000003 0.633262910798122 0.03625 0.10577464788732395
0 0.376953125 0.6192605633802817 0.013093750000000001 0.06152582159624413
0 0.39337500000000003 0.6192723004694836 0.0133125 0.060375586854460095
0 0.4068046875 0.617981220657277 0.012984375000000001 0.06492957746478874
0 0.4194609375000001 0.6195539906103287 0.016359375000000002 0.04450704225352113
0 0.6563671875 0.6335446009389671 0.032578125000000006 0.09723004694835681
0 0.96425 0.6368661971830987 0.028031250000000004 0.10776995305164319
0 0.8839296875000001 0.6284507042253522 0.018171875 0.0795774647887324
0 0.9911875000000001 0.6482394366197183 0.0171875 0.11192488262910798
