0 0.251609375 0.7319722222222222 0.09265625 0.252
0 0.47759375 0.6321111111111112 0.07856250000000001 0.29644444444444445
0 0.3379765625 0.46018055555555554 0.020203125000000002 0.07869444444444444
0 0.2934296875 0.4502083333333334 0.024265625 0.07530555555555556
0 0.6293046875 0.4683611111111112 0.019171875 0.09872222222222223
0 0.7853359375000001 0.4642361111111111 0.022390625 0.10647222222222222
0 0.8784140625000001 0.4446805555555556 0.022515625 0.06513888888888889
0 0.9876718750000001 0.4537083333333334 0.02434375 0.1418611111111111
0 0.42714062500000005 0.4375833333333334 0.0158125 0.10388888888888889
0 0.45296875 0.42955555555555563 0.017374999999999998 0.0635
0 0.1103828125 0.42344444444444446 0.007515625 0.014222222222222223
0 0.33859375 0.4387916666666667 0.02309375 0.06108333333333333
0 0.23209375 0.4059027777777778 0.017625 0.05669444444444445
0 0.19062500000000002 0.4638888888888889 0.19687500000000002 0.19444444444444445
