0 0.6988288288288288 0.6386700000000001 0.3426426426426426 0.43798000000000004
0 0.49270270270270267 0.85254 0.08786786786786788 0.162
0 0.9204354354354354 0.88463 0.04981981981981982 0.048780000000000004
0 0.7255255255255256 0.8876800000000001 0.06072072072072072 0.02596
0 0.67496996996997 0.86677 0.03558558558558558 0.03326
0 0.9718318318318319 0.8874100000000001 0.05279279279279279 0.0579
0 0.6460660660660661 0.8762 0.04402402402402402 0.0298
0 0.6115315315315316 0.8733500000000001 0.04258258258258258 0.03502
0 0.5563813813813813 0.8811800000000001 0.048318318318318315 0.0352
0 0.560075075075075 0.90403 0.058828828828828825 0.04858
0 0.8958108108108108 0.8651400000000001 0.034744744744744746 0.0314
0 0.9527327327327327 0.9289700000000001 0.07975975975975975 0.09542
0 0.8545945945945947 0.8710699999999999 0.13873873873873874 0.18238
0 0.4084084084084084 0.871 0.5765765765765766 0.15
