0 0.8840937499999999 0.26492990654205606 0.03753125 0.09747663551401868
0 0.18978125 0.41695093457943916 0.06234375 0.12245327102803737
0 0.153015625 0.271483644859813 0.06490625 0.1377803738317757
0 0.0800625 0.3056308411214953 0.07940625000000001 0.13878504672897196
0 0.20774218750000004 0.2782359813084112 0.05417187500000001 0.12600467289719625
0 0.277109375 0.2671845794392523 0.09250000000000001 0.14707943925233644
0 0.9248046875 0.320946261682243 0.09639062500000001 0.1531542056074766
0 0.17142187500000003 0.1629322429906542 0.0720625 0.14464953271028036
0 0.8563828124999999 0.3263317757009345 0.068828125 0.1336448598130841
0 0.55953125 0.5471962616822429 0.239375 0.48546728971962616
0 0.10820312500000001 0.5966355140186915 0.1653125 0.37976635514018686
0 0.29731250000000004 0.5459696261682243 0.07509375000000001 0.1503504672897196
0 0.26525 0.6367056074766354 0.23550000000000001 0.30065420560747663
0 0.49921875000000004 0.36799065420560745 0.9984375000000001 0.7359813084112149
