0 0.19675 0.49437317784256557 0.31865625000000003 0.9414577259475219
0 0.525765625 0.12032069970845481 0.12534375 0.24064139941690962
0 0.614515625 0.1288483965014577 0.0865625 0.2576967930029154
0 0.6844218750000001 0.13567055393586006 0.10075 0.2692419825072886
0 0.826015625 0.15686588921282799 0.10831249999999999 0.2711661807580175
0 0.9057734375 0.175466472303207 0.086484375 0.2621282798833819
0 0.9612656249999999 0.16852769679300292 0.07746875 0.31909620991253645
0 0.4058671875 0.30112244897959184 0.8093281250000001 0.5977551020408163
0 0.9626484375000001 0.09991253644314868 0.033671875000000004 0.09451895043731778
0 0.9172109375000002 0.07947521865889214 0.11114062499999999 0.15749271137026238
0 0.6852812500000001 0.05842565597667638 0.08912500000000001 0.11685131195335276
