0 0.29921 0.7866976127320956 0.02578 0.09238726790450927
0 0.25021 0.7934084880636605 0.031100000000000003 0.09753315649867374
0 0.87115 0.8259946949602123 0.02994 0.12419098143236074
0 0.84917 0.8175198938992043 0.02354 0.10464190981432361
0 0.93423 0.8547347480106101 0.030180000000000002 0.09636604774535808
0 0.5337000000000001 0.7697082228116711 0.03072 0.06885941644562334
0 0.7004300000000001 0.6698275862068964 0.03542 0.11079575596816976
0 0.91123 0.8404376657824932 0.02658 0.10618037135278514
0 0.51271 0.7544694960212202 0.0187 0.033448275862068964
0 0.8946799999999999 0.8197082228116711 0.02112 0.10774535809018566
0 0.61064 0.6794827586206896 0.05368 0.05127320954907161
0 0.08335 0.7086737400530504 0.06978000000000001 0.10164456233421751
0 0.9379299999999999 0.8099602122015915 0.03102 0.043740053050397874
0 0.554 0.7214854111405835 0.456 0.23342175066312995
