0 0.47293427230046947 0.5036484375 0.6722535211267606 0.590265625
0 0.15832159624413145 0.47564062500000004 0.3166431924882629 0.5573750000000001
0 0.9334976525821597 0.26894531250000003 0.13295774647887323 0.158140625
0 0.9223591549295775 0.160484375 0.09992957746478874 0.07553125000000001
0 0.6773239436619718 0.17296875 0.10539906103286385 0.08081250000000001
0 0.765880281690141 0.1334375 0.07354460093896713 0.0523125
0 0.8557394366197184 0.1328671875 0.04387323943661972 0.035328125
0 0.6365845070422536 0.08093750000000001 0.0905868544600939 0.14940625000000002
0 0.8119248826291081 0.19358593750000003 0.07704225352112676 0.045484375
0 0.5057629107981221 0.1255546875 0.14119718309859156 0.08742187500000001
0 0.5758802816901408 0.11910937500000002 0.0513849765258216 0.06209375
0 0.8603403755868545 0.17516406250000002 0.08161971830985916 0.07279687500000001
0 0.3757394366197183 0.06814843749999999 0.07387323943661972 0.073953125
0 0.5 0.13671875 0.9953051643192489 0.2734375
