0 0.8214296875000001 0.9157946210268949 0.03779687500000001 0.16841075794621024
0 0.48180468749999994 0.9606723716381417 0.05026562500000001 0.07865525672371639
0 0.9777968750000001 0.9630929095354522 0.04440625000000001 0.071320293398533
0 0.24427343750000002 0.520562347188264 0.019546875000000002 0.0521760391198044
0 0.6373125000000001 0.3955745721271394 0.01028125 0.052224938875305625
0 0.646015625 0.3958679706601467 0.01215625 0.0515403422982885
0 0.9856796874999999 0.8803056234718827 0.028640625 0.1084841075794621
0 0.9616562500000001 0.9347799511002445 0.01825 0.06144254278728606
0 0.9784609375000001 0.6433740831295843 0.021703125000000004 0.06943765281173593
0 0.30903125000000004 0.7220048899755501 0.02440625 0.0639119804400978
0 0.33744531250000004 0.978484107579462 0.044046875000000006 0.043031784841075796
0 0.06496093750000001 0.971002444987775 0.040515625 0.057995110024449875
0 0.25549218749999997 0.5009290953545232 0.011828125000000002 0.04772616136919315
0 0.5859375 0.6564792176039119 0.8093750000000001 0.6674816625916871
