0 0.29717968750000007 0.5979270833333333 0.131515625 0.23172916666666668
0 0.5420546875000001 0.5644270833333334 0.13417187500000002 0.3138958333333333
0 0.41453125 0.5329166666666667 0.06825 0.13229166666666667
0 0.66434375 0.53628125 0.07015625 0.13752083333333334
0 0.71140625 0.4687604166666666 0.07196875000000001 0.09547916666666666
0 0.7468359375000001 0.33730208333333334 0.071109375 0.08227083333333333
0 0.5504375 0.3843125 0.059812500000000005 0.07183333333333333
0 0.20892187500000003 0.5308437500000001 0.0895625 0.3430625
0 0.545359375 0.8568645833333333 0.0975625 0.2862708333333333
0 0.471015625 0.5329479166666666 0.0615 0.13747916666666665
0 0.5953203125000001 0.5352083333333333 0.083109375 0.13604166666666667
0 0.6317734375 0.4637291666666667 0.063078125 0.10958333333333334
0 0.668390625 0.2985625 0.06231250000000001 0.06491666666666666
0 0.5 0.396875 0.9968750000000001 0.79375
