0 0.25741406250000004 0.5430140186915888 0.17204687500000002 0.6052336448598131
0 0.8874062500000002 0.5539369158878504 0.13075 0.6179672897196261
0 0.3490078125 0.5251635514018691 0.13607812500000002 0.5689252336448598
0 0.5594062500000001 0.5996028037383176 0.182375 0.5522897196261681
0 0.652640625 0.4940420560747663 0.14190624999999998 0.6252803738317757
0 0.7994921875000001 0.5775233644859813 0.159296875 0.4269626168224299
0 0.4773984375 0.49100467289719624 0.10314062500000001 0.6259813084112149
0 0.9732343749999999 0.2004789719626168 0.0533125 0.3084345794392523
0 0.708859375 0.012371495327102803 0.0566875 0.024742990654205606
0 0.174078125 0.512091121495327 0.08796875 0.6091355140186915
0 0.79125 0.020689252336448596 0.08828125 0.04137850467289719
