0 0.7223906250000001 0.6755152224824356 0.1443125 0.644192037470726
0 0.8489375000000001 0.6905854800936768 0.1600625 0.5829508196721311
0 0.5505781249999999 0.4957377049180328 0.03778125 0.1609367681498829
0 0.4878671875 0.4401170960187354 0.027390625000000002 0.04416861826697892
0 0.45804687499999996 0.4411826697892272 0.02421875 0.03725995316159251
0 0.43564843750000004 0.4343911007025761 0.019390625 0.04292740046838407
0 0.5077734375 0.47764637002341925 0.054828125000000005 0.1234894613583138
0 0.9385546874999999 0.46114754098360655 0.045796875 0.085807962529274
0 0.912734375 0.4935245901639344 0.03796875 0.04395784543325527
0 0.6298984375000001 0.5092388758782201 0.046171875 0.1946838407494145
0 0.6066875 0.4760304449648712 0.01734375 0.09927400468384075
0 0.6513203125000001 0.4962763466042155 0.021390625 0.15976580796252926
0 0.5729218749999999 0.49235362997658083 0.014124999999999999 0.1284543325526932
0 0.66171875 0.4718969555035129 0.5109375 0.13348946135831383
