0 0.1774453125 0.5905424528301886 0.028765625000000003 0.04811320754716981
0 0.577953125 0.9660613207547168 0.06328125 0.06646226415094339
0 0.2419921875 0.6262028301886792 0.026890625 0.053113207547169805
0 0.262984375 0.6331485849056603 0.0335625 0.06299528301886792
0 0.2837734375 0.649622641509434 0.030609375 0.061179245283018865
0 0.41990625000000004 0.7656132075471698 0.03950000000000001 0.1018867924528302
0 0.35926562500000003 0.6941745283018869 0.043437500000000004 0.07834905660377357
0 0.3985 0.7255778301886793 0.036937500000000005 0.09398584905660377
0 0.510484375 0.9060849056603774 0.05315625000000001 0.10283018867924529
0 0.486 0.8848349056603774 0.0428125 0.11561320754716982
0 0.47162499999999996 0.8287028301886792 0.052000000000000005 0.10985849056603773
0 0.4352578125 0.7831249999999998 0.032703125 0.10799528301886792
0 0.45351562500000003 0.8198584905660378 0.030343750000000003 0.0889622641509434
0 0.55 0.7594339622641509 0.8968750000000001 0.47641509433962265
