0 0.5602890625000001 0.5686448598130841 0.279765625 0.8411682242990653
0 0.35283593750000003 0.30466121495327103 0.036484375000000006 0.14189252336448596
0 0.30223437500000006 0.4336915887850467 0.1085625 0.44799065420560746
0 0.23302343749999999 0.3987616822429907 0.117046875 0.38420560747663546
0 0.15115625000000002 0.36633177570093456 0.06 0.2250467289719626
0 0.9069453125000001 0.4651752336448598 0.169828125 0.7101168224299065
0 0.455265625 0.2516588785046729 0.0239375 0.045046728971962616
0 0.765390625 0.35209112149532706 0.07684375 0.2149766355140187
0 0.453171875 0.48647196261682235 0.14790625 0.5858878504672896
0 0.22268749999999998 0.3498598130841121 0.02396875 0.22042056074766353
0 0.20051562500000003 0.32309579439252334 0.026812500000000003 0.1689953271028037
0 0.07299218750000001 0.2700934579439252 0.039171875 0.07528037383177569
0 0.6657890625 0.4133878504672897 0.175265625 0.5291588785046728
0 0.44140625 0.37499999999999994 0.8828125 0.3481308411214953
