0 0.5421953125 0.5222604166666667 0.13979687500000001 0.5138541666666667
0 0.6808984375 0.5314583333333334 0.13482812500000002 0.298875
0 0.7309453125 0.07886458333333332 0.11429687500000002 0.15772916666666664
0 0.9395234375 0.08988541666666668 0.067640625 0.13235416666666666
0 0.835734375 0.13284375 0.10321875000000001 0.1310625
0 0.6502109375 0.0796875 0.09814062500000001 0.159375
0 0.26867968750000004 0.29415625 0.132296875 0.13535416666666666
0 0.59665625 0.19944791666666667 0.09925 0.14460416666666664
0 0.4118203125 0.27253125 0.045078125000000004 0.0631875
0 0.459546875 0.24925 0.05375 0.08183333333333334
0 0.6413593750000001 0.4482395833333333 0.16203125000000002 0.5282708333333334
0 0.40309375000000003 0.806125 0.1163125 0.38775
