0 0.2106484375 0.7253889943074003 0.010546875 0.036774193548387096
0 0.18767968750000003 0.7263092979127135 0.006828125000000001 0.02905123339658444
0 0.34571093750000004 0.7238899430740038 0.024140625 0.061555977229601516
0 0.1591953125 0.7241745730550284 0.010765625000000001 0.043225806451612905
0 0.9640390625 0.7340796963946868 0.008796875000000001 0.030208728652751423
0 0.3624453125 0.7257210626185958 0.012796875 0.04218216318785579
0 0.27130468750000003 0.7226755218216319 0.005640625 0.018330170777988614
0 0.3827578125 0.7229411764705883 0.014484375 0.05225806451612903
0 0.404125 0.725967741935484 0.019250000000000003 0.044535104364326374
0 0.37128125 0.7261290322580646 0.0128125 0.04914611005692599
0 0.1472421875 0.7267552182163188 0.010359375 0.04185958254269449
0 0.1360234375 0.7195825426944971 0.008140625 0.024060721062618595
0 0.13007812500000002 0.721888045540797 0.006 0.021081593927893737
