0 0.7596354166666667 0.38717187500000005 0.1368125 0.08259375000000001
0 0.8587708333333334 0.2655859375 0.12 0.11160937500000001
0 0.6944895833333333 0.30968750000000006 0.08535416666666666 0.0576875
0 0.58621875 0.53234375 0.4335625 0.667
0 0.7356874999999999 0.2756328125 0.11658333333333333 0.130796875
0 0.6215312500000001 0.29308593750000006 0.07727083333333334 0.102703125
0 0.41925 0.35068750000000004 0.132875 0.14403125000000003
0 0.2979479166666667 0.37283593750000005 0.13497916666666668 0.108640625
0 0.1869583333333333 0.34464062500000003 0.11691666666666665 0.0683125
0 0.9276354166666667 0.3606640625 0.11527083333333332 0.140484375
0 0.36159375 0.2701875 0.1108125 0.18784375
0 0.9587395833333333 0.28568750000000004 0.08252083333333333 0.1171875
0 0.20038541666666668 0.3249453125 0.16068749999999998 0.10895312500000001
0 0.8916666666666666 0.36250000000000004 0.2125 0.146875
