0 0.23138138138138137 0.80469 0.13801801801801802 0.1045
0 0.19675675675675675 0.7051700000000001 0.06078078078078077 0.06762
0 0.1568018018018018 0.71928 0.09678678678678677 0.2116
0 0.1569069069069069 0.61039 0.0700900900900901 0.07298
0 0.14581081081081082 0.5338700000000001 0.047837837837837835 0.06914000000000001
0 0.8893243243243243 0.34964 0.053363363363363364 0.15288
0 0.12223723723723723 0.41725 0.06753753753753754 0.11922
0 0.15759759759759762 0.95376 0.10972972972972973 0.09248
0 0.946966966966967 0.41386 0.07015015015015015 0.15652000000000002
0 0.226021021021021 0.67131 0.0903003003003003 0.0853
0 0.181996996996997 0.44077 0.07468468468468469 0.10826000000000001
0 0.07081081081081081 0.16013 0.03153153153153153 0.02958
0 0.11225225225225224 0.30154 0.0548948948948949 0.08056
0 0.4984984984984985 0.519 0.996996996996997 0.9580000000000001
