0 0.4423934426229508 0.34025761124121784 0.20199999999999999 0.3847775175644028
0 0.30743442622950823 0.5743208430913349 0.3184754098360656 0.6779156908665106
0 0.11168032786885246 0.47192037470725995 0.18247540983606558 0.5033723653395784
0 0.1495983606557377 0.13703747072599531 0.13942622950819672 0.27407494145199063
0 0.6921393442622951 0.08052693208430912 0.09752459016393443 0.15281030444964872
0 0.8667950819672131 0.20124121779859486 0.07542622950819672 0.20079625292740044
0 0.2807868852459016 0.12403981264637003 0.07708196721311476 0.24044496487119438
0 0.7787049180327869 0.24888758782201406 0.12268852459016394 0.20081967213114754
0 0.1861967213114754 0.39820843091334895 0.0720655737704918 0.09969555035128806
0 0.039909836065573766 0.05135831381733021 0.03083606557377049 0.038126463700234196
0 0.7129098360655738 0.42079625292740047 0.32562295081967213 0.3327400468384075
