0 0.7875546875 0.2797759433962264 0.062515625 0.29889150943396225
0 0.9401484375 0.33721698113207543 0.049703125 0.18443396226415093
0 0.5662421875 0.25589622641509435 0.017171875 0.05594339622641509
0 0.2539609375 0.40293632075471697 0.066671875 0.31408018867924525
0 0.19121875 0.24850235849056604 0.01528125 0.0782311320754717
0 0.465453125 0.40379716981132074 0.0921875 0.33834905660377357
0 0.333890625 0.2633490566037736 0.02425 0.1131132075471698
0 0.016867187500000002 0.2861674528301887 0.030390625 0.13167452830188678
0 0.899828125 0.314811320754717 0.02078125 0.05867924528301886
0 0.3172421875 0.28706367924528303 0.048015625000000006 0.23860849056603772
0 0.17553125000000003 0.25498820754716983 0.01815625 0.07766509433962264
0 0.07106250000000001 0.32002358490566035 0.03078125 0.1981132075471698
0 0.539546875 0.2759198113207547 0.03209375 0.10915094339622641
0 0.5078125 0.49292452830188677 0.9812500000000001 0.6981132075471698
