0 0.19253125000000001 0.14931876606683803 0.10078125 0.2931876606683804
0 0.5971875 0.13290488431876604 0.10315625 0.2637532133676092
0 0.10131250000000001 0.09651670951156813 0.07021875 0.19303341902313625
0 0.25159375 0.14703084832904884 0.09059375 0.2939074550128534
0 0.8631640625 0.09516709511568122 0.041765625 0.1387146529562982
0 0.8876796875 0.14604113110539846 0.040671875 0.17640102827763496
0 0.13018749999999998 0.05105398457583547 0.03628125 0.06015424164524421
0 0.3705390625 0.09677377892030849 0.107640625 0.1925192802056555
0 0.7403906250000001 0.035642673521850896 0.033125 0.07128534704370179
0 0.680671875 0.2336503856041131 0.039531250000000004 0.20488431876606683
0 0.024578125000000003 0.20589974293059124 0.049156250000000005 0.4108226221079691
0 0.693765625 0.03340616966580976 0.068 0.06254498714652955
0 0.5267109375 0.17422879177377892 0.087359375 0.34845758354755785
0 0.9460937500000001 0.16195372750642673 0.0703125 0.2467866323907455
