0 0.593578125 0.5067216981132076 0.8128437500000001 0.9865566037735849
0 0.06927343749999999 0.17918632075471697 0.131796875 0.21233490566037735
0 0.9396484375 0.11430424528301886 0.09485937500000001 0.19238207547169808
0 0.2925390625 0.10898584905660377 0.08485937500000001 0.1640566037735849
0 0.06565625000000001 0.12386792452830188 0.13131250000000003 0.2342452830188679
0 0.0731015625 0.2773938679245283 0.131546875 0.2328066037735849
0 0.6633203125 0.07406839622641509 0.106328125 0.14813679245283018
0 0.31751562499999997 0.2077830188679245 0.1214375 0.2562735849056604
0 0.7443046875 0.2254127358490566 0.059265625 0.09049528301886792
0 0.8684140625 0.19810141509433962 0.065671875 0.10492924528301886
0 0.7267109375 0.17534198113207547 0.063828125 0.13261792452830187
0 0.8108906250000001 0.12857311320754716 0.16943750000000002 0.2571462264150943
