0 0.723578125 0.5801083032490975 0.337125 0.5596389891696751
0 0.5103359375 0.49149819494584834 0.176640625 0.39122743682310474
0 0.42075000000000007 0.4944314079422382 0.12259375 0.33842960288808666
0 0.3349921875 0.42191335740072206 0.089890625 0.1756317689530686
0 0.34627343750000006 0.4594223826714801 0.11954687500000001 0.19361010830324912
0 0.2852421875 0.38454873646209387 0.044890625 0.075956678700361
0 0.29943749999999997 0.4139620938628159 0.09328125000000001 0.15294223826714803
0 0.9811015625 0.39941335740072204 0.037421875 0.13041516245487364
0 0.28484375 0.303014440433213 0.0673125 0.15050541516245486
0 0.8810156250000001 0.40328519855595674 0.08015625 0.09259927797833935
0 0.7180000000000001 0.44985559566787003 0.3891875 0.3772563176895307
