0 0.61328125 0.5158645833333333 0.060625 0.14731249999999999
0 0.4543125 0.50259375 0.11712499999999999 0.12002083333333333
0 0.38356250000000003 0.44538541666666664 0.04071875 0.0693125
0 0.33573437500000003 0.4412604166666666 0.03696875 0.07010416666666666
0 0.35513281250000006 0.5242708333333332 0.081109375 0.07791666666666666
0 0.1213828125 0.46117708333333335 0.09026562500000002 0.3169375
0 0.2930625 0.44027083333333333 0.03534375 0.065625
0 0.05760937500000001 0.37215624999999997 0.03359375 0.0859375
0 0.8738828125 0.54671875 0.16639062500000001 0.06502083333333333
0 0.893578125 0.40119791666666665 0.018218750000000002 0.06072916666666666
0 0.8141484375000001 0.4663958333333333 0.042640625 0.07375
0 0.009609375000000002 0.38610416666666664 0.018468750000000003 0.058916666666666666
0 0.7840234375000001 0.4681145833333334 0.055390625000000006 0.08577083333333334
0 0.5476562500000001 0.38645833333333335 0.8390625 0.15625
