0 0.64475 0.5279672897196261 0.00659375 0.02906542056074766
0 0.41335156250000005 0.5130490654205606 0.028765625000000003 0.02544392523364486
0 0.5770859375 0.5290070093457944 0.008421875 0.02142523364485981
0 0.630109375 0.5323481308411214 0.00965625 0.01773364485981308
0 0.6879296875 0.537161214953271 0.010984375000000001 0.0225
0 0.6978906250000001 0.556553738317757 0.01246875 0.05282710280373831
0 0.713421875 0.5455607476635513 0.014156250000000002 0.022663551401869157
0 0.6098046875 0.5330140186915888 0.010734375 0.012943925233644859
0 0.5923984375 0.5292990654205607 0.010171875 0.014859813084112149
0 0.6660234375 0.5376869158878504 0.013328125 0.013411214953271028
0 0.5362265625 0.5349415887850466 0.008890625000000001 0.016378504672897195
