0 0.3042916666666667 0.9232265625 0.03720833333333333 0.032765625
0 0.26516666666666666 0.9606718750000001 0.020958333333333336 0.0561875
0 0.3287916666666667 0.9645859374999999 0.025875 0.066203125
0 0.23448958333333333 0.9711328125 0.03702083333333333 0.05367187500000001
0 0.6706770833333333 0.9685625 0.0318125 0.06034375
0 0.4990833333333333 0.953859375 0.03854166666666667 0.0673125
0 0.2992604166666667 0.967609375 0.0199375 0.06478125
0 0.19958333333333333 0.96809375 0.018375 0.06381250000000001
0 0.6373229166666667 0.9609531250000001 0.021645833333333333 0.06949999999999999
0 0.37346875 0.946546875 0.03302083333333333 0.0300625
0 0.17388541666666668 0.9697890625 0.026145833333333333 0.057921875000000005
0 0.23465625 0.9179140625000001 0.024729166666666663 0.024453125000000003
0 0.7012499999999999 0.9628125000000001 0.030583333333333334 0.065625
0 0.37604166666666666 0.9500000000000001 0.7104166666666667 0.096875
