0 0.16311718750000004 0.5993559718969554 0.090015625 0.3573067915690866
0 0.3554609375 0.6082084309133489 0.06320312500000001 0.34077283372365336
0 0.14370312500000001 0.48481264637002347 0.05525 0.16653395784543326
0 0.8186171875 0.5921428571428572 0.086953125 0.3438173302107728
0 0.5548828125 0.6253161592505855 0.083671875 0.32332552693208433
0 0.28784375 0.6123302107728337 0.08665625 0.36644028103044496
0 0.4388203125000001 0.626112412177986 0.071640625 0.31096018735362996
0 0.44651562499999997 0.4686182669789228 0.022156250000000002 0.03302107728337236
0 0.4839921875 0.59519906323185 0.060046875 0.3512412177985948
0 0.5161484375 0.5848360655737704 0.045796875 0.3010538641686183
0 0.5961953125 0.5767681498829039 0.056234375 0.29985948477751756
0 0.6607421875 0.5918384074941452 0.079015625 0.335807962529274
0 0.32303125 0.5167798594847776 0.01528125 0.16709601873536298
0 0.43125 0.5889929742388759 0.234375 0.30679156908665106
