0 0.770921875 0.4688992974238876 0.36865625 0.7002341920374707
0 0.5978359375000001 0.3984777517564403 0.11579687500000001 0.26454332552693205
0 0.8726250000000001 0.37227166276346607 0.08659375000000001 0.08543325526932083
0 0.15613281250000002 0.3644379391100703 0.072484375 0.21604215456674472
0 0.465375 0.3374590163934426 0.07528125000000001 0.118711943793911
0 0.1010546875 0.419344262295082 0.049703125 0.14266978922716628
0 0.848828125 0.34312646370023425 0.04490625 0.046487119437939116
0 0.21237499999999998 0.7480796252927401 0.42474999999999996 0.5038407494145198
0 0.9850390625000002 0.4570023419203747 0.029921875 0.11756440281030446
0 0.36237500000000006 0.36724824355971897 0.27259375 0.40456674473067916
