0 0.1723447712418301 0.6692810457516339 0.1056372549019608 0.1652941176470588
0 0.6438071895424836 0.7058741830065359 0.08258169934640523 0.18044117647058824
0 0.3857352941176471 0.72890522875817 0.06287581699346405 0.2477124183006536
0 0.7857271241830066 0.676078431372549 0.054656862745098046 0.07398692810457516
0 0.7100408496732026 0.6727859477124183 0.05933006535947713 0.08648692810457516
0 0.44333333333333336 0.6826307189542483 0.056143790849673206 0.12519607843137256
0 0.8220424836601308 0.6686846405228759 0.039183006535947716 0.05145424836601307
0 0.29455065359477123 0.7323039215686274 0.11102941176470589 0.22091503267973855
0 0.4638153594771242 0.6793382352941176 0.03880718954248366 0.08184640522875818
0 0.48190359477124184 0.6729166666666667 0.03661764705882353 0.0778921568627451
0 0.5626960784313726 0.6701470588235294 0.045620915032679746 0.06820261437908497
