0 0.7620870870870871 0.41453999999999996 0.2871171171171171 0.52616
0 0.04522522522522523 0.11941 0.02798798798798799 0.01234
0 0.11202702702702702 0.13743 0.038048048048048046 0.03394
0 0.10998498498498499 0.19236999999999999 0.035885885885885885 0.02546
0 0.4713213213213214 0.14236 0.02924924924924925 0.02252
0 0.3679279279279279 0.42011000000000004 0.05651651651651652 0.09974
0 0.0377027027027027 0.4138 0.05684684684684684 0.09608
0 0.029594594594594594 0.23532999999999998 0.04273273273273273 0.055700000000000006
0 0.5085285285285286 0.35076 0.059339339339339346 0.068
0 0.13839339339339338 0.21460000000000004 0.047597597597597595 0.02272
0 0.6596396396396397 0.16595000000000001 0.02156156156156156 0.031100000000000003
0 0.08561561561561562 0.16378 0.02252252252252252 0.02036
0 0.10842342342342344 0.41752999999999996 0.06885885885885885 0.12066
