0 0.318265625 0.59665625 0.03815625 0.1210625
0 0.552453125 0.7339583333333334 0.0401875 0.15625
0 0.563640625 0.5916979166666667 0.038875 0.09522916666666667
0 0.36902343750000005 0.6328541666666666 0.275765625 0.203125
0 0.40918750000000004 0.6371666666666667 0.04259375000000001 0.12712500000000002
0 0.5364765625000001 0.58696875 0.022609375 0.09577083333333333
0 0.2259140625 0.58440625 0.026140625 0.11743749999999999
0 0.2160234375 0.5913854166666667 0.030265625000000004 0.11214583333333333
0 0.3549140625 0.6023958333333332 0.037328125000000004 0.12633333333333333
0 0.539828125 0.9236458333333333 0.07509375000000001 0.15270833333333333
0 0.6412265625000001 0.7363854166666667 0.050890625 0.1850625
0 0.5726875 0.56534375 0.035187500000000003 0.10872916666666665
0 0.49950781250000004 0.5545625 0.034703125 0.12695833333333334
0 0.37421875000000004 0.47604166666666664 0.5796875 0.21041666666666667
