0 0.7201875 0.3917723004694835 0.0549375 0.07720657276995306
0 0.40651562499999994 0.46149061032863853 0.030468750000000003 0.06908450704225352
0 0.8011171875 0.43255868544600945 0.031203124999999998 0.13117370892018781
0 0.6104453125 0.4830516431924883 0.070671875 0.11910798122065729
0 0.9532109375000002 0.437406103286385 0.019484375 0.029647887323943665
0 0.5520625 0.4774647887323944 0.044875 0.07300469483568076
0 0.47015625 0.4548826291079812 0.01503125 0.010375586854460094
0 0.4950546875 0.4624765258215962 0.013265625000000001 0.02720657276995305
0 0.333578125 0.5863262910798123 0.16515625 0.2934037558685446
0 0.8934296875000002 0.5955516431924883 0.213078125 0.270962441314554
0 0.6310546875 0.4096948356807512 0.017609375 0.03446009389671362
0 0.202359375 0.4188145539906103 0.07190625 0.20349765258215963
