0 0.40732812500000004 0.7521052631578947 0.16028125000000001 0.3100686498855835
0 0.7577812500000001 0.7894736842105263 0.12240625000000001 0.2782151029748284
0 0.3014609375 0.5659496567505721 0.043609375000000006 0.15551487414187642
0 0.0402890625 0.5442562929061784 0.03779687500000001 0.13908466819221968
0 0.9017578125000001 0.5196567505720824 0.030171875 0.04910755148741419
0 0.9148515625 0.4987299771167048 0.019828125000000002 0.04775743707093822
0 0.5648203125000001 0.5436613272311213 0.022484375 0.035697940503432495
0 0.1104296875 0.3629862700228833 0.014109375 0.02734553775743707
0 0.3306640625 0.4270480549199085 0.014078125 0.02562929061784897
0 0.8468437499999999 0.526578947368421 0.028281250000000004 0.046704805491990846
0 0.651796875 0.8067276887871854 0.15278125 0.20498855835240273
0 0.2528515625 0.4944965675057208 0.017953125 0.042219679633867274
0 0.49921875000000004 0.37528604118993136 0.9984375000000001 0.6498855835240275
