0 0.07517 0.49662666666666666 0.15034 0.98648
0 0.18819 0.17916 0.0577 0.18685333333333332
0 0.2785 0.20937333333333333 0.0694 0.29346666666666665
0 0.65057 0.209 0.03034 0.22471999999999998
0 0.80917 0.23824 0.0823 0.33984
0 0.13595000000000002 0.15754666666666667 0.02754 0.09621333333333333
0 0.6959400000000001 0.20045333333333334 0.05068 0.17344
0 0.90737 0.21166666666666667 0.13666 0.2778933333333333
0 0.7873 0.10410666666666667 0.021 0.045973333333333324
0 0.92865 0.14494666666666667 0.028739999999999998 0.06685333333333333
0 0.15261 0.15289333333333333 0.0219 0.08327999999999999
0 0.84888 0.10689333333333331 0.014920000000000001 0.03693333333333333
