0 0.631078125 0.6413114754098361 0.3559375 0.31381733021077285
0 0.3603046875 0.5311592505854801 0.14289062500000002 0.24147540983606558
0 0.8388515625 0.3078688524590164 0.037484375 0.1078688524590164
0 0.0576640625 0.5252107728337236 0.115328125 0.2887822014051522
0 0.05706250000000001 0.42111241217798595 0.07309375 0.2112646370023419
0 0.9264843750000001 0.3734309133489462 0.07134375 0.21234192037470725
0 0.6137890625000001 0.3417330210772833 0.064171875 0.188711943793911
0 0.816578125 0.5051288056206089 0.27596875000000004 0.38992974238875877
0 0.5075078125 0.6247189695550351 0.178421875 0.4764168618266979
0 0.25455468750000004 0.5402341920374707 0.24145312500000002 0.2944262295081967
0 0.46360156250000006 0.5444496487119438 0.095796875 0.18028103044496488
0 0.985953125 0.5148126463700234 0.028000000000000004 0.10124121779859484
0 0.697546875 0.37168618266978926 0.1066875 0.24688524590163935
0 0.6039062500000001 0.5187353629976581 0.7484375000000001 0.5409836065573771
