0 0.4605703125 0.5675644028103044 0.20885937499999999 0.7094613583138173
0 0.04447656250000001 0.3575292740046838 0.07748437500000001 0.2537470725995316
0 0.09452343750000002 0.30793911007025765 0.035953125 0.20360655737704916
0 0.1585703125 0.2887822014051522 0.025796875000000004 0.18430913348946137
0 0.946875 0.23357142857142857 0.025406250000000005 0.11192037470725995
0 0.9932656249999999 0.23231850117096017 0.01346875 0.10454332552693209
0 0.0706875 0.24778688524590162 0.028312500000000004 0.09646370023419203
0 0.05304687500000001 0.22688524590163933 0.0194375 0.05241217798594847
0 0.024367187499999998 0.2567096018735363 0.041609375000000004 0.061756440281030445
0 0.1386171875 0.3048126463700234 0.030046875 0.1773536299765808
0 0.106984375 0.22988290398126465 0.017843750000000002 0.05911007025761124
