0 0.385140625 0.7749063231850117 0.1175625 0.19782201405152225
0 0.0556953125 0.609718969555035 0.026671875 0.043466042154566745
0 0.20378906249999998 0.8000702576112412 0.057265625 0.16585480093676813
0 0.245078125 0.8169086651053864 0.06709375 0.1205152224824356
0 0.21097656249999996 0.3766510538641686 0.019765625000000002 0.03236533957845433
0 0.5825312500000001 0.4792622950819672 0.02871875 0.028360655737704916
0 0.35565625 0.400480093676815 0.01721875 0.03871194379391101
0 0.42209375 0.41976580796252927 0.01565625 0.04037470725995316
0 0.48678124999999994 0.4162412177985948 0.01996875 0.02812646370023419
0 0.5808828125 0.38409836065573766 0.017265625000000003 0.031475409836065574
0 0.03059375 0.6134074941451991 0.029437500000000002 0.04901639344262295
0 0.5166953125 0.40736533957845433 0.009390625 0.023864168618266977
0 0.2952734375 0.5849648711943793 0.038609375 0.04903981264637003
0 0.5 0.3911007025761124 0.9968750000000001 0.5386416861826698
