0 0.3895134228187919 0.5747840909090908 0.12651006711409396 0.5395681818181818
0 0.5820805369127517 0.5994204545454546 0.10067114093959731 0.49434090909090905
0 0.29281879194630867 0.7550568181818182 0.20406040268456377 0.3910227272727273
0 0.7420721476510067 0.6170454545454546 0.14615771812080536 0.6387727272727273
0 0.6608557046979866 0.5800454545454545 0.1248993288590604 0.5934545454545455
0 0.3609647651006711 0.6887840909090909 0.13978187919463086 0.29961363636363636
0 0.14630872483221474 0.6206136363636363 0.13244966442953018 0.6163636363636363
0 0.28036912751677856 0.4779659090909091 0.1061744966442953 0.30561363636363637
0 0.48110738255033547 0.5187272727272727 0.10285234899328859 0.3865
0 0.846493288590604 0.6081704545454546 0.12580536912751678 0.5774772727272727
0 0.5277097315436241 0.38487499999999997 0.07887583892617449 0.14329545454545453
0 0.3247902684563758 0.35842045454545457 0.0562248322147651 0.12197727272727273
0 0.20963926174496642 0.5245454545454545 0.09770134228187918 0.4350454545454545
