0 0.030734375000000005 0.5235948477751756 0.05846875000000001 0.32807962529274004
0 0.7166328125 0.27355971896955505 0.058765625 0.24444964871194377
0 0.7788359375 0.29614754098360657 0.08845312500000001 0.32133489461358317
0 0.45496875000000003 0.2840632318501171 0.07121875 0.35758782201405154
0 0.1925234375 0.3975526932084309 0.043671875 0.27969555035128807
0 0.6252109375 0.5816393442622951 0.31185937500000005 0.8089929742388758
0 0.7587890625 0.5469789227166276 0.070859375 0.4115690866510539
0 0.5108046875000001 0.08811475409836066 0.046859375 0.16611241217798597
0 0.4629765625 0.09423887587822014 0.029421875 0.10716627634660421
0 0.42135156250000005 0.12663934426229506 0.03779687500000001 0.19
0 0.36965625 0.3270374707259953 0.06871875 0.30793911007025765
