0 0.26621024734982335 0.5731328125 0.5121378091872791 0.751109375
0 0.611113074204947 0.513484375 0.39385159010600707 0.7438125000000001
0 0.7950618374558304 0.2211875 0.07150176678445229 0.13553125
0 0.9197261484098941 0.255625 0.06874558303886925 0.15134375
0 0.3417667844522968 0.10618750000000002 0.06268551236749116 0.14559375000000002
0 0.7073939929328622 0.11398437500000001 0.05715547703180212 0.10734375000000002
0 0.8587014134275619 0.238875 0.10348056537102474 0.1529375
0 0.95660777385159 0.243265625 0.06424028268551236 0.16971875000000003
0 0.4306978798586572 0.12078906250000002 0.08386925795053003 0.11910937500000002
0 0.06257950530035336 0.15165625000000002 0.10950530035335689 0.24356250000000002
0 0.6236042402826856 0.116171875 0.07017667844522968 0.1076875
0 0.1599028268551237 0.4430859375 0.2717844522968198 0.683640625
0 0.2715989399293286 0.12685156250000001 0.10545936395759717 0.113828125
0 0.5591872791519434 0.18359375 0.7756183745583038 0.3203125
