0 0.22362500000000002 0.5247183098591549 0.27671875 0.8067605633802817
0 0.3978828125 0.3617957746478873 0.08076562500000001 0.28762910798122066
0 0.8272109375000002 0.30464788732394366 0.011203125000000001 0.03577464788732394
0 0.6854375 0.32886150234741784 0.022093750000000002 0.08758215962441315
0 0.7755390625 0.3796830985915493 0.083421875 0.21518779342723005
0 0.4729765625 0.34930751173708924 0.068765625 0.2994131455399061
0 0.974796875 0.4328286384976526 0.05040625 0.2533568075117371
0 0.6350234375000001 0.3473004694835681 0.046265625000000005 0.2219718309859155
0 0.9100312500000002 0.3664906103286385 0.047156250000000004 0.18434272300469484
0 0.6664687499999999 0.3300586854460094 0.0236875 0.0917605633802817
0 0.57415625 0.32346244131455404 0.011437500000000001 0.04589201877934273
0 0.5071562500000001 0.31076291079812207 0.01184375 0.05434272300469483
0 0.5546562500000001 0.29258215962441314 0.0064375000000000005 0.013708920187793428
0 0.7109375 0.29577464788732394 0.40625 0.09389671361502347
