0 0.6340171755725191 0.6191015625 0.45013358778625956 0.725828125
0 0.7116030534351144 0.1123046875 0.08721374045801526 0.13107812500000002
0 0.5175 0.196546875 0.12125954198473282 0.06853125
0 0.4276145038167939 0.1715703125 0.07221374045801528 0.07320312500000001
0 0.362337786259542 0.14525 0.08322519083969465 0.07228125
0 0.7469370229007632 0.24346875 0.08807251908396946 0.09431250000000001
0 0.5167270992366412 0.145296875 0.09162213740458014 0.074125
0 0.6684160305343512 0.1167265625 0.05637404580152671 0.141578125
0 0.9299999999999999 0.21801562500000002 0.05866412213740457 0.13665625
0 0.7761736641221374 0.06808593750000001 0.04211832061068702 0.03804687500000001
0 0.2209446564885496 0.5033671875 0.3540648854961832 0.889890625
0 0.45881679389312974 0.04675000000000001 0.07251908396946564 0.059375000000000004
0 0.6691889312977098 0.228515625 0.09471374045801527 0.08425
0 0.5248091603053435 0.21875 0.2633587786259542 0.40937500000000004
