0 0.4429466666666667 0.51014 0.8078133333333333 0.97972
0 0.8314666666666667 0.5955 0.32058666666666663 0.77304
0 0.6599066666666666 0.30349000000000004 0.21282666666666666 0.19741999999999998
0 0.09810666666666666 0.6150800000000001 0.19621333333333332 0.67096
0 0.06530666666666667 0.35235000000000005 0.13061333333333333 0.1671
0 0.18244000000000002 0.35737 0.14173333333333332 0.13182
0 0.27198666666666665 0.33012 0.05266666666666667 0.08488
0 0.216 0.28434 0.06922666666666667 0.04912
0 0.30302666666666667 0.34035 0.09047999999999999 0.0633
0 0.9551733333333333 0.54914 0.08965333333333332 0.6282000000000001
