0 0.13879687500000001 0.5887636761487964 0.26156250000000003 0.737089715536105
0 0.0673984375 0.3993107221006565 0.10910937500000001 0.3640481400437637
0 0.33930468750000004 0.25902625820568925 0.082203125 0.20317286652078773
0 0.5644921875000001 0.27991247264770236 0.078078125 0.2148796498905908
0 0.62671875 0.24009846827133477 0.07584375 0.1484682713347921
0 0.6289765625000001 0.2522647702407002 0.025109375000000003 0.07682713347921225
0 0.628625 0.3707111597374179 0.0605 0.14702407002188184
0 0.7047578125 0.1963129102844639 0.031953125 0.04575492341356674
0 0.230671875 0.2794967177242888 0.05965625 0.1410940919037199
0 0.8915625 0.464617067833698 0.048906250000000005 0.34249452954048143
0 0.5002109375 0.43241794310722104 0.174546875 0.5068052516411379
0 0.3440078125 0.32384026258205684 0.040734375 0.0736323851203501
