0 0.9300078125 0.6179062500000001 0.13998437500000002 0.3176875
0 0.2112421875 0.35734375 0.129703125 0.10197916666666668
0 0.3832109375 0.4323958333333333 0.070890625 0.10420833333333333
0 0.4353515625 0.4452083333333333 0.048390625 0.09258333333333332
0 0.4446171875 0.37926041666666666 0.12501562500000002 0.20252083333333332
0 0.529875 0.39887500000000004 0.0814375 0.082
0 0.7019687500000001 0.5026875000000001 0.30168750000000005 0.6427083333333333
0 0.7877109375 0.44194791666666666 0.090109375 0.4494375
0 0.1763984375 0.49828125 0.254015625 0.3183958333333334
0 0.59571875 0.33824999999999994 0.10709375000000002 0.14183333333333334
0 0.9874375 0.4119479166666667 0.025124999999999998 0.2901875
