0 0.2891458333333334 0.5165937500000001 0.4704166666666667 0.46740625
0 0.7578437499999999 0.7992109375 0.2301875 0.378921875
0 0.052906249999999995 0.30137500000000006 0.014520833333333332 0.030625000000000003
0 0.26746875 0.2827890625 0.0136875 0.026046875000000004
0 0.3520520833333333 0.19744531250000003 0.0163125 0.023328125
0 0.641625 0.191171875 0.017208333333333332 0.0219375
0 0.8628958333333333 0.22875 0.020041666666666666 0.0246875
0 0.9429791666666666 0.22688281249999998 0.011875 0.020140625000000002
0 0.025437500000000002 0.692671875 0.050875000000000004 0.18540625
0 0.3184270833333333 0.0715546875 0.021062499999999998 0.027421875000000002
0 0.7674270833333333 0.095015625 0.0091875 0.017625
0 0.9761249999999999 0.25555468750000004 0.016458333333333335 0.032109375
0 0.7104166666666667 0.23046875 0.5583333333333333 0.4609375
