0 0.2474609375 0.5545520833333333 0.143578125 0.6193541666666667
0 0.456453125 0.49194791666666665 0.07087500000000001 0.3223958333333333
0 0.9257031250000001 0.48990625 0.06171875 0.33968750000000003
0 0.6158515625000001 0.48278124999999994 0.056484375 0.2761875
0 0.6770312500000001 0.5120104166666666 0.15840625 0.5251875
0 0.8407578125000001 0.45834375 0.058046875 0.3546458333333333
0 0.9647031250000002 0.4926666666666667 0.07059375 0.47929166666666667
0 0.557359375 0.46421875 0.079875 0.3187291666666667
0 0.7315781250000001 0.3829375 0.039406250000000004 0.13441666666666666
0 0.21401562500000001 0.20437499999999997 0.0279375 0.0745
0 0.9389843750000001 0.32775 0.07290624999999999 0.129125
0 0.7505000000000001 0.4905625 0.048843750000000005 0.34441666666666665
