0 0.7056093750000001 0.45161458333333326 0.02459375 0.05552083333333333
0 0.7997421875 0.43838541666666664 0.011578125000000002 0.04627083333333334
0 0.82390625 0.4272395833333333 0.01134375 0.056937499999999995
0 0.294484375 0.48385416666666664 0.014656250000000003 0.043000000000000003
0 0.2447890625 0.4863958333333333 0.019734375000000002 0.043250000000000004
0 0.6639218750000001 0.4301770833333333 0.007718750000000001 0.04014583333333333
0 0.10150781250000002 0.51028125 0.025171875 0.06710416666666667
0 0.8336015625000001 0.42944791666666665 0.011640625000000002 0.04935416666666667
0 0.7874140625 0.47494791666666664 0.012140625 0.0208125
0 0.24339062500000003 0.5348958333333333 0.015875 0.016625
0 0.43486718750000003 0.42986458333333327 0.008421875 0.0406875
0 0.7893359375000001 0.44310416666666663 0.008921875000000001 0.043000000000000003
0 0.8445234375 0.46442708333333327 0.010390625 0.03235416666666666
0 0.4546875 0.471875 0.821875 0.13958333333333334
