0 0.49610156250000004 0.6120608899297424 0.137359375 0.554519906323185
0 0.4116328125 0.11272833723653397 0.051640624999999996 0.09992974238875879
0 0.6249218750000001 0.09230679156908665 0.10728125 0.18236533957845436
0 0.5251171875 0.09392271662763467 0.091390625 0.1773536299765808
0 0.33734375000000005 0.08988290398126464 0.13493750000000002 0.17976580796252928
0 0.7971328125 0.24621779859484774 0.12489062500000002 0.2782903981264637
0 0.8663125000000002 0.11037470725995317 0.0620625 0.1074473067915691
0 0.758640625 0.09775175644028103 0.07196875000000001 0.15503512880562062
0 0.4307031250000001 0.0791569086651054 0.09953125000000002 0.15002341920374707
0 0.85984375 0.0827751756440281 0.1274375 0.1618032786885246
0 0.29224218750000003 0.0895784543325527 0.068171875 0.17330210772833723
0 0.0326796875 0.08088992974238876 0.065296875 0.15517564402810305
0 0.9758671875 0.10477751756440282 0.043796875000000006 0.15587822014051522
