0 0.37828828828828825 0.53698 0.5396996996996997 0.92604
0 0.566951951951952 0.24584 0.24597597597597595 0.16112
0 0.1442192192192192 0.28874 0.09474474474474474 0.08768000000000001
0 0.8207207207207208 0.27447000000000005 0.20444444444444443 0.11422
0 0.8236486486486486 0.19667 0.09426426426426426 0.0869
0 0.9032732732732733 0.2504 0.039339339339339335 0.12476000000000001
0 0.04942942942942943 0.50183 0.09861861861861863 0.5597799999999999
0 0.20141141141141145 0.21726 0.07363363363363364 0.08324
0 0.9842792792792793 0.25176000000000004 0.031441441441441446 0.12304000000000001
0 0.6830930930930931 0.22524000000000002 0.21279279279279278 0.19468000000000002
0 0.7431381381381381 0.27878 0.08375375375375375 0.08544
