0 0.48731250000000004 0.6019980119284294 0.08975 0.2713121272365805
0 0.6624531250000001 0.685596421471173 0.09350000000000001 0.24968190854870773
0 0.5470703125 0.5692147117296222 0.038859375 0.10566600397614313
0 0.3750234375 0.6693339960238568 0.12201562500000002 0.3082107355864811
0 0.15651562500000002 0.6035188866799205 0.053562500000000006 0.17904572564612325
0 0.942796875 0.5056958250497018 0.026875 0.13675944333996023
0 0.43373437500000006 0.5951192842942346 0.057906250000000006 0.20737574552683896
0 0.5236953125 0.5438270377733598 0.04070312500000001 0.1146520874751491
0 0.23640624999999998 0.5944632206759443 0.031875 0.13656063618290257
0 0.1963359375 0.5906858846918489 0.067359375 0.17011928429423456
0 0.7346171875 0.6046819085487077 0.056078125000000006 0.08491053677932404
