0 0.21311718749999997 0.24578124999999998 0.10917187500000002 0.2842708333333333
0 0.7347968750000001 0.35922916666666665 0.1790625 0.16666666666666666
0 0.785984375 0.1780208333333333 0.1028125 0.16404166666666664
0 0.5005625 0.5494375 0.48203125 0.8247083333333334
0 0.31670312500000003 0.09729166666666667 0.06146875000000001 0.07720833333333334
0 0.13589062500000001 0.106375 0.047125 0.03720833333333333
0 0.63425 0.25988541666666665 0.17215625 0.25806250000000003
0 0.6894062500000001 0.15542708333333333 0.09431250000000001 0.15852083333333333
0 0.7077890625000001 0.14040624999999998 0.053296875 0.13406249999999997
0 0.524796875 0.09410416666666667 0.07628125000000001 0.09879166666666667
0 0.40814843750000007 0.08935416666666667 0.07532812500000001 0.09620833333333333
0 0.10520312500000001 0.22710416666666663 0.13315625 0.26629166666666665
0 0.082109375 0.31758333333333333 0.11665625 0.22670833333333332
0 0.49921875000000004 0.24166666666666667 0.9984375000000001 0.425
