0 0.5405390625000001 0.7168032786885246 0.11276562500000001 0.45070257611241216
0 0.7136640625 0.2 0.083953125 0.3505386416861827
0 0.38943750000000005 0.34104215456674475 0.026750000000000003 0.045925058548009365
0 0.49078906250000004 0.6167330210772834 0.110515625 0.4799765807962529
0 0.5758359375000001 0.39017564402810306 0.068171875 0.1748711943793911
0 0.234484375 0.6758665105386418 0.09943750000000001 0.4936065573770492
0 0.7494765624999999 0.6249063231850118 0.156296875 0.5254566744730679
0 0.6730781250000001 0.48131147540983604 0.07825 0.277751756440281
0 0.421609375 0.5995433255269321 0.07375000000000001 0.4783372365339578
0 0.3083203125 0.5895901639344262 0.11942187500000001 0.5008196721311475
0 0.716296875 0.7530093676814987 0.16056250000000002 0.3705620608899297
0 0.6235078125000001 0.478384074941452 0.06460937500000001 0.2783606557377049
0 0.626171875 0.37462529274004686 0.06021875 0.12531615925058548
0 0.39140625 0.5339578454332553 0.3140625 0.4964871194379391
