0 0.13488281249999998 0.5695784543325527 0.12476562499999999 0.6093208430913349
0 0.5326953125 0.14300936768149883 0.166796875 0.24775175644028105
0 0.6895937500000001 0.08796252927400469 0.09875 0.1751288056206089
0 0.773234375 0.07711943793911007 0.09784375000000001 0.15255269320843093
0 0.86275 0.09573770491803278 0.08546875000000001 0.15044496487119438
0 0.9424999999999999 0.28666276346604214 0.11499999999999999 0.5733255269320843
0 0.40770312500000006 0.12591334894613584 0.13621875000000003 0.2518266978922717
0 0.32927343750000004 0.7663934426229508 0.40701562500000005 0.2506791569086651
0 0.043062500000000004 0.6771779859484777 0.0854375 0.37341920374707255
0 0.078796875 0.39347775175644023 0.07309375 0.15838407494145199
