0 0.11882031250000001 0.41460416666666666 0.23764062500000002 0.8112499999999999
0 0.23675 0.36882291666666667 0.16821875 0.5708125000000001
0 0.33585156250000003 0.39379166666666665 0.124265625 0.3950833333333333
0 0.38051562499999997 0.44176041666666666 0.07856250000000001 0.29493749999999996
0 0.46746875000000004 0.44194791666666666 0.13834375000000002 0.2966458333333333
0 0.5945937499999999 0.4205833333333333 0.07978125000000001 0.34624999999999995
0 0.6646796875000001 0.3999375 0.150109375 0.40325
0 0.78771875 0.4714479166666667 0.05915625 0.2423958333333333
0 0.8873203125 0.363375 0.225359375 0.5469583333333333
0 0.9749140625000001 0.45765625000000004 0.049078125 0.2534375
0 0.8268828125000001 0.44467708333333333 0.057546875 0.28160416666666666
