0 0.43141406250000003 0.3678854166666667 0.381265625 0.6760208333333333
0 0.8395390625 0.424875 0.021640625 0.050416666666666665
0 0.9635937500000001 0.44646875 0.014875 0.05985416666666667
0 0.8921562500000001 0.4454270833333333 0.01209375 0.0410625
0 0.7314609375000001 0.42021875 0.020234375 0.08089583333333333
0 0.8705546875 0.42390625 0.010859375000000001 0.04572916666666667
0 0.917328125 0.4373229166666666 0.01825 0.06472916666666667
0 0.80921875 0.4292916666666667 0.01434375 0.057374999999999995
0 0.892234375 0.4170625 0.013406250000000001 0.028958333333333332
0 0.9918515625000002 0.4528020833333333 0.016296875 0.04939583333333333
0 0.9006640625000002 0.42410416666666667 0.006578125000000001 0.028374999999999997
0 0.9360624999999999 0.4438229166666667 0.0205 0.058729166666666666
0 0.85434375 0.42346875 0.01171875 0.035145833333333334
0 0.7203125 0.42916666666666664 0.5437500000000001 0.08333333333333333
