0 0.7387109375 0.7698958333333333 0.19032812500000001 0.43870833333333337
0 0.49859375000000006 0.86625 0.11681250000000001 0.24379166666666666
0 0.08140625000000001 0.7638437499999999 0.06521875 0.15652083333333333
0 0.32624218750000006 0.8338125000000001 0.06148437500000001 0.22129166666666666
0 0.2691953125 0.7771145833333333 0.047796875 0.1593125
0 0.3071953125 0.7226145833333334 0.021984375 0.06435416666666667
0 0.284765625 0.7119270833333332 0.017937500000000002 0.04152083333333333
0 0.32605468750000005 0.9572499999999999 0.278921875 0.08549999999999999
0 0.43964843750000004 0.6539791666666667 0.018046875 0.041041666666666664
0 0.33851562500000004 0.7322083333333332 0.03565625 0.10054166666666665
0 0.37415625 0.754125 0.00925 0.04895833333333333
