0 0.949390625 0.21680652680652682 0.08384375 0.3027972027972028
0 0.9101171875 0.14262237762237762 0.087859375 0.19955710955710956
0 0.8363515625 0.18646853146853148 0.087578125 0.27340326340326343
0 0.7537421875 0.23503496503496504 0.082671875 0.34265734265734266
0 0.6920078125 0.14641025641025643 0.052171875000000006 0.15062937062937065
0 0.57865625 0.08524475524475525 0.11081250000000001 0.16433566433566432
0 0.44909375000000007 0.04841491841491841 0.015218750000000001 0.07193473193473193
0 0.46471093750000003 0.05377622377622378 0.021703125000000004 0.086993006993007
0 0.4290546875000001 0.06701631701631702 0.019046875 0.09557109557109557
0 0.38013281250000003 0.04117715617715618 0.023421875 0.04268065268065268
0 0.6760078125000001 0.018927738927738927 0.083921875 0.037855477855477854
0 0.337171875 0.05343822843822843 0.017875 0.04375291375291375
0 0.41025781250000004 0.07513986013986014 0.020453125000000003 0.1141958041958042
0 0.4265625 0.22144522144522144 0.36875 0.4428904428904429
