0 0.6615573770491804 0.3056796875 0.489672131147541 0.535046875
0 0.2503161592505855 0.40253125 0.28002341920374707 0.6397187500000001
0 0.440152224824356 0.12355468749999998 0.20442622950819675 0.24167187499999998
0 0.806264637002342 0.16448437500000002 0.15482435597189695 0.22937500000000002
0 0.9227049180327869 0.47864843749999997 0.15459016393442623 0.633703125
0 0.208384074941452 0.3590390625 0.2492271662763466 0.675390625
0 0.47083138173302114 0.475515625 0.34840749414519906 0.91759375
0 0.7214519906323185 0.1479765625 0.10632318501170959 0.07623437500000001
0 0.8095316159250586 0.5004765625 0.05611241217798595 0.182359375
0 0.6536299765807961 0.055054687500000005 0.07737704918032787 0.068828125
