0 0.553640625 0.5501768867924528 0.02028125 0.07808962264150943
0 0.582828125 0.5500353773584905 0.013031250000000001 0.07639150943396227
0 0.08097656250000002 0.5234551886792452 0.034484375000000005 0.11733490566037735
0 0.504890625 0.5516981132075471 0.0160625 0.05849056603773585
0 0.516953125 0.5486792452830188 0.02115625 0.0630188679245283
0 0.45192187500000003 0.552252358490566 0.01071875 0.07054245283018867
0 0.56325 0.547688679245283 0.011500000000000002 0.06820754716981133
0 0.40796875 0.5583490566037735 0.00965625 0.05971698113207547
0 0.7592578125 0.390813679245283 0.012265625 0.019080188679245283
0 0.8059531250000002 0.37696933962264145 0.014656250000000003 0.020117924528301884
0 0.9213046875000002 0.36189858490566035 0.019734375000000002 0.02837264150943396
0 0.8658671875000001 0.5127122641509434 0.025984375 0.04080188679245283
0 0.17811718750000002 0.5482665094339623 0.024390625 0.06441037735849056
0 0.15000000000000002 0.5471698113207547 0.028125 0.051886792452830184
