0 0.5321640625 0.6110705882352941 0.077578125 0.40703529411764705
0 0.9267890625 0.6651647058823529 0.146421875 0.642705882352941
0 0.6834140625 0.5224941176470588 0.042953125 0.1869176470588235
0 0.7264140625000001 0.5060235294117646 0.031203124999999998 0.19496470588235293
0 0.7928281250000001 0.5307411764705882 0.055281250000000004 0.21352941176470586
0 0.8141171875000002 0.5045882352941176 0.027203125 0.1532235294117647
0 0.8401250000000001 0.5303882352941176 0.0355 0.1720235294117647
0 0.8701328125000001 0.48479999999999995 0.019765625000000002 0.07585882352941176
0 0.9073749999999999 0.4462705882352941 0.01690625 0.04152941176470588
0 0.8840625 0.5136117647058823 0.044562500000000005 0.09159999999999999
0 0.7424140625 0.5349294117647059 0.046765625000000005 0.20637647058823527
0 0.8292499999999999 0.49398823529411756 0.022781250000000003 0.09545882352941176
