0 0.95834375 0.9699507389162562 0.0129375 0.060098522167487685
0 0.919578125 0.9794458128078819 0.020375 0.04110837438423646
0 0.28257031250000003 0.9620073891625616 0.023984375000000002 0.07598522167487685
0 0.23175000000000004 0.9647167487684729 0.022125000000000002 0.07056650246305418
0 0.6926171875 0.9569088669950739 0.018203125 0.07815270935960592
0 0.6661562500000001 0.9695689655172415 0.021593750000000002 0.06086206896551724
0 0.3360468750000001 0.9632758620689656 0.032 0.07344827586206897
0 0.3569609375 0.9680788177339902 0.018359375 0.06300492610837438
0 0.6507890625 0.9709852216748768 0.025015625000000003 0.058029556650246304
0 0.8511250000000001 0.9667610837438424 0.03640625 0.06647783251231527
0 0.47789062499999996 0.9513669950738917 0.015312500000000001 0.031847290640394085
0 0.7737812500000001 0.966256157635468 0.02421875 0.06748768472906404
0 0.0811328125 0.9606034482758621 0.015390625 0.07495073891625616
0 0.47500000000000003 0.6268472906403941 0.9437500000000001 0.7413793103448276
