0 0.15698 0.8396419098143234 0.01136 0.026339522546419095
0 0.18307 0.9140318302387268 0.01158 0.016551724137931035
0 0.04008 0.8082228116710874 0.01264 0.028647214854111407
0 0.16541999999999998 0.8456233421750663 0.00944 0.02742705570291777
0 0.06620000000000001 0.8515649867374006 0.00904 0.0343236074270557
0 0.45205 0.8693501326259947 0.010140000000000001 0.029151193633952254
0 0.22310000000000002 0.8760875331564987 0.01772 0.0373209549071618
0 0.00894 0.9056100795755967 0.00868 0.028249336870026526
0 0.09284 0.8876790450928382 0.01228 0.03705570291777188
0 0.47245 0.8625464190981432 0.008220000000000002 0.03092838196286472
0 0.29802 0.8762334217506632 0.008480000000000001 0.01416445623342175
0 0.33142000000000005 0.8375729442970822 0.00632 0.025968169761273207
