0 0.5165468750000001 0.5120416666666666 0.06984375000000001 0.15783333333333335
0 0.4000703125 0.5062291666666667 0.07882812500000001 0.16191666666666665
0 0.398390625 0.34319791666666666 0.048343750000000005 0.0789375
0 0.9647109375 0.4935833333333334 0.059421875000000006 0.17704166666666668
0 0.8796953125 0.48272916666666665 0.129203125 0.19545833333333332
0 0.1521875 0.4529166666666667 0.08575 0.2690416666666666
0 0.9108046875000002 0.4964270833333333 0.058109375 0.1183125
0 0.23743749999999997 0.39295833333333335 0.033531250000000005 0.05620833333333333
0 0.3114453125 0.43246874999999996 0.05567187500000001 0.14014583333333333
0 0.8250234375000001 0.5171041666666667 0.050109375000000005 0.11066666666666666
0 0.7889218750000001 0.5146666666666666 0.018343750000000002 0.106625
0 0.35271874999999997 0.374125 0.03859375 0.10066666666666667
