0 0.6500078125000001 0.5587587822014052 0.052109375000000006 0.23550351288056207
0 0.5052578125 0.529695550351288 0.032859375 0.14262295081967213
0 0.4711953125 0.5191569086651054 0.027734375000000002 0.10571428571428572
0 0.16160156250000002 0.56096018735363 0.052328125 0.2372365339578454
0 0.32613281250000004 0.5079976580796253 0.037578125000000004 0.11112412177985949
0 0.6268281250000001 0.5117447306791569 0.0266875 0.08002341920374707
0 0.5294296875 0.5123887587822014 0.008765625 0.010257611241217799
0 0.037765625000000004 0.7035597189695549 0.07553125000000001 0.1930679156908665
0 0.20522656250000001 0.5495901639344263 0.022546875 0.03524590163934426
0 0.9351015624999999 0.5147775175644028 0.007140625000000001 0.028384074941451988
0 0.30091406249999997 0.493208430913349 0.027171875 0.08777517564402809
0 0.806046875 0.5373770491803279 0.005125 0.021639344262295083
0 0.69296875 0.5398126463700235 0.5796875 0.09133489461358314
