0 0.6649296875 0.5429375000000001 0.031609375 0.10475
0 0.6295390625 0.5335729166666667 0.030921875 0.13022916666666667
0 0.8716406250000001 0.5214687499999999 0.028531250000000005 0.08052083333333333
0 0.831203125 0.5532291666666667 0.0350625 0.11966666666666666
0 0.6038828125000001 0.5320416666666667 0.025171875 0.09291666666666668
0 0.5024296875 0.5270729166666667 0.037828125000000004 0.06614583333333333
0 0.9640390625 0.5924895833333332 0.056140625 0.1645625
0 0.9842500000000002 0.5471041666666667 0.0315 0.0935
0 0.5689531250000001 0.5415729166666666 0.030687500000000003 0.10381249999999999
0 0.5926640625 0.5193749999999999 0.013703125 0.09129166666666666
0 0.788421875 0.5021770833333333 0.0238125 0.04939583333333333
0 0.5424140625 0.52146875 0.017984375 0.07981250000000001
0 0.8502656250000001 0.5361354166666668 0.020625 0.10456249999999999
0 0.434375 0.5354166666666667 0.44375000000000003 0.11666666666666667
