0 0.4446640625 0.7307962529274005 0.026421875 0.10107728337236534
0 0.250796875 0.7285480093676815 0.03771875 0.09695550351288056
0 0.64009375 0.7126112412177986 0.03525 0.14311475409836066
0 0.36385156250000006 0.4928454332552693 0.020203125000000002 0.020491803278688523
0 0.566140625 0.3980913348946136 0.031718750000000004 0.01360655737704918
0 0.705484375 0.7268969555035129 0.03325 0.11576112412177986
0 0.3426171875 0.39752927400468385 0.009015625 0.013512880562060889
0 0.3180859375 0.43179156908665106 0.021203125000000003 0.016978922716627636
0 0.0771484375 0.3999765807962529 0.013484375000000002 0.021405152224824357
0 0.043984375 0.38692037470726 0.015343750000000001 0.020163934426229508
