0 0.3455078125 0.4023958333333333 0.5696718749999999 0.7595416666666667
0 0.325671875 0.178625 0.14153125 0.27745833333333336
0 0.081078125 0.26464583333333336 0.16215625 0.382875
0 0.7243671875000001 0.25375000000000003 0.112796875 0.2055
0 0.9778046875000002 0.2972083333333333 0.044390625 0.18933333333333333
0 0.8168671875000002 0.1640416666666667 0.025640625 0.05291666666666666
0 0.8742734375 0.18336458333333333 0.054078125000000005 0.09122916666666667
0 0.6141640625 0.1955 0.060890625000000004 0.10466666666666667
0 0.5863515625 0.20588541666666668 0.103546875 0.12852083333333333
0 0.701703125 0.19908333333333333 0.043250000000000004 0.074625
0 0.7301796875000001 0.14538541666666666 0.026828125000000005 0.0383125
0 0.824125 0.2400625 0.060125 0.16912500000000003
