0 0.1988828125 0.824560546875 0.010015625 0.03716796875
0 0.22392187500000002 0.8276660156250001 0.01234375 0.04189453125
0 0.25265624999999997 0.814833984375 0.008906250000000001 0.03326171875
0 0.2704375 0.8140234375000001 0.008906250000000001 0.0167578125
0 0.6303671875000001 0.8053613281249999 0.013296875 0.03861328125
0 0.29935937500000004 0.7954980468749999 0.029468750000000002 0.03083984375
0 0.6147031250000001 0.823857421875 0.018468750000000003 0.07634765625
0 0.5413515624999999 0.8210546875 0.015296875 0.0654296875
0 0.18589062500000003 0.82751953125 0.008375 0.0367578125
0 0.6404453125 0.830224609375 0.019328125 0.07916015625
