0 0.6622109375 0.6867058823529412 0.361921875 0.6265882352941177
0 0.9409687500000001 0.5247176470588235 0.11806250000000001 0.5146117647058823
0 0.7626328125 0.45148235294117645 0.13226562500000003 0.4420235294117647
0 0.36785156250000006 0.5791058823529411 0.141765625 0.5797647058823528
0 0.49957031249999995 0.26891764705882354 0.040265625 0.11882352941176469
0 0.17738281250000001 0.13957647058823527 0.048828125 0.09661176470588236
0 0.8536015625 0.24629411764705883 0.046078125 0.1612941176470588
0 0.4378671875 0.27179999999999993 0.056890625 0.15578823529411762
0 0.6881796875 0.24539999999999998 0.044078125 0.11061176470588234
0 0.04275 0.8783529411764706 0.0855 0.24329411764705883
0 0.3286171875 0.2772588235294118 0.055359375 0.03409411764705882
0 0.17236718750000002 0.5177294117647059 0.048984375000000004 0.1280705882352941
