0 0.2208671875 0.6201562499999999 0.136828125 0.31785416666666666
0 0.38113281250000003 0.6548229166666667 0.198296875 0.22085416666666668
0 0.9938828124999999 0.11648958333333333 0.012234375 0.07643749999999999
0 0.5974765625 0.57303125 0.23426562500000003 0.40447916666666667
0 0.294 0.07975 0.05656250000000001 0.08141666666666666
0 0.3308203125 0.045083333333333336 0.060046875 0.07866666666666666
0 0.42607031250000005 0.054947916666666666 0.039859375 0.09247916666666667
0 0.589875 0.04261458333333334 0.0385625 0.08264583333333334
0 0.81509375 0.22242708333333333 0.0713125 0.0830625
0 0.29345312500000004 0.35608333333333336 0.08509375000000001 0.14770833333333333
0 0.2206328125 0.3683125 0.051953125 0.12908333333333333
0 0.17304687500000002 0.37418749999999995 0.07868750000000001 0.13441666666666666
0 0.40943750000000007 0.22075 0.050937500000000004 0.09104166666666667
0 0.49531250000000004 0.17291666666666666 0.9875 0.3458333333333333
