0 0.32971 0.3968666666666667 0.04262 0.06344
0 0.41067000000000004 0.3997866666666666 0.0465 0.06853333333333333
0 0.7432799999999999 0.3777333333333333 0.021079999999999998 0.07919999999999999
0 0.46433 0.38090666666666667 0.05898 0.09664
0 0.6492800000000001 0.4153866666666667 0.03816 0.12213333333333332
0 0.04336 0.3906266666666667 0.028 0.10135999999999999
0 0.16854999999999998 0.38236 0.013779999999999999 0.03
0 0.36604000000000003 0.4044533333333334 0.04488 0.08581333333333332
0 0.85632 0.43264 0.03252000000000001 0.06293333333333334
0 0.7918 0.4078533333333333 0.041 0.09442666666666666
0 0.83343 0.3701066666666667 0.03202000000000001 0.053919999999999996
0 0.9322 0.4350399999999999 0.021480000000000003 0.043733333333333325
0 0.7499500000000001 0.40024 0.055380000000000006 0.09098666666666666
0 0.836 0.42933333333333334 0.052000000000000005 0.07466666666666666
