0 0.4122890625 0.6839166666666666 0.18742187500000002 0.4869583333333333
0 0.5690937500000001 0.6177083333333333 0.0676875 0.11879166666666667
0 0.6394765625000001 0.6264791666666667 0.059203125 0.111125
0 0.7043046875000001 0.6331041666666666 0.054515625000000005 0.1
0 0.7708125 0.6332083333333334 0.054093749999999996 0.10216666666666667
0 0.8013281250000001 0.5711354166666667 0.04831250000000001 0.1444375
0 0.748421875 0.5502916666666666 0.06015625 0.12129166666666666
0 0.9874062499999999 0.6425624999999999 0.0251875 0.10454166666666666
0 0.654671875 0.5468541666666666 0.0491875 0.13625
0 0.4716796875 0.53190625 0.051578125 0.10564583333333333
0 0.5168125 0.5500208333333333 0.042 0.12491666666666666
0 0.5581171875000001 0.45160416666666664 0.029109375 0.050708333333333334
0 0.5299296875 0.6222395833333334 0.039734375 0.10110416666666666
0 0.71640625 0.5583333333333333 0.5640625 0.275
