0 0.9400625000000002 0.41464871194379394 0.08575 0.4390866510538642
0 0.8511328125000001 0.4340046838407494 0.103890625 0.39105386416861826
0 0.3905703125 0.422096018735363 0.118453125 0.4134660421545668
0 0.26987500000000003 0.45018735362997664 0.08996875 0.3797658079625293
0 0.603609375 0.31439110070257614 0.07509375000000001 0.16395784543325528
0 0.9190546875 0.6239344262295081 0.161890625 0.19409836065573768
0 0.7507265625 0.44441451990632314 0.091609375 0.37220140515222483
0 0.51846875 0.4245433255269321 0.07846875 0.31901639344262295
0 0.6844218750000001 0.3166978922716628 0.07184375 0.1358313817330211
0 0.027875 0.44514051522248244 0.05575 0.3737470725995316
0 0.6577109375000001 0.6087822014051522 0.281015625 0.5400468384074941
