0 0.182453125 0.7556041666666666 0.36490625 0.45741666666666664
0 0.431078125 0.6391458333333334 0.20496875000000003 0.5431666666666667
0 0.594421875 0.35802083333333334 0.04878125 0.11354166666666667
0 0.26546875000000003 0.41301041666666666 0.08056250000000001 0.18252083333333333
0 0.3124921875 0.3944895833333334 0.062921875 0.17247916666666668
0 0.1637578125 0.4452916666666667 0.065296875 0.16875
0 0.3550078125 0.39045833333333335 0.058953124999999995 0.107125
0 0.5392343749999999 0.3586354166666667 0.08971875000000001 0.13514583333333335
0 0.7232500000000001 0.3495729166666666 0.031875 0.10977083333333333
0 0.200296875 0.4447083333333333 0.08646875000000001 0.225875
0 0.3913203125 0.3435416666666667 0.079578125 0.13016666666666665
0 0.9733749999999999 0.6147916666666667 0.05325 0.25454166666666667
0 0.76525 0.31896874999999997 0.05462500000000001 0.10285416666666666
0 0.5 0.5802083333333333 0.9968750000000001 0.8354166666666667
