0 0.255390625 0.7774583333333334 0.05721875 0.17020833333333335
0 0.41225000000000006 0.5985833333333334 0.0298125 0.06129166666666667
0 0.43473437500000006 0.5826250000000001 0.017718750000000002 0.08141666666666666
0 0.35395312500000004 0.5959270833333333 0.013750000000000002 0.050687499999999996
0 0.546375 0.5998229166666665 0.032281250000000004 0.05477083333333333
0 0.718890625 0.5053854166666666 0.014687500000000001 0.03872916666666667
0 0.8299453125 0.5125520833333334 0.009921875 0.024854166666666667
0 0.814515625 0.5021666666666667 0.016125 0.053375
0 0.36212500000000003 0.7912812499999999 0.0538125 0.1604375
0 0.3187109375 0.6090312499999999 0.011359375 0.024770833333333336
