0 0.484984375 0.43647916666666664 0.040656250000000005 0.08762500000000001
0 0.41392968750000003 0.43241666666666667 0.053140625 0.093
0 0.6552890625000001 0.48182291666666666 0.036953124999999996 0.15260416666666665
0 0.7666484375 0.44221875000000005 0.018453125 0.06272916666666667
0 0.7426250000000001 0.4324895833333333 0.01865625 0.058770833333333335
0 0.1325234375 0.4049375 0.026453125 0.025249999999999998
0 0.1719453125 0.40498958333333335 0.021734375 0.027854166666666666
0 0.6969140625 0.4381979166666667 0.032015625 0.07639583333333333
0 0.3067968750000001 0.43047916666666663 0.026718750000000003 0.06175
0 0.445515625 0.42048958333333336 0.01515625 0.0353125
0 0.375515625 0.43666666666666665 0.025750000000000002 0.06416666666666666
0 0.27368750000000003 0.4314270833333333 0.01978125 0.06777083333333334
0 0.51875 0.47291666666666665 0.68125 0.175
