0 0.12623437499999998 0.6191004672897197 0.0991875 0.39324766355140184
0 0.631984375 0.4804672897196261 0.07221875 0.1872429906542056
0 0.6900078125000001 0.4361448598130841 0.038890625000000005 0.07766355140186916
0 0.7273984375 0.4421728971962616 0.026984375 0.06355140186915888
0 0.5890468750000001 0.45264018691588787 0.0329375 0.07191588785046729
0 0.5327265625000001 0.4785397196261682 0.051953125 0.12605140186915886
0 0.4657578125 0.4694042056074766 0.035171875000000005 0.10899532710280373
0 0.43549218749999996 0.4726168224299065 0.024015625 0.10037383177570093
0 0.401671875 0.46874999999999994 0.02528125 0.075303738317757
0 0.8589296875000001 0.5247897196261683 0.020234375 0.09850467289719625
0 0.9575078125000002 0.5602336448598131 0.023296875 0.10906542056074765
0 0.5130703125 0.4538668224299065 0.018765625 0.04978971962616822
0 0.37757031250000006 0.4549766355140187 0.016671875 0.032663551401869155
0 0.7210937500000001 0.5280373831775701 0.5546875 0.1822429906542056
