0 0.837359375 0.43594847775175644 0.1424375 0.6022482435597191
0 0.5206484375000001 0.3879391100702576 0.095015625 0.4610304449648712
0 0.39656250000000004 0.3483138173302108 0.1544375 0.4179859484777517
0 0.4708125 0.23010538641686182 0.0574375 0.1143559718969555
0 0.583984375 0.4394145199063232 0.19465625 0.5764871194379391
0 0.6432734375 0.26229508196721313 0.038359375 0.15985948477751757
0 0.7801875 0.3005737704918033 0.0768125 0.32859484777517567
0 0.9083593750000001 0.4226112412177986 0.1085625 0.4526697892271663
0 0.9274140625 0.2338056206088993 0.031328125000000005 0.1017096018735363
0 0.621453125 0.3134777517564403 0.06146875000000001 0.25843091334894613
0 0.6165546875000001 0.14576112412177986 0.034671875000000005 0.10819672131147541
0 0.7421484375 0.22471896955503512 0.026984375 0.10334894613583138
0 0.9714765625 0.24870023419203746 0.025203125 0.1255503512880562
0 0.6687500000000001 0.21428571428571427 0.659375 0.20374707259953162
