0 0.7569479166666666 0.9151875 0.09035416666666667 0.16962500000000003
0 0.4525104166666667 0.872515625 0.0486875 0.07225000000000001
0 0.9798020833333333 0.958421875 0.03872916666666667 0.08315625
0 0.8551770833333333 0.879265625 0.03960416666666667 0.07225000000000001
0 0.19476041666666669 0.8842734375 0.0539375 0.042703125
0 0.3228229166666667 0.8754531249999999 0.0341875 0.09303125000000001
0 0.23127083333333331 0.8716640624999998 0.017541666666666667 0.043546875000000006
0 0.5831250000000001 0.8911640625000001 0.15354166666666666 0.20589062500000002
0 0.7250104166666667 0.8673828125 0.025645833333333333 0.054734375
0 0.2780833333333333 0.8664375 0.024625 0.050375
0 0.2948854166666666 0.8673125000000002 0.011854166666666667 0.04521875
0 0.25866666666666666 0.8658359375 0.015125 0.032484375
0 0.7389270833333333 0.8583984375 0.0171875 0.032734375
0 0.5 0.5921875 0.9958333333333333 0.753125
