0 0.5046093750000001 0.6463262910798122 0.26453125000000005 0.6803521126760563
0 0.23945312500000002 0.6918544600938967 0.27937500000000004 0.5953051643192488
0 0.366109375 0.5063732394366197 0.08165625 0.2245305164319249
0 0.0807734375 0.652805164319249 0.161546875 0.6404460093896713
0 0.1728515625 0.47975352112676056 0.063234375 0.22194835680751174
0 0.39039843750000003 0.41685446009389676 0.038890625000000005 0.1056338028169014
0 0.31838281250000006 0.4710446009389671 0.059171875 0.20509389671361503
0 0.412484375 0.40262910798122065 0.015593750000000002 0.04291079812206573
0 0.014390625000000002 0.3919835680751174 0.028781250000000005 0.08636150234741784
0 0.35396875 0.41607981220657275 0.034749999999999996 0.08502347417840375
