0 0.29570833333333335 0.496015625 0.041416666666666664 0.04725
0 0.77171875 0.4991328125 0.025229166666666664 0.058390625
0 0.4543854166666667 0.5089140625 0.04735416666666667 0.034453125
0 0.7436666666666666 0.5162109375 0.035666666666666666 0.031265625000000005
0 0.7043541666666666 0.5163125000000001 0.02666666666666667 0.0335625
0 0.6590833333333334 0.5131640624999999 0.03095833333333333 0.035828125
0 0.5801145833333333 0.507453125 0.0226875 0.02809375
0 0.49183333333333334 0.5106328125 0.030083333333333333 0.034046875
0 0.4097604166666667 0.50646875 0.026979166666666665 0.02640625
0 0.37568749999999995 0.504203125 0.017249999999999998 0.021562500000000002
0 0.36235416666666664 0.5067109375000001 0.02075 0.025765625
0 0.6132291666666667 0.5135390625 0.034625 0.034296875
0 0.5694166666666667 0.5142421875000001 0.04070833333333333 0.032328125000000006
