0 0.567875 0.49297916666666663 0.20884375 0.52875
0 0.38005468750000004 0.7112395833333333 0.25448437500000004 0.5415625
0 0.7567343750000001 0.7921354166666668 0.35056250000000005 0.38877083333333334
0 0.23477343750000002 0.41819791666666667 0.10123437500000002 0.5008125
0 0.5112109375 0.22301041666666663 0.027109375000000005 0.12327083333333333
0 0.718109375 0.35153125 0.12121875 0.24660416666666668
0 0.24017187500000003 0.7157291666666666 0.47359375000000004 0.5460833333333334
0 0.9832031250000001 0.34954166666666664 0.03359375 0.2548333333333333
0 0.2336171875 0.6172187499999999 0.28576562499999997 0.6013958333333334
0 0.8238125000000001 0.319875 0.1280625 0.33695833333333336
0 0.53815625 0.7311354166666666 0.1483125 0.5377291666666667
0 0.36375 0.242 0.0683125 0.13004166666666667
0 0.7056250000000001 0.9677395833333333 0.171875 0.06452083333333333
0 0.49140625000000004 0.46875 0.9796875 0.65
