0 0.6536171875000001 0.6786588235294118 0.131328125 0.24719999999999998
0 0.8214921875000001 0.6467176470588235 0.10392187500000001 0.302235294117647
0 0.8937421875 0.5861764705882352 0.071734375 0.17785882352941176
0 0.1448984375 0.7201294117647058 0.117359375 0.3684941176470588
0 0.47663281250000006 0.6400588235294117 0.14876562499999998 0.16308235294117646
0 0.9224296875000001 0.5534117647058823 0.061296875 0.07976470588235293
0 0.7618828125000001 0.5853176470588235 0.040921875 0.1496470588235294
0 0.8245078125000002 0.5554117647058824 0.048421875 0.060658823529411765
0 0.2723828125 0.6652235294117645 0.084890625 0.28762352941176467
0 0.14760156249999998 0.5391647058823529 0.012515625 0.02167058823529412
0 0.7404609375000001 0.5738941176470588 0.015765625000000002 0.10458823529411765
