0 0.6027031250000001 0.5993854166666668 0.04678125 0.16927083333333334
0 0.8508984374999999 0.7421562500000001 0.100890625 0.27802083333333333
0 0.9636093750000001 0.6189583333333334 0.04515625 0.18595833333333334
0 0.8360390624999999 0.5915520833333333 0.033390625 0.10002083333333332
0 0.7059453125 0.56884375 0.016859375 0.06035416666666666
0 0.7219765625000001 0.5679479166666667 0.015328125000000001 0.0655625
0 0.6763828125 0.58803125 0.035921875 0.16243749999999998
0 0.8857187499999999 0.5738020833333334 0.018125 0.09514583333333333
0 0.86371875 0.5720416666666667 0.01109375 0.0665
0 0.8723750000000001 0.5812395833333334 0.018312500000000002 0.0854375
0 0.9845781250000001 0.5461979166666667 0.01903125 0.027604166666666666
