0 0.7538828125000001 0.623411214953271 0.063859375 0.3151401869158878
0 0.25322656250000003 0.6325817757009345 0.05560937500000001 0.34380841121495326
0 0.8265546875 0.569929906542056 0.08295312500000002 0.231214953271028
0 0.884796875 0.531553738317757 0.022531250000000003 0.11988317757009345
0 0.126515625 0.5945911214953271 0.12050000000000001 0.79053738317757
0 0.41589843750000005 0.5834579439252336 0.056203125 0.25275700934579437
0 0.38177343750000003 0.5067523364485981 0.030265625000000004 0.11766355140186915
0 0.9606171875000001 0.5266004672897195 0.030703124999999998 0.150303738317757
0 0.2803046875 0.49329439252336443 0.014859375000000001 0.06985981308411214
0 0.19217968750000003 0.5022663551401868 0.027765625000000002 0.09616822429906541
0 0.5038671875 0.6076401869158878 0.070640625 0.29602803738317757
0 0.8453203125000001 0.5921845794392523 0.027578125 0.1720327102803738
0 0.21921093750000004 0.4931775700934579 0.018421875 0.07429906542056075
0 0.49921875000000004 0.5654205607476636 0.9984375000000001 0.29906542056074764
