0 0.17737089201877934 0.4103984375 0.06370892018779344 0.062359374999999995
0 0.5873943661971831 0.425734375 0.03103286384976526 0.08378125
0 0.6445422535211269 0.40200781250000006 0.04504694835680752 0.032046875
0 0.6641079812206574 0.40009375 0.02727699530516432 0.0423125
0 0.031103286384976527 0.4388046875 0.06065727699530517 0.150828125
0 0.17144366197183097 0.37235937500000005 0.027065727699530515 0.01584375
0 0.5546948356807512 0.5913125 0.17131455399061035 0.39259375
0 0.042558685446009395 0.41828125 0.057793427230046955 0.12603125
0 0.12328638497652582 0.3795625 0.02272300469483568 0.033031250000000005
0 0.9345422535211266 0.42009375000000004 0.03504694835680751 0.07440625
0 0.8806690140845072 0.4097109375000001 0.014577464788732395 0.019859375000000002
0 0.10188967136150236 0.38965625000000004 0.022887323943661973 0.055281250000000004
0 0.635868544600939 0.3957265625 0.03225352112676057 0.018953125
