0 0.0849921875 0.48930913348946137 0.156546875 0.30292740046838407
0 0.027734375000000002 0.44411007025761123 0.055468750000000004 0.20812646370023422
0 0.821796875 0.3381381733021077 0.0991875 0.14868852459016393
0 0.9467109375 0.32778688524590166 0.102703125 0.15814988290398127
0 0.8554375000000001 0.28378220140515226 0.0760625 0.235480093676815
0 0.8527890625 0.7272248243559718 0.09626562500000001 0.5363231850117096
0 0.0854609375 0.2325878220140515 0.08095312500000001 0.17304449648711945
0 0.8838125 0.1365222482435597 0.058562499999999997 0.15229508196721311
0 0.9288124999999999 0.1741569086651054 0.06146875000000001 0.15505854800936766
0 0.046484375 0.15618266978922715 0.05996875000000001 0.1640281030444965
0 0.44740625 0.2799297423887588 0.07871875 0.16056206088992975
0 0.3921640625 0.376615925058548 0.08976562500000002 0.13276346604215455
0 0.6634921875 0.5 0.37245312500000005 1.0
0 0.49921875000000004 0.3407494145199063 0.9984375000000001 0.4519906323185012
