0 0.586328125 0.4507962529274005 0.17684375000000002 0.696440281030445
0 0.1274375 0.34606557377049174 0.05396875 0.31461358313817334
0 0.0764140625 0.35155737704918033 0.061328125000000004 0.3134192037470726
0 0.1737421875 0.3441451990632318 0.045484375 0.30257611241217797
0 0.210125 0.32742388758782204 0.05403125 0.3094145199063232
0 0.256046875 0.33057377049180325 0.0466875 0.29669789227166277
0 0.29887499999999995 0.33761124121779856 0.04731250000000001 0.27634660421545665
0 0.3448125 0.3158899297423887 0.05146875 0.2336065573770492
0 0.3837421875 0.29870023419203745 0.044046875000000006 0.17941451990632318
0 0.2411640625 0.207248243559719 0.020921875000000003 0.04311475409836066
0 0.8770859375000001 0.21966042154566742 0.044984375 0.22245901639344262
0 0.9004921875000002 0.22476580796252926 0.036203125 0.22274004683840748
0 0.8355859375 0.1843911007025761 0.034703125 0.16620608899297423
0 0.5 0.3091334894613583 0.9968750000000001 0.4309133489461358
