0 0.8930520833333334 0.9451328125 0.04685416666666666 0.10973437500000001
0 0.8590104166666667 0.9211171875 0.034604166666666665 0.10798437500000001
0 0.8688229166666667 0.9335390625 0.04114583333333333 0.10723437499999999
0 0.9474166666666668 0.9199296875 0.04704166666666666 0.109421875
0 0.9505 0.9163281250000002 0.058625000000000003 0.0995
0 0.5374895833333333 0.9354765624999999 0.04789583333333333 0.111796875
0 0.5589791666666667 0.9299921875000001 0.03745833333333334 0.106859375
0 0.3777916666666667 0.9475078125 0.048125 0.103640625
0 0.10451041666666666 0.9403828125000001 0.0414375 0.071109375
0 0.12447916666666667 0.9257265625000001 0.024083333333333335 0.069046875
0 0.3914791666666667 0.905125 0.04083333333333333 0.056375
0 0.3128333333333333 0.8634921875 0.020708333333333332 0.053953125000000005
0 0.8501979166666666 0.9000390625 0.0341875 0.106671875
0 0.6552083333333333 0.9187500000000001 0.6770833333333334 0.15937500000000002
