0 0.9734375000000001 0.8004270833333332 0.053125000000000006 0.20764583333333334
0 0.9116796875000001 0.7601875 0.130453125 0.27229166666666665
0 0.8979453125 0.7527916666666667 0.041078125 0.2455
0 0.8534843750000001 0.6888229166666666 0.040843750000000005 0.09256249999999999
0 0.813546875 0.7404791666666667 0.06259375 0.233625
0 0.7839921875 0.6829583333333333 0.026265625 0.08491666666666667
0 0.7595156250000001 0.7279791666666666 0.041343750000000005 0.21166666666666664
0 0.25 0.6557083333333333 0.0635 0.079375
0 0.2138828125 0.6744270833333333 0.040671875 0.11160416666666667
0 0.5750937500000001 0.6690312500000001 0.036 0.07985416666666666
0 0.54975 0.6968125000000001 0.0383125 0.09916666666666667
0 0.623125 0.7163541666666667 0.04075 0.153125
0 0.7077500000000001 0.6918124999999999 0.05131250000000001 0.06958333333333333
0 0.45859375 0.7302083333333333 0.8609375 0.22708333333333333
