0 0.293859375 0.47752927400468387 0.13493750000000002 0.2629274004683841
0 0.4770546875 0.4070843091334895 0.053140625 0.08208430913348945
0 0.9093359375000001 0.4015925058548009 0.040328125 0.20271662763466042
0 0.6764296875000001 0.4770023419203747 0.092203125 0.4071194379391101
0 0.8291171875000001 0.48314988290398125 0.10495312500000001 0.5573067915690867
0 0.743671875 0.4472365339578454 0.08671875000000001 0.30257611241217797
0 0.786609375 0.3769203747072599 0.0253125 0.16409836065573769
0 0.7976875 0.3935948477751756 0.035625000000000004 0.18142857142857144
0 0.3893046875 0.46920374707259954 0.09798437500000001 0.23728337236533956
0 0.25760937500000003 0.33934426229508197 0.030625000000000003 0.0918032786885246
0 0.2356015625 0.3340281030444965 0.033390625 0.11063231850117096
0 0.3700546875 0.32621779859484773 0.047796875 0.09651053864168618
0 0.578421875 0.3711943793911007 0.0824375 0.2623887587822014
0 0.45078125 0.34192037470725994 0.8984375 0.1405152224824356
