0 0.0734921875 0.7060304449648712 0.144953125 0.5879391100702577
0 0.2388125 0.834672131147541 0.2388125 0.30873536299765814
0 0.9625546875 0.848606557377049 0.06689062500000001 0.22316159250585482
0 0.9183203125000001 0.8400819672131147 0.06448437500000001 0.23370023419203748
0 0.7984375 0.8318501170960189 0.0610625 0.23756440281030444
0 0.47714062500000004 0.8106908665105386 0.02503125 0.2111241217798595
0 0.675171875 0.7898126463700235 0.03875000000000001 0.19166276346604216
0 0.8526250000000002 0.8206440281030446 0.0663125 0.23355971896955505
0 0.8929765625 0.8437939110070258 0.037453125 0.20843091334894615
0 0.6212421875 0.8273887587822013 0.044453125 0.19918032786885245
0 0.5994843750000001 0.8135011709601874 0.05840625000000001 0.23463700234192036
0 0.23885156250000003 0.8135011709601874 0.05645312500000001 0.13379391100702576
0 0.611421875 0.715679156908665 0.02015625 0.0539344262295082
0 0.47578125000000004 0.8056206088992974 0.7484375000000001 0.22482435597189696
