0 0.8099791666666667 0.784109375 0.03820833333333333 0.08259375000000001
0 0.772125 0.8035000000000001 0.049833333333333334 0.1050625
0 0.8546354166666666 0.790421875 0.036187500000000004 0.07240625
0 0.9008020833333333 0.797390625 0.0463125 0.0859375
0 0.18828125 0.7541562500000001 0.0199375 0.031625
0 0.9897604166666666 0.7785859375 0.0203125 0.06754687499999999
0 0.9615833333333333 0.7769375000000001 0.02245833333333333 0.07209375
0 0.30509375 0.7531093750000001 0.014104166666666666 0.03325
0 0.5367395833333333 0.7497578125000001 0.016104166666666666 0.031203124999999998
0 0.9851666666666666 0.749078125 0.009833333333333333 0.01203125
0 0.41728125 0.7541562500000001 0.0159375 0.032625
0 0.24028125 0.7565078125000001 0.017354166666666667 0.020421875000000003
0 0.5770729166666667 0.7606015625000001 0.019604166666666666 0.039765625
0 0.5010416666666666 0.7625000000000001 0.9895833333333334 0.09375
