0 0.808875 0.8996252927400468 0.07646875 0.1775175644028103
0 0.500375 0.9023770491803279 0.048625 0.19524590163934427
0 0.5561484375 0.8061007025761123 0.066484375 0.10803278688524591
0 0.28075 0.5304332552693208 0.035312500000000004 0.11074941451990632
0 0.9295625 0.8853864168618267 0.06296875 0.0853864168618267
0 0.15081250000000002 0.5503747072599532 0.044437500000000005 0.12093676814988291
0 0.272875 0.8393208430913348 0.06596875 0.2988758782201405
0 0.9782734375000001 0.8999999999999999 0.043453125 0.1775175644028103
0 0.539515625 0.51692037470726 0.04803125 0.11880562060889929
0 0.0464765625 0.7561826697892271 0.074953125 0.23597189695550352
0 0.45553906250000004 0.8943911007025761 0.058140625 0.21121779859484777
0 0.060406249999999995 0.9303629976580796 0.12081249999999999 0.13927400468384074
0 0.4024609375 0.5268384074941452 0.051359375 0.13274004683840748
0 0.34609375000000003 0.6229508196721312 0.5171875 0.4918032786885246
