0 0.59290625 0.5371562500000001 0.10471875 0.3108125
0 0.652859375 0.44253125 0.0408125 0.1506875
0 0.6687890625 0.37899999999999995 0.013546875 0.02725
0 0.391734375 0.37345833333333334 0.0155 0.03325
0 0.37621875000000005 0.35737500000000005 0.00728125 0.015458333333333333
0 0.5889375 0.37108333333333327 0.00465625 0.012416666666666666
0 0.7422421875 0.38890625 0.006109375 0.019104166666666665
0 0.635015625 0.3757604166666666 0.01059375 0.0289375
0 0.5762578125000001 0.3701458333333333 0.0064531250000000005 0.013291666666666667
0 0.715265625 0.38887499999999997 0.007781250000000001 0.020458333333333335
0 0.3460625 0.34756249999999994 0.004718750000000001 0.014249999999999999
0 0.6945078125 0.3944895833333334 0.020609375 0.0458125
0 0.16862500000000002 0.15814583333333332 0.007781250000000001 0.016916666666666663
0 0.35703125 0.2604166666666667 0.4421875 0.2375
