0 0.491796875 0.5304481132075471 0.17746875 0.5469811320754716
0 0.36753125000000003 0.556002358490566 0.0995 0.2345047169811321
0 0.41285156250000005 0.5087971698113207 0.043890625 0.2816037735849057
0 0.4259921875000001 0.3287146226415094 0.047390625 0.06733490566037736
0 0.9262421875 0.5233844339622641 0.054359375 0.07714622641509433
0 0.9650078125000001 0.48382075471698116 0.047203125000000005 0.0555188679245283
0 0.8699062500000001 0.467936320754717 0.0403125 0.07455188679245282
0 0.8869296875 0.45550707547169805 0.036671875 0.10691037735849056
0 0.7991953125000001 0.4436556603773585 0.043578125 0.06787735849056603
0 0.77465625 0.4404127358490566 0.034375 0.09856132075471698
0 0.25349218749999997 0.29537735849056607 0.033890625 0.08481132075471698
0 0.336484375 0.2866037735849057 0.0279375 0.05325471698113207
0 0.44371875000000005 0.3076533018867924 0.027312500000000003 0.055212264150943394
0 0.5 0.26297169811320753 0.9968750000000001 0.5259433962264151
