0 0.6343203125000001 0.532081447963801 0.05560937500000001 0.0930316742081448
0 0.4057421875 0.36747737556561094 0.017421875 0.07119909502262443
0 0.836625 0.5570588235294118 0.0485 0.08963800904977376
0 0.9527265624999999 0.540950226244344 0.08026562500000001 0.2365610859728507
0 0.6999531250000001 0.5169004524886879 0.09643750000000001 0.13963800904977378
0 0.6596953125 0.5136538461538462 0.024828125000000003 0.035045248868778286
0 0.9466328125000001 0.5283710407239819 0.009265625 0.04411764705882353
0 0.9267109374999999 0.5562443438914028 0.047046875 0.08515837104072399
0 0.8941328125000001 0.5499095022624435 0.05639062500000001 0.10927601809954751
0 0.880140625 0.5360407239819005 0.01928125 0.05398190045248869
