0 0.636515625 0.5202187500000001 0.72696875 0.9460625
0 0.1028125 0.7950833333333333 0.205625 0.4098333333333333
0 0.30033593750000004 0.5922916666666667 0.047328125 0.11929166666666666
0 0.0960234375 0.5558541666666666 0.014109375 0.025833333333333333
0 0.23427343750000001 0.7410104166666667 0.18876562500000002 0.4966458333333333
0 0.44189062500000004 0.43535416666666665 0.026625 0.049041666666666664
0 0.3181640625 0.44958333333333333 0.010109375 0.026291666666666665
0 0.11764062500000001 0.6338333333333334 0.029687500000000002 0.08429166666666667
0 0.15225781250000003 0.5790833333333333 0.026203125 0.04720833333333333
0 0.13455468750000002 0.6616458333333333 0.056421875 0.10962499999999999
0 0.09893750000000001 0.60240625 0.023375000000000003 0.04447916666666667
0 0.1203359375 0.5768333333333333 0.023015625 0.042708333333333334
0 0.10521093749999999 0.5579583333333334 0.009484375000000001 0.02383333333333333
0 0.28671875 0.4864583333333333 0.4703125 0.21458333333333332
