0 0.49635156250000007 0.3616145833333333 0.244390625 0.7232291666666666
0 0.9310625 0.10133333333333333 0.12084375000000001 0.201625
0 0.7985468750000001 0.2799270833333333 0.07921875 0.2631041666666667
0 0.7433984375000001 0.20476041666666667 0.117140625 0.3421875
0 0.6775859375000001 0.14926041666666665 0.060671875 0.2553125
0 0.582515625 0.10016666666666667 0.04434375 0.181
0 0.8082109375000001 0.09957291666666666 0.058734375000000005 0.11610416666666666
0 0.838703125 0.1054375 0.039593750000000004 0.11666666666666667
0 0.9871953125000001 0.11246874999999999 0.025609375000000004 0.14568750000000003
0 0.8852187499999999 0.10710416666666665 0.047656250000000004 0.172625
0 0.8582343750000002 0.09282291666666667 0.017781250000000002 0.0719375
0 0.6104921875000001 0.13178125 0.042328125 0.2139375
0 0.31305468750000004 0.07533333333333332 0.011796875 0.021416666666666664
0 0.49765625 0.06770833333333333 0.5859375 0.08541666666666667
