0 0.33118333333333333 0.5359541984732825 0.262 0.9280916030534352
0 0.11628333333333334 0.4977480916030535 0.23256666666666667 0.995496183206107
0 0.4305333333333333 0.3842748091603054 0.16926666666666668 0.7685496183206108
0 0.5445583333333334 0.2116284987277354 0.08431666666666668 0.3643256997455471
0 0.6227 0.29916030534351146 0.20776666666666668 0.4965903307888041
0 0.6874833333333334 0.1976972010178117 0.037866666666666667 0.09854961832061068
0 0.8356333333333333 0.3722010178117049 0.32603333333333334 0.7399236641221375
0 0.8716750000000001 0.4156870229007634 0.05478333333333333 0.10114503816793893
0 0.22319999999999998 0.4170610687022901 0.08606666666666667 0.26114503816793894
0 0.8781166666666668 0.5982824427480916 0.0845 0.10643765903307889
0 0.873625 0.7815776081424938 0.046316666666666666 0.09725190839694657
0 0.53415 0.32243002544529265 0.07776666666666666 0.23290076335877866
