0 0.6627578125 0.5665690866510539 0.145953125 0.4899063231850117
0 0.560734375 0.526967213114754 0.11693750000000001 0.3707962529274005
0 0.7496484375 0.4696604215456675 0.101953125 0.5213348946135832
0 0.3716796875 0.5504918032786885 0.13282812500000002 0.44281030444964875
0 0.2674765625 0.5698126463700234 0.11720312500000002 0.502248243559719
0 0.22235937500000003 0.4429391100702576 0.10218750000000001 0.5802576112412178
0 0.30284375 0.2899414519906323 0.079625 0.2699531615925058
0 0.38082031250000004 0.2719086651053864 0.10795312500000001 0.269672131147541
0 0.49106249999999996 0.2574824355971897 0.11940625 0.27740046838407495
0 0.5919609375 0.2709016393442623 0.10048437500000001 0.27679156908665103
0 0.4563046875 0.5343676814988291 0.269796875 0.43023419203747076
0 0.7124843750000001 0.3123067915690867 0.15728125 0.30690866510538645
0 0.521390625 0.8045081967213115 0.421875 0.390983606557377
