0 0.4422890625 0.6393325526932084 0.158921875 0.667423887587822
0 0.6352500000000001 0.6382084309133489 0.10271875 0.5013817330210772
0 0.7698906249999999 0.6398946135831381 0.1184375 0.43819672131147547
0 0.0989296875 0.5412060889929743 0.197859375 0.9175878220140515
0 0.3440625 0.5652810304449649 0.10921875000000002 0.3848009367681499
0 0.5224375 0.6193911007025762 0.08065625 0.48313817330210773
0 0.7287421875 0.5360304449648712 0.053515625000000004 0.23964871194379392
0 0.8454296875000001 0.6394496487119439 0.055296875 0.3483138173302108
0 0.197265625 0.4177868852459016 0.06128125 0.13
0 0.7034609375 0.6033723653395784 0.044171875 0.29517564402810303
