0 0.3606300813008131 0.5007109375 0.39418699186991873 0.842828125
0 0.14027439024390245 0.38542968750000006 0.27993902439024393 0.420609375
0 0.6265853658536586 0.2603984375 0.17934959349593496 0.24017187500000003
0 0.846209349593496 0.22272656250000003 0.1609146341463415 0.191453125
0 0.9509756097560976 0.45014843750000005 0.0980487804878049 0.499109375
0 0.431229674796748 0.2240703125 0.0834349593495935 0.096203125
0 0.5457113821138212 0.19092187500000002 0.0858130081300813 0.166875
0 0.46293699186991877 0.1507578125 0.06932926829268293 0.086953125
0 0.08372967479674798 0.19650781250000002 0.05026422764227643 0.15151562500000001
0 0.7186483739837399 0.1018046875 0.051077235772357725 0.059609375
0 0.7869512195121953 0.10353125000000002 0.05089430894308943 0.06456250000000001
0 0.6040650406504066 0.12659375 0.06247967479674797 0.07703125
0 0.20752032520325203 0.15672656250000003 0.08926829268292684 0.13426562500000003
0 0.3353658536585366 0.15625 0.6707317073170732 0.21250000000000002
