0 0.8413750000000001 0.241875 0.019343750000000003 0.1036388888888889
0 0.9071796874999999 0.16970833333333335 0.027078124999999998 0.07069444444444445
0 0.4518515625 0.3620416666666667 0.023671875000000002 0.045083333333333336
0 0.1597734375 0.6635000000000001 0.039796875 0.14855555555555555
0 0.2022109375 0.2936944444444444 0.022140625 0.045166666666666674
0 0.09786718750000001 0.26558333333333334 0.023546875000000002 0.04661111111111112
0 0.5992421875 0.13461111111111113 0.020109375 0.04088888888888889
0 0.48557812499999997 0.07409722222222223 0.01609375 0.07980555555555556
0 0.5823046875000001 0.1060138888888889 0.014796875000000001 0.04102777777777778
0 0.35628125000000005 0.11111111111111112 0.018437500000000002 0.05450000000000001
0 0.38547656250000006 0.38222222222222224 0.024390625 0.06055555555555556
0 0.9097578125000001 0.832763888888889 0.019484375 0.04536111111111111
0 0.49921875000000004 0.4986111111111111 0.9984375000000001 0.9972222222222222
