0 0.6103359374999999 0.18420833333333334 0.022359375 0.10091666666666665
0 0.7314921875 0.26237499999999997 0.059859375000000006 0.131375
0 0.9036328124999999 0.21056249999999999 0.039953125000000006 0.085625
0 0.0870078125 0.3979375 0.034015625 0.14825
0 0.31050781250000004 0.7496979166666667 0.137140625 0.2450625
0 0.7315546875000001 0.05988541666666667 0.019765625000000002 0.022479166666666665
0 0.2207578125 0.07842708333333333 0.022984375 0.0289375
0 0.442796875 0.14025 0.0170625 0.04466666666666667
0 0.06906250000000001 0.24182291666666667 0.048718750000000005 0.10097916666666666
0 0.211515625 0.9696666666666667 0.032031250000000004 0.03820833333333333
0 0.09303125000000001 0.21302083333333333 0.035625000000000004 0.050208333333333334
0 0.13674218750000003 0.37203125 0.026828125000000005 0.13535416666666666
0 0.1046171875 0.21220833333333333 0.027234375 0.10304166666666667
0 0.49921875000000004 0.15104166666666666 0.9984375000000001 0.3020833333333333
