0 0.317421875 0.38138173302107725 0.142 0.38707259953161594
0 0.46413281250000005 0.5633489461358313 0.055390625000000006 0.23423887587822012
0 0.6001093750000001 0.5853747072599531 0.09643750000000001 0.3916393442622951
0 0.4306484374999999 0.5060304449648713 0.037203125 0.08601873536299764
0 0.8454453125000001 0.5165222482435596 0.037171875 0.10002341920374708
0 0.8130546875000001 0.5680093676814988 0.034546875 0.19508196721311474
0 0.7430546875 0.5370608899297423 0.040078125 0.18714285714285714
0 0.7813593750000001 0.5598829039812646 0.04521875 0.1718969555035129
0 0.9097343750000001 0.564824355971897 0.041281250000000005 0.16435597189695553
0 0.9894609375000001 0.561288056206089 0.021078125000000003 0.16665105386416862
0 0.962109375 0.5575292740046839 0.044375 0.1937470725995316
0 0.8702109375000001 0.5591217798594847 0.029171875000000003 0.1748711943793911
0 0.9290546875000001 0.5665105386416862 0.022859375 0.1448711943793911
0 0.55234375 0.5585480093676815 0.5640625 0.25526932084309134
