0 0.5416953125 0.7445647058823529 0.31039062500000003 0.17303529411764706
0 0.205171875 0.47559999999999997 0.012968750000000001 0.07647058823529411
0 0.267453125 0.4669294117647058 0.011875 0.07578823529411764
0 0.29104687500000004 0.4358117647058823 0.011875 0.05152941176470587
0 0.300703125 0.4264823529411764 0.007531250000000001 0.028352941176470588
0 0.34807031250000003 0.4244 0.009640625 0.05289411764705882
0 0.13899999999999998 0.46867058823529406 0.03609375 0.022894117647058822
0 0.09354687500000002 0.4478470588235294 0.022500000000000003 0.04011764705882353
0 0.3286171875 0.4345411764705882 0.008015625 0.03788235294117647
0 0.39346875000000003 0.4267294117647058 0.0075625 0.023105882352941174
0 0.6171562500000001 0.45522352941176464 0.0610625 0.032235294117647056
0 0.113875 0.4528941176470588 0.018968750000000003 0.029552941176470587
0 0.37578125 0.5070588235294117 0.6578125 0.3317647058823529
