0 0.29085937500000003 0.7584309133489462 0.1319375 0.48313817330210773
0 0.2516953125 0.5078805620608899 0.040578125 0.16217798594847777
0 0.5220859375 0.8217447306791569 0.176515625 0.3340749414519906
0 0.5700703125 0.6901170960187354 0.06414062499999999 0.21231850117096018
0 0.811546875 0.5461826697892271 0.0703125 0.3318501170960187
0 0.499515625 0.536791569086651 0.10278125 0.2525995316159251
0 0.6708906250000001 0.6717447306791569 0.16312500000000002 0.241288056206089
0 0.661640625 0.8038173302107727 0.14478125 0.39175644028103046
0 0.32510937500000003 0.5064988290398126 0.0913125 0.18053864168618267
0 0.873484375 0.5374121779859484 0.05909375 0.3208665105386417
0 0.0380546875 0.5380913348946136 0.076109375 0.1633957845433255
0 0.17723437500000003 0.7516861826697893 0.15528125 0.4741451990632319
0 0.16425 0.5507494145199063 0.14746875 0.21030444964871195
0 0.5 0.4964871194379391 0.9968750000000001 0.5526932084309133
