0 0.8418203125 0.34606250000000005 0.091484375 0.16391666666666668
0 0.7849921875000001 0.39946875 0.142328125 0.2697291666666667
0 0.9306171875000001 0.5943854166666667 0.138765625 0.6853958333333333
0 0.6313437500000001 0.33846875 0.13475 0.17143750000000002
0 0.5338046875 0.6009895833333333 0.201609375 0.6865208333333332
0 0.400328125 0.5518020833333334 0.16403125000000002 0.5623958333333333
0 0.32896875000000003 0.5210208333333334 0.13559375 0.5034166666666666
0 0.2433515625 0.49938541666666664 0.12279687500000001 0.46310416666666665
0 0.2495390625 0.3462395833333334 0.035171875000000005 0.1151875
0 0.1726875 0.5935520833333333 0.1486875 0.5593541666666667
0 0.118578125 0.4298333333333333 0.068875 0.27229166666666665
0 0.07670312500000001 0.3519791666666666 0.056781250000000005 0.12191666666666667
0 0.433734375 0.30044791666666665 0.09743750000000001 0.0816875
0 0.40937500000000004 0.5958333333333333 0.8187500000000001 0.6083333333333333
