0 0.6393750000000001 0.5935864485981308 0.19778125000000002 0.8128271028037383
0 0.8240546875 0.5995093457943925 0.196046875 0.8009813084112148
0 0.41646093749999996 0.5900817757009346 0.185265625 0.79053738317757
0 0.25171875 0.37578271028037374 0.08175 0.2891355140186916
0 0.05326562500000001 0.45397196261682243 0.09865625 0.5260747663551402
0 0.5286953125 0.40697429906542054 0.072671875 0.3404906542056074
0 0.25848437500000004 0.6 0.15028125000000003 0.4494392523364486
0 0.45134374999999993 0.3104556074766355 0.050249999999999996 0.13151869158878504
0 0.9681250000000001 0.5358060747663551 0.06375 0.612359813084112
0 0.1315546875 0.48949766355140184 0.132046875 0.6283878504672896
0 0.547828125 0.7047897196261681 0.1423125 0.3503738317757009
0 0.818265625 0.3027803738317757 0.11128125 0.2921028037383177
0 0.7403125 0.5000467289719626 0.09659375 0.5364953271028037
0 0.36562500000000003 0.5514018691588785 0.44062500000000004 0.6588785046728971
