0 0.4252109375 0.6843958333333333 0.021734375 0.09037500000000001
0 0.44978906250000006 0.6541145833333334 0.015640625000000002 0.04935416666666667
0 0.4731796875 0.6448750000000001 0.008609375 0.029708333333333333
0 0.25112500000000004 0.8146041666666667 0.101125 0.3348333333333333
0 0.5409296875 0.7018541666666667 0.037953125000000004 0.11504166666666667
0 0.58553125 0.7006041666666666 0.02821875 0.07404166666666666
0 0.6142968750000001 0.6940208333333333 0.02434375 0.095
0 0.5896953125 0.6485000000000001 0.013953125 0.048916666666666664
0 0.8061406249999999 0.7470729166666668 0.06828125 0.18385416666666665
0 0.02475 0.6650729166666667 0.01959375 0.06010416666666667
0 0.6950234375000001 0.65228125 0.019234375 0.0480625
0 0.881984375 0.6754166666666667 0.026625 0.06
0 0.92640625 0.6778125 0.02396875 0.05825
0 0.46484375 0.7052083333333333 0.7484375000000001 0.17708333333333334
