0 0.4635078125 0.19353125000000002 0.048609375 0.1744375
0 0.5393046874999999 0.22407291666666665 0.126765625 0.27131249999999996
0 0.1785234375 0.20978124999999997 0.131203125 0.21202083333333333
0 0.0489375 0.21545833333333334 0.08156250000000001 0.23616666666666666
0 0.35328906250000003 0.2115625 0.07682812500000001 0.11549999999999999
0 0.8488046875 0.1645625 0.066046875 0.10854166666666666
0 0.7108203125 0.25065624999999997 0.069609375 0.2029375
0 0.878703125 0.40988541666666667 0.24259375 0.8049375
0 0.4335312500000001 0.18991666666666665 0.047968750000000004 0.1572083333333333
0 0.38801562500000003 0.16393749999999999 0.052625000000000005 0.15029166666666666
0 0.85178125 0.2563229166666667 0.12612500000000001 0.29885416666666664
0 0.50625 0.15385416666666665 0.04503125 0.10783333333333332
0 0.2644765625 0.18813541666666667 0.043453125 0.16639583333333335
0 0.390625 0.25 0.6156250000000001 0.2875
