0 0.32259375 0.8779374999999999 0.00509375 0.015916666666666666
0 0.36490625000000004 0.8802500000000001 0.005718750000000001 0.015791666666666666
0 0.35196875000000005 0.8790625 0.003 0.012583333333333334
0 0.2881015625 0.8801770833333333 0.002234375 0.0063124999999999995
0 0.275171875 0.8804062500000001 0.004125 0.0160625
0 0.253875 0.8779583333333334 0.004937500000000001 0.013791666666666667
0 0.22959375 0.8790729166666668 0.004843750000000001 0.010354166666666666
0 0.2629609375 0.8773854166666666 0.006734375 0.010645833333333334
0 0.6787890625 0.87590625 0.009171875000000001 0.0159375
0 0.3610859375 0.8794583333333333 0.0031406249999999998 0.015458333333333333
0 0.3804453125 0.8764583333333333 0.009265625 0.023291666666666665
0 0.24539062499999997 0.8779583333333334 0.004125 0.00875
0 0.38610937500000003 0.8771666666666667 0.00625 0.02025
0 0.5 0.8604166666666666 0.9968750000000001 0.23333333333333334
