0 0.35485156250000005 0.5691943734015346 0.22854687500000004 0.4268286445012788
0 0.8062109375000001 0.07991048593350385 0.055796875 0.15526854219948852
0 0.884828125 0.07079283887468031 0.0343125 0.1370843989769821
0 0.7819140625000001 0.070230179028133 0.020953125000000003 0.13442455242966753
0 0.9287265625000001 0.09501278772378517 0.041671875000000004 0.12005115089514067
0 0.6450859375000001 0.07010230179028133 0.036671875 0.14005115089514067
0 0.06094531250000001 0.877225063938619 0.12189062500000002 0.2455498721227622
0 0.743828125 0.07072890025575448 0.05928125 0.14145780051150897
0 0.054265625 0.24272378516624044 0.10484375 0.3660102301790282
0 0.7058203125 0.07199488491048593 0.031078125 0.1413299232736573
