0 0.41638281250000003 0.8806354166666667 0.16723437500000002 0.21847916666666667
0 0.5800625 0.8965833333333334 0.1348125 0.206125
0 0.948875 0.8864791666666666 0.10225000000000001 0.22704166666666667
0 0.8475312500000002 0.8935 0.107625 0.17712499999999998
0 0.0863359375 0.8403854166666667 0.05276562500000001 0.08939583333333333
0 0.1853984375 0.8719166666666666 0.21235937500000002 0.23370833333333335
0 0.0625 0.8592291666666667 0.12162500000000001 0.25675
0 0.7865078125 0.8167291666666666 0.07623437500000001 0.14695833333333336
0 0.279796875 0.8686770833333333 0.11709375 0.2601875
0 0.6593984375 0.8746041666666666 0.077390625 0.25079166666666663
0 0.72878125 0.8837291666666668 0.06184375 0.22616666666666665
0 0.45389062500000005 0.7782708333333334 0.054000000000000006 0.06158333333333333
0 0.407625 0.7688645833333333 0.029562500000000005 0.04585416666666667
0 0.5046875000000001 0.8666666666666667 0.55 0.2625
