0 0.2520625 0.6897306791569087 0.33659375 0.594168618266979
0 0.6919296875000001 0.7460772833723653 0.304359375 0.45393442622950825
0 0.08771093750000002 0.6561826697892271 0.16942187500000003 0.6651522248243559
0 0.501140625 0.7047775175644028 0.22140625 0.5695081967213115
0 0.8144375 0.7024121779859485 0.15925 0.595175644028103
0 0.561015625 0.42596018735362995 0.11106250000000001 0.332903981264637
0 0.9453046875000001 0.5471896955503512 0.08245312500000002 0.28988290398126465
0 0.6698203125000002 0.5483138173302108 0.10223437500000002 0.28590163934426227
0 0.35185937500000003 0.6606206088992974 0.1205625 0.43889929742388756
0 0.6077187500000001 0.6161826697892272 0.041906250000000006 0.2393911007025761
