0 0.4401640625 0.3206470588235294 0.07145312499999999 0.05329411764705882
0 0.6874687500000001 0.32550588235294114 0.0491875 0.09162352941176469
0 0.38496875 0.35014117647058823 0.0251875 0.03397647058823529
0 0.8538515624999999 0.6653764705882353 0.031421875 0.06557647058823529
0 0.3398125 0.3650941176470588 0.02659375 0.04049411764705882
0 0.31480468750000007 0.3706470588235294 0.021453125000000003 0.044870588235294113
0 0.27546093750000006 0.3899882352941176 0.019390625 0.0252
0 0.970953125 0.6531999999999999 0.0238125 0.03072941176470588
0 0.6436171875 0.32583529411764706 0.05417187500000001 0.08287058823529411
0 0.591203125 0.32683529411764706 0.0578125 0.0812
0 0.5367109375 0.3258 0.041171875000000004 0.07503529411764705
0 0.795390625 0.6542588235294117 0.024156250000000004 0.03529411764705882
0 0.18806250000000002 0.3892823529411764 0.045187500000000005 0.10477647058823529
0 0.36171875000000003 0.3564705882352941 0.0203125 0.03529411764705882
