0 0.31821 0.6064133333333334 0.21202000000000001 0.41768
0 0.31869000000000003 0.15425333333333333 0.04238 0.06967999999999999
0 0.39586 0.09904 0.0708 0.09679999999999998
0 0.5206000000000001 0.10192 0.055600000000000004 0.09045333333333333
0 0.61177 0.11442666666666665 0.05526 0.11850666666666666
0 0.7387400000000001 0.05741333333333334 0.06016 0.10074666666666666
0 0.37379999999999997 0.33536 0.08092 0.1576533333333333
0 0.38724000000000003 0.22846666666666665 0.0604 0.12247999999999999
0 0.42114 0.18925333333333333 0.04364 0.07829333333333333
0 0.5393300000000001 0.1528133333333333 0.06742000000000001 0.12136
0 0.5655399999999999 0.07564 0.04532 0.09474666666666667
0 0.70127 0.06898666666666667 0.0635 0.11786666666666668
0 0.5124700000000001 0.0588 0.048100000000000004 0.06709333333333334
0 0.386 0.20666666666666667 0.624 0.408
