0 0.5169374999999999 0.4150418410041841 0.21484375 0.7685355648535565
0 0.8563750000000001 0.3849163179916318 0.22084375 0.6720502092050209
0 0.59884375 0.15990585774058577 0.12784375 0.2860460251046025
0 0.2356328125 0.395449790794979 0.22023437499999998 0.5978451882845187
0 0.05177343750000001 0.44779288702928866 0.10301562500000001 0.7871757322175731
0 0.73740625 0.21007322175732215 0.1095 0.3218619246861924
0 0.7998203125000001 0.1132949790794979 0.027046874999999998 0.0759205020920502
0 0.335640625 0.3695606694560669 0.03625 0.06861924686192468
0 0.055367187500000005 0.2612133891213389 0.08454687500000001 0.2035146443514644
0 0.41500000000000004 0.37302301255230125 0.1428125 0.619602510460251
