0 0.9442656250000001 0.60515625 0.0396875 0.15102083333333333
0 0.2587109375 0.32067708333333333 0.037328125000000004 0.0858125
0 0.14365625 0.6341145833333334 0.07053125 0.17585416666666664
0 0.908390625 0.2520104166666667 0.028625 0.1184375
0 0.4439609375000001 0.14690625 0.042890625 0.07639583333333333
0 0.9638984375 0.5863125 0.026078125000000004 0.13908333333333334
0 0.8054921875000001 0.08428125 0.020515625000000003 0.0834375
0 0.078375 0.13069791666666666 0.01596875 0.0208125
0 0.18433593750000002 0.043416666666666666 0.030796875 0.03904166666666666
0 0.37330468750000007 0.11796875 0.036296875 0.050979166666666666
0 0.15888281250000003 0.11664583333333334 0.028203125000000002 0.037625
0 0.023796875000000002 0.15056250000000002 0.025156250000000005 0.08420833333333333
0 0.484375 0.1625 0.96875 0.325
