0 0.3771796875 0.5427803738317757 0.284171875 0.5249065420560747
0 0.5859140625 0.2922313084112149 0.07832812500000001 0.37726635514018686
0 0.4906484375 0.34142523364485977 0.09939062500000001 0.13261682242990652
0 0.287234375 0.272838785046729 0.09515625 0.2826401869158878
0 0.153625 0.2759345794392523 0.08937500000000001 0.28471962616822427
0 0.9368437500000001 0.2598364485981308 0.09831250000000001 0.42537383177570093
0 0.09993750000000001 0.6400817757009346 0.19687500000000002 0.3415654205607476
0 0.8296015625 0.309626168224299 0.08626562500000001 0.30985981308411215
0 0.6551953125000001 0.287161214953271 0.090359375 0.3783878504672897
0 0.7316328125 0.2536098130841121 0.07660937500000001 0.26198598130841116
0 0.0354296875 0.19517523364485978 0.070859375 0.2534813084112149
0 0.780609375 0.15620327102803738 0.06496875 0.2125
0 0.41932812500000005 0.20801401869158878 0.12990625 0.13761682242990653
