0 0.501440281030445 0.6149921875000001 0.9626932084309133 0.7507656250000001
0 0.251135831381733 0.4732421875 0.20812646370023422 0.070828125
0 0.2817564402810305 0.421734375 0.11648711943793912 0.10859375
0 0.11892271662763466 0.4280390625 0.12637002341920375 0.126484375
0 0.036124121779859485 0.44021875000000005 0.07028103044496488 0.05934375
0 0.0830327868852459 0.7963671875 0.1660655737704918 0.301109375
0 0.22770491803278686 0.799640625 0.21882903981264637 0.29434375
0 0.4838992974238876 0.28917968750000006 0.10208430913348947 0.12098437500000002
0 0.8640281030444965 0.4352968750000001 0.160655737704918 0.12596875000000002
0 0.38241217798594845 0.4564609375 0.19704918032786886 0.11807812499999999
0 0.07501170960187353 0.47817968750000006 0.14182669789227167 0.072859375
0 0.1534192037470726 0.295296875 0.2997658079625293 0.12940625
0 0.602728337236534 0.8439296875000001 0.10334894613583138 0.21254687500000002
0 0.49882903981264637 0.48359375000000004 0.9976580796252927 0.9671875000000001
