0 0.49167187500000004 0.6071495327102804 0.34871875 0.5845794392523364
0 0.37984375000000004 0.31919392523364487 0.0819375 0.10974299065420559
0 0.339953125 0.2828738317757009 0.049 0.09378504672897196
0 0.408515625 0.28324766355140185 0.049625 0.1297196261682243
0 0.25844531249999997 0.27238317757009345 0.035203125 0.053551401869158875
0 0.3024140625 0.17703271028037382 0.047421875 0.09023364485981307
0 0.3047265625 0.11373831775700934 0.06660937500000001 0.09911214953271028
0 0.18713281250000002 0.12610981308411215 0.042828125 0.0925
0 0.6811640625000001 0.43921728971962615 0.08492187500000001 0.13357476635514018
0 0.277765625 0.4333060747663551 0.08378125 0.13320093457943924
0 0.12699218750000002 0.10786214953271027 0.022546875 0.04492990654205607
0 0.40887500000000004 0.21900700934579437 0.053937500000000006 0.10221962616822429
0 0.7558984375 0.44664719626168226 0.08435937500000001 0.14320093457943925
0 0.49921875000000004 0.2955607476635514 0.9984375000000001 0.5911214953271028
