0 0.81115625 0.21638036809815953 0.0479375 0.08458077709611453
0 0.7320546875 0.7093762781186095 0.308171875 0.5812474437627813
0 0.0687421875 0.35331288343558287 0.137484375 0.48617586912065447
0 0.45103125000000005 0.1861758691206544 0.08665625 0.1260122699386503
0 0.30304687500000005 0.7494376278118611 0.42409375000000005 0.4786707566462168
0 0.6453359375000001 0.16796523517382414 0.121734375 0.2763394683026585
0 0.7971328125000001 0.34707566462167694 0.144265625 0.23300613496932518
0 0.8658984375 0.1809509202453988 0.10429687500000001 0.29331288343558287
0 0.5183593750000001 0.2240899795501023 0.07087500000000001 0.1406952965235174
0 0.12532812499999998 0.3614314928425358 0.07931250000000001 0.1391002044989775
0 0.1968359375 0.31716768916155424 0.09735937500000001 0.19339468302658488
