0 0.37759375000000006 0.6151041666666667 0.21703125 0.49275
0 0.7544921875 0.44728124999999996 0.034359375 0.13422916666666668
0 0.6768359374999999 0.49927083333333333 0.042078125 0.07783333333333334
0 0.7181796875 0.49821875 0.054078125000000005 0.08185416666666666
0 0.8072890625 0.50471875 0.068734375 0.08002083333333332
0 0.8890078125 0.4300104166666667 0.024578125000000003 0.10260416666666666
0 0.9113984374999999 0.4207604166666667 0.033265625 0.0886875
0 0.972265625 0.41139583333333335 0.0305625 0.08341666666666667
0 0.3843984375 0.4049895833333333 0.018453125 0.09835416666666667
0 0.7820078125000001 0.47855208333333327 0.021109375 0.07389583333333333
0 0.40434375 0.40734375 0.03534375 0.09689583333333333
0 0.7639609375 0.47615625 0.020046875000000002 0.0478125
0 0.18353906250000002 0.41096874999999994 0.024359375000000003 0.034687499999999996
0 0.45078125 0.41562499999999997 0.8453125 0.15625
