0 0.69499 0.4823924731182796 0.12226000000000001 0.280752688172043
0 0.6084299999999999 0.41581989247311835 0.10478 0.16432795698924732
0 0.5188 0.3860215053763441 0.0834 0.17263440860215054
0 0.45502 0.29427419354838713 0.09315999999999999 0.12521505376344086
0 0.1965 0.3077956989247312 0.041280000000000004 0.16897849462365594
0 0.046689999999999995 0.45782258064516135 0.06874 0.2262903225806452
0 0.56789 0.8658602150537634 0.10886 0.23155913978494624
0 0.0148 0.4834408602150537 0.0296 0.20456989247311827
0 0.30045 0.2613575268817205 0.03122 0.06970430107526882
0 0.26912 0.2888306451612903 0.06495999999999999 0.190994623655914
0 0.46026 0.6378494623655915 0.08224 0.20516129032258065
