0 0.9180703125000002 0.6741549295774648 0.16385937500000003 0.26065727699530516
0 0.49978125000000007 0.5051408450704226 0.10400000000000001 0.4007511737089202
0 0.7368281250000001 0.6340140845070422 0.16340625 0.6869483568075118
0 0.30559375000000005 0.5651877934272301 0.16875 0.5885915492957747
0 0.6780703125 0.38159624413145543 0.013015625000000001 0.09511737089201878
0 0.9704531250000001 0.4290258215962442 0.021906250000000002 0.11100938967136151
0 0.5896015625000001 0.37917840375586853 0.020671875000000003 0.10873239436619718
0 0.5491015625000001 0.3780399061032864 0.018484375 0.1045774647887324
0 0.6027890625 0.3780868544600939 0.013921875 0.11049295774647888
0 0.6387343750000001 0.3817488262910798 0.02146875 0.1202112676056338
0 0.7971093750000001 0.3998708920187794 0.018312500000000002 0.09410798122065729
0 0.6906875000000001 0.3713615023474179 0.01709375 0.08610328638497652
0 0.55721875 0.37597417840375585 0.017781250000000002 0.11650234741784038
0 0.51171875 0.3544600938967136 0.9546875 0.19248826291079812
