0 0.13148437500000001 0.5067564402810304 0.22690625 0.5112646370023419
0 0.430296875 0.5487470725995316 0.18890625000000003 0.5460655737704918
0 0.36603906250000007 0.528559718969555 0.06510937500000001 0.28531615925058545
0 0.8070390625 0.5587002341920375 0.164203125 0.3208665105386417
0 0.5174609375 0.5479976580796253 0.043796875000000006 0.14517564402810304
0 0.7706875000000001 0.2979508196721311 0.03865625 0.07318501170960187
0 0.5493984375000001 0.29394613583138174 0.029890625 0.04700234192037471
0 0.635984375 0.29081967213114757 0.02896875 0.04763466042154567
0 0.88203125 0.29292740046838406 0.02396875 0.062482435597189696
0 0.601328125 0.27421545667447306 0.0375625 0.08098360655737705
0 0.16637500000000002 0.5654566744730679 0.31215625 0.5442622950819672
0 0.9198437500000001 0.5476932084309134 0.1585 0.341943793911007
