0 0.4857734375 0.5224707259953162 0.4827656250000001 0.9055971896955504
0 0.21814843750000001 0.5685362997658079 0.43629687500000003 0.8314519906323184
0 0.8679531250000001 0.5309718969555035 0.26409375 0.6853161592505854
0 0.7908828125 0.24381733021077287 0.10045312500000002 0.18651053864168618
0 0.8555 0.22648711943793912 0.10553125000000002 0.21124121779859487
0 0.6768906250000001 0.2479742388758782 0.10484375 0.16981264637002344
0 0.19991406250000002 0.36129976580796247 0.16317187500000002 0.3598829039812646
0 0.065453125 0.4132201405152225 0.13090625 0.37791569086651056
0 0.44079687500000003 0.21909836065573773 0.06596875 0.17304449648711945
0 0.026203125 0.26491803278688525 0.05240625 0.10398126463700234
0 0.1379921875 0.34774004683840753 0.072953125 0.3279859484777518
0 0.8053750000000002 0.40022248243559716 0.1524375 0.3025526932084309
0 0.469 0.3325526932084309 0.10259375 0.26117096018735364
0 0.30546875 0.21311475409836064 0.0546875 0.15456674473067916
