0 0.409140625 0.5526177024482108 0.0528125 0.11423728813559321
0 0.9300390625000001 0.6808380414312617 0.062171875 0.18178907721280602
0 0.7790312500000001 0.5981920903954802 0.023250000000000003 0.0383804143126177
0 0.6917265625 0.5967984934086629 0.022703125 0.03084745762711864
0 0.19146875000000002 0.6300094161958569 0.056875 0.0875141242937853
0 0.5451796875 0.5864406779661018 0.045453125000000004 0.04606403013182674
0 0.5728828125 0.5966478342749528 0.026796874999999998 0.030885122410546136
0 0.6222734375000001 0.5849717514124294 0.023359375 0.04331450094161959
0 0.6693515625 0.5892655367231637 0.013453125 0.03461393596986817
0 0.74478125 0.5947551789077212 0.027750000000000004 0.04058380414312618
0 0.6162109375 0.5965065913370998 0.027703125000000002 0.03338983050847458
