0 0.206078125 0.6657604166666666 0.16428125000000002 0.29152083333333334
0 0.10920312500000001 0.5908541666666667 0.10665625000000001 0.42437499999999995
0 0.088921875 0.31047916666666664 0.11665625 0.11291666666666667
0 0.6579765625 0.24339583333333334 0.07482812500000001 0.07629166666666666
0 0.1592734375 0.16966666666666666 0.065734375 0.15954166666666666
0 0.4109765625000001 0.2625416666666667 0.128046875 0.11429166666666667
0 0.69103125 0.2173125 0.07037500000000001 0.10129166666666665
0 0.7618515625000001 0.21573958333333332 0.072765625 0.09264583333333333
0 0.4544140625000001 0.10305208333333332 0.025515625 0.028687499999999998
0 0.9006093750000002 0.3288854166666667 0.10453125000000002 0.2394375
0 0.8150546875 0.19964583333333336 0.070609375 0.11708333333333333
0 0.48951562500000007 0.5883645833333333 0.21390625000000002 0.37606249999999997
0 0.54121875 0.05269791666666667 0.05328125 0.10539583333333334
0 0.5 0.20104166666666667 0.9968750000000001 0.40208333333333335
