0 0.35601041666666666 0.6279218750000001 0.43856249999999997 0.3596875
0 0.9043437500000001 0.5074375 0.1913125 0.22640625000000003
0 0.0690625 0.7939218750000001 0.126125 0.373875
0 0.0464375 0.284265625 0.092875 0.298875
0 0.5734479166666666 0.2803359375 0.0624375 0.133546875
0 0.48985416666666665 0.2668359375 0.06620833333333334 0.10614062500000002
0 0.31279166666666663 0.268375 0.06408333333333334 0.13453125
0 0.2715625 0.26730468749999997 0.04158333333333333 0.12470312500000001
0 0.4413229166666667 0.25949218749999997 0.059479166666666666 0.10335937500000002
0 0.89121875 0.7799921875 0.21756250000000002 0.440015625
0 0.9110208333333334 0.5183671875 0.15983333333333333 0.129390625
0 0.87615625 0.31998437500000004 0.10502083333333333 0.22650000000000003
0 0.962625 0.2839375 0.0525 0.10040625000000002
0 0.5229166666666667 0.27187500000000003 0.8791666666666667 0.1375
