0 0.48046838407494147 0.506234375 0.2437470725995316 0.3029375
0 0.7907377049180327 0.36120312500000007 0.1832552693208431 0.2768125
0 0.80807962529274 0.8056484375 0.15920374707259954 0.272765625
0 0.6912997658079625 0.8159375000000001 0.22484777517564403 0.35218750000000004
0 0.5388056206088992 0.8058671875000001 0.18463700234192038 0.347515625
0 0.42105386416861823 0.817421875 0.17555035128805618 0.33803125
0 0.2956908665105386 0.8350312500000001 0.12552693208430912 0.30743750000000003
0 0.41764637002341914 0.187640625 0.12798594847775174 0.1955
0 0.1772950819672131 0.33914062500000003 0.08461358313817331 0.09625
0 0.29482435597189693 0.26412500000000005 0.06941451990632319 0.11468750000000001
0 0.9075409836065574 0.8033671875 0.18491803278688523 0.366296875
0 0.1366744730679157 0.837703125 0.2733489461358314 0.3176875
0 0.6741451990632319 0.20662500000000003 0.18468384074941452 0.16446875000000002
0 0.22131147540983606 0.35078125000000004 0.3255269320843091 0.3140625
