0 0.502265625 0.5883840749414521 0.22490625 0.48088992974238876
0 0.19836718750000004 0.6862412177985948 0.22707812500000002 0.3337002341920375
0 0.025765625 0.6390046838407495 0.05134375 0.40081967213114755
0 0.07602343750000001 0.2680679156908665 0.046171875 0.08859484777517564
0 0.07661718750000002 0.3460421545667447 0.05304687500000001 0.08861826697892272
0 0.2046328125 0.3386533957845433 0.050078125 0.08105386416861826
0 0.2573046875 0.34282201405152224 0.045703125000000004 0.06850117096018736
0 0.3019921875 0.33492974238875883 0.062140625000000005 0.08278688524590164
0 0.1688125 0.2813231850117096 0.039906250000000004 0.07519906323185012
0 0.58834375 0.5790749414519906 0.06543750000000001 0.11229508196721312
0 0.6471796875 0.5804918032786885 0.063828125 0.1126463700234192
0 0.768703125 0.574695550351288 0.056999999999999995 0.11505854800936768
0 0.671953125 0.3297423887587822 0.07950000000000002 0.07377049180327869
0 0.49921875000000004 0.31733021077283374 0.9984375000000001 0.6346604215456675
