0 0.594375 0.219453125 0.1765625 0.40234375
0 0.8458281250000002 0.259625 0.18821875 0.4653125
0 0.32978125 0.2528125 0.1494375 0.46068749999999997
0 0.4003203125 0.099046875 0.159546875 0.16884375000000001
0 0.10825000000000001 0.34075 0.19918750000000002 0.2960625
0 0.6280859375000001 0.26965625 0.238203125 0.4629375
0 0.9238437500000001 0.21659375000000003 0.1318125 0.3929375
0 0.8505625000000001 0.8910156250000001 0.18428125 0.17753125000000003
0 0.13989062500000002 0.7449375 0.17640625000000001 0.1640625
0 0.6269687500000001 0.7427031250000001 0.2426875 0.46965625
0 0.401234375 0.74121875 0.209875 0.47162499999999996
0 0.8837343750000001 0.11771875000000001 0.08003125 0.1914375
