0 0.6682786885245902 0.5786328125 0.11332552693208431 0.110703125
0 0.7171194379391101 0.757078125 0.1580327868852459 0.17571875
0 0.614367681498829 0.759046875 0.10976580796252927 0.1755
0 0.5568149882903981 0.7577812500000001 0.15985948477751757 0.17596875
0 0.29893442622950817 0.6981718750000001 0.11276346604215456 0.18256250000000002
0 0.7872365339578454 0.7522031250000001 0.1390632318501171 0.17362500000000003
0 0.12454332552693208 0.6987031250000001 0.10913348946135831 0.1885
0 0.5029742388758782 0.3816875 0.2755503512880562 0.3246875
0 0.5887002341920374 0.5807109375 0.08063231850117096 0.059671875
0 0.15099531615925058 0.5753203125 0.10564402810304449 0.07673437500000001
0 0.05056206088992974 0.700859375 0.10112412177985948 0.17940625
0 0.4260655737704918 0.7564453125 0.10482435597189695 0.18385937500000002
0 0.8822599531615924 0.7506171875000001 0.1564168618266979 0.180765625
0 0.48711943793911006 0.415625 0.9695550351288056 0.790625
