0 0.18355971896955503 0.8633593749999999 0.18524590163934426 0.23146875
0 0.46772833723653395 0.7659609375 0.27784543325526934 0.468078125
0 0.5667213114754098 0.6048515625 0.2469789227166276 0.514671875
0 0.07524590163934426 0.8462265625000001 0.12360655737704919 0.21804687500000003
0 0.024133489461358314 0.8254765625000001 0.04667447306791569 0.20685937499999998
0 0.7128454332552694 0.9250078125000001 0.08915690866510538 0.125953125
0 0.3231733021077283 0.9206562500000001 0.10447306791569086 0.13734375000000001
0 0.9678337236533957 0.8674765625000002 0.06433255269320842 0.24651562500000002
0 0.8468735362997658 0.8848828125000001 0.06985948477751756 0.211515625
0 0.8021428571428572 0.8772421875000002 0.09510538641686182 0.224671875
0 0.7351990632318501 0.7497343750000001 0.03990632318501171 0.02765625
0 0.732728337236534 0.8530937500000001 0.1148711943793911 0.1785625
0 0.9213700234192038 0.8856640625000001 0.0833489461358314 0.210953125
0 0.5 0.7367187500000001 0.9953161592505855 0.5234375
