0 0.4699453125 0.5045316159250586 0.144671875 0.6002576112412178
0 0.8194453125 0.43045667447306785 0.027828125 0.12798594847775174
0 0.19105468750000001 0.46398126463700234 0.081828125 0.08313817330210772
0 0.039093750000000003 0.383056206088993 0.043062500000000004 0.12391100702576112
0 0.1203828125 0.44843091334894614 0.028796875 0.07470725995316159
0 0.4054765625 0.4201990632318501 0.027171875 0.08096018735362998
0 0.22878125000000005 0.43841920374707255 0.014031250000000002 0.05416861826697892
0 0.768953125 0.4310304449648712 0.028999999999999998 0.14065573770491804
0 0.41904687500000004 0.5185011709601873 0.0338125 0.029086651053864168
0 0.8290937500000001 0.3976814988290398 0.014000000000000002 0.044355971896955504
0 0.06596875 0.597751756440281 0.1319375 0.5213583138173302
0 0.704359375 0.451288056206089 0.03753125 0.09583138173302108
