0 0.2101197604790419 0.5716484375 0.2230738522954092 0.129609375
0 0.2157085828343313 0.43760156250000004 0.11293413173652693 0.177359375
0 0.8044111776447105 0.0591171875 0.01908183632734531 0.07545312500000001
0 0.33046906187624747 0.106796875 0.05039920159680638 0.09831250000000001
0 0.8262375249500997 0.0537578125 0.063812375249501 0.083203125
0 0.37555888223552886 0.10278125 0.050838323353293406 0.09300000000000001
0 0.46703592814371253 0.0703359375 0.055149700598802386 0.08451562500000001
0 0.029900199600798403 0.6472265625000001 0.059800399201596806 0.201953125
0 0.6876447105788422 0.0955859375 0.061556886227544905 0.114609375
0 0.7080239520958084 0.044390625 0.027145708582834327 0.041375
0 0.7034630738522953 0.08115625 0.03810379241516966 0.09721875
