0 0.27321875 0.36332552693208436 0.02475 0.10477751756440282
0 0.1028046875 0.35550351288056203 0.031546875 0.12168618266978923
0 0.036664062500000004 0.39055035128805626 0.061328125000000004 0.14573770491803278
0 0.1322890625 0.3519555035128806 0.05460937500000001 0.14456674473067915
0 0.7997812500000001 0.35789227166276344 0.045312500000000006 0.11362997658079627
0 0.21063281250000002 0.40725995316159247 0.033265625 0.0995784543325527
0 0.9816640625 0.43088992974238877 0.036671875 0.1697423887587822
0 0.158203125 0.44456674473067914 0.08018750000000001 0.16562060889929742
0 0.7329218750000001 0.34779859484777514 0.04046875 0.10454332552693209
0 0.24708593750000005 0.3666744730679157 0.030734375000000005 0.10730679156908665
0 0.5808203125000001 0.3409484777517564 0.038234375 0.0635831381733021
0 0.8550546874999999 0.35509367681498827 0.005640625 0.01651053864168618
0 0.35826562500000003 0.34714285714285714 0.0474375 0.11274004683840749
0 0.42031250000000003 0.373536299765808 0.8375 0.18032786885245902
