0 0.22813852813852814 0.4897265625 0.19523809523809524 0.418171875
0 0.598409090909091 0.494421875 0.24443722943722945 0.5856250000000001
0 0.3057467532467532 0.376890625 0.1283766233766234 0.23031250000000003
0 0.8317965367965369 0.256796875 0.13558441558441559 0.1269375
0 0.9324134199134199 0.25700781250000004 0.1044805194805195 0.10257812500000002
0 0.724112554112554 0.165125 0.13216450216450218 0.12871875
0 0.6120021645021645 0.14277343750000002 0.14357142857142857 0.10135937500000002
0 0.07085497835497835 0.49124999999999996 0.1417099567099567 0.5215
0 0.8629653679653679 0.30596093750000003 0.1112987012987013 0.099421875
0 0.07626623376623376 0.6101093750000001 0.15253246753246752 0.57753125
0 0.06017316017316018 0.30896093750000003 0.03493506493506494 0.043796875000000006
0 0.5249242424242424 0.22214843750000002 0.07365800865800866 0.09473437500000001
0 0.9537337662337663 0.53540625 0.09253246753246754 0.49146875000000007
0 0.5703463203463204 0.046875 0.27056277056277056 0.09375
