0 0.2613515625 0.26052693208430916 0.033578125 0.14714285714285713
0 0.4542890625 0.5247189695550352 0.086953125 0.16405152224824354
0 0.7474453125 0.15795081967213112 0.033234375000000003 0.16859484777517564
0 0.6446953125 0.1657728337236534 0.038140625000000004 0.1813817330210773
0 0.9034531250000001 0.1334543325526932 0.0459375 0.17758782201405152
0 0.8381015625 0.14672131147540984 0.037890625000000004 0.17166276346604215
0 0.45257812500000005 0.19727166276346603 0.0423125 0.16644028103044495
0 0.4896015625000001 0.19353629976580794 0.041765625 0.1568149882903981
0 0.41903125 0.19738875878220138 0.0228125 0.16133489461358314
0 0.2000625 0.29433255269320846 0.02128125 0.13395784543325528
0 0.32717968750000004 0.23569086651053864 0.037390625000000004 0.14182669789227167
0 0.57703125 0.19216627634660424 0.029906250000000002 0.14569086651053864
0 0.2214921875 0.28556206088992975 0.025734375 0.13281030444964873
0 0.49062500000000003 0.2423887587822014 0.9500000000000001 0.405152224824356
