0 0.28250000000000003 0.6024824355971897 0.25846874999999997 0.5855737704918033
0 0.7028203125 0.49980093676814985 0.17957812500000003 0.49210772833723654
0 0.59071875 0.0809016393442623 0.07196875000000001 0.1618032786885246
0 0.4658203125 0.05357142857142857 0.03673437500000001 0.107096018735363
0 0.3027265625 0.04416861826697892 0.031453125 0.08833723653395784
0 0.8657890625000001 0.07291569086651055 0.052203124999999996 0.11248243559718969
0 0.9016718750000001 0.05936768149882903 0.044750000000000005 0.11822014051522248
0 0.5134453125 0.0806440281030445 0.047765625000000006 0.161288056206089
0 0.6711171875000002 0.08706088992974238 0.029828125 0.042365339578454335
0 0.9725 0.06485948477751756 0.053937500000000006 0.12798594847775174
