0 0.5754225352112676 0.752078125 0.020187793427230045 0.02584375
0 0.37184272300469484 0.75021875 0.02692488262910798 0.0469375
0 0.3388262910798122 0.7677812500000001 0.04943661971830986 0.03525
0 0.7636971830985915 0.7637421875000001 0.042511737089201876 0.032015625
0 0.385387323943662 0.769 0.031244131455399064 0.032125
0 0.2991784037558685 0.7668046875000001 0.03488262910798122 0.036484375000000006
0 0.5366431924882629 0.7349453125000001 0.027183098591549295 0.018609375
0 0.3129225352112676 0.74965625 0.02870892018779343 0.039656250000000004
0 0.3384859154929578 0.7353437500000001 0.03471830985915493 0.016
0 0.6676760563380282 0.7313046875000001 0.03877934272300469 0.063234375
0 0.018943661971830988 0.7697343750000001 0.03305164319248827 0.0408125
0 0.055152582159624416 0.7759453125000001 0.04274647887323944 0.028296875
0 0.10428403755868544 0.7706328125000002 0.04007042253521127 0.038984375
0 0.40375586854460094 0.759375 0.5821596244131455 0.078125
