0 0.41030468750000004 0.46877083333333336 0.044359375000000006 0.16845833333333332
0 0.7744375 0.5359583333333333 0.18034375000000002 0.3572916666666667
0 0.22389843750000005 0.5566770833333333 0.08804687500000001 0.2993125
0 0.48668750000000005 0.5026145833333333 0.04096875 0.19335416666666666
0 0.538765625 0.49225 0.025562500000000002 0.1035
0 0.5628671875000001 0.49547916666666664 0.026734375 0.10383333333333333
0 0.6609765625000001 0.4972083333333333 0.062828125 0.24275
0 0.337953125 0.4835416666666667 0.014374999999999999 0.05620833333333333
0 0.15167968750000002 0.5314583333333334 0.08426562500000001 0.3348333333333333
0 0.4379375000000001 0.49565624999999996 0.01696875 0.0553125
0 0.2621328125 0.45826041666666667 0.016421875 0.0498125
0 0.3014140625 0.4674375 0.008671875 0.025166666666666667
0 0.3196171875 0.48235416666666664 0.011796875 0.04816666666666667
0 0.27578125000000003 0.46875 0.5046875000000001 0.14166666666666666
