0 0.2787656250000001 0.5505633802816902 0.44859375000000007 0.8988732394366198
0 0.716890625 0.5704460093896714 0.3176875 0.6893896713615024
0 0.9094375 0.5932629107981221 0.137625 0.6651643192488264
0 0.137671875 0.4425 0.09993750000000001 0.16387323943661972
0 0.039640625 0.7337089201877934 0.0673125 0.5011267605633802
0 0.6372343750000001 0.3316314553990611 0.0711875 0.09889671361502349
0 0.44753124999999994 0.5277230046948357 0.07390624999999999 0.23657276995305165
0 0.5929296875 0.3615610328638497 0.058859375000000005 0.08002347417840376
0 0.8373828125000001 0.6374530516431925 0.174078125 0.6923239436619718
0 0.0920703125 0.5227816901408451 0.184140625 0.427112676056338
