0 0.6736486486486486 0.31411 0.43534534534534536 0.28534
0 0.3667867867867868 0.5784799999999999 0.042942942942942944 0.07836
0 0.21911411411411413 0.55705 0.06861861861861862 0.1719
0 0.14315315315315316 0.51022 0.04042042042042042 0.0608
0 0.7715165165165165 0.50125 0.04825825825825826 0.03862
0 0.5022672672672672 0.57984 0.04465465465465465 0.083
0 0.8635285285285286 0.50928 0.033243243243243244 0.027280000000000002
0 0.6147297297297297 0.5564699999999999 0.07774774774774774 0.08234000000000001
0 0.9682282282282283 0.50236 0.04576576576576576 0.041240000000000006
0 0.9762162162162161 0.5987100000000001 0.04732732732732733 0.06470000000000001
0 0.5590690690690691 0.5597799999999999 0.04066066066066066 0.08431999999999999
0 0.9327027027027026 0.50909 0.02792792792792793 0.020579999999999998
0 0.951111111111111 0.5800400000000001 0.027867867867867865 0.07064000000000001
0 0.4984984984984985 0.532 0.9129129129129129 0.18
