0 0.367328125 0.693255269320843 0.21590625000000002 0.5865105386416862
0 0.50790625 0.7240983606557377 0.2404375 0.5270257611241218
0 0.6555781250000001 0.6707142857142857 0.09171875000000002 0.5531381733021077
0 0.8327031250000001 0.77 0.13659375 0.45999999999999996
0 0.101953125 0.6415690866510539 0.19490625 0.7168618266978923
0 0.24099218750000004 0.6820725995316159 0.11217187500000002 0.5215690866510538
0 0.21077343750000002 0.5842622950819671 0.115359375 0.3680093676814988
0 0.7273281250000001 0.7548711943793911 0.12771875 0.4902576112412178
0 0.030671875000000005 0.5896252927400468 0.05834375000000001 0.8207494145199062
0 0.69440625 0.6292857142857142 0.08640625 0.3484543325526932
0 0.9172109375 0.7870725995316159 0.16557812500000002 0.3953629976580796
