0 0.5774410377358491 0.7495390625000001 0.16681603773584905 0.491140625
0 0.8860731132075471 0.5348046875 0.05615566037735849 0.188140625
0 0.8467924528301886 0.4970859375 0.08830188679245282 0.20095312500000004
0 0.597122641509434 0.523234375 0.06556603773584906 0.1455625
0 0.4556367924528302 0.4407734375 0.08891509433962265 0.045171875
0 0.9846462264150944 0.6462734375000001 0.03070754716981132 0.10248437500000002
0 0.17790094339622642 0.7969609375000001 0.18919811320754715 0.406078125
0 0.30054245283018866 0.6467499999999999 0.5673113207547169 0.68009375
0 0.9426533018867924 0.6881640625000001 0.07058962264150943 0.177515625
0 0.9172169811320754 0.6236406250000001 0.03575471698113208 0.05171875000000001
0 0.7774174528301887 0.511640625 0.12224056603773584 0.19865625
