0 0.9800500000000001 0.04022590361445783 0.0399 0.08045180722891566
0 0.36059 0.02885542168674699 0.05958 0.05771084337349398
0 0.9302 0.03603915662650602 0.07776000000000001 0.06533132530120482
0 0.6013900000000001 0.030135542168674704 0.0359 0.05984939759036145
0 0.05421 0.031009036144578315 0.037700000000000004 0.06201807228915663
0 0.21919 0.02962349397590362 0.08262000000000001 0.05924698795180724
0 0.39947 0.028177710843373498 0.039299999999999995 0.054487951807228915
0 0.43427000000000004 0.02805722891566265 0.06709999999999999 0.0561144578313253
0 0.7591100000000001 0.028313253012048196 0.08126000000000001 0.05662650602409639
0 0.29642 0.030376506024096386 0.08395999999999999 0.05918674698795181
0 0.5554600000000001 0.027846385542168672 0.07724 0.055692771084337345
0 0.15392000000000003 0.03003012048192771 0.07132 0.05542168674698795
0 0.47405 0.030090361445783136 0.07674 0.06018072289156627
0 0.494 0.4984939759036145 0.984 0.996987951807229
