0 0.797073732718894 0.6968281250000001 0.062119815668202766 0.1068125
0 0.869216589861751 0.69884375 0.061198156682027646 0.12003124999999999
0 0.27617511520737326 0.6951953125 0.06921658986175115 0.066859375
0 0.3560944700460829 0.6594140625 0.016152073732718892 0.011796875
0 0.6970622119815669 0.6957031250000001 0.05550691244239631 0.10084375000000001
0 0.8312672811059908 0.687390625 0.03313364055299539 0.08034375
0 0.19158986175115209 0.7422343750000001 0.08350230414746544 0.09621875
0 0.43413594470046085 0.7069218749999999 0.0682258064516129 0.048125
0 0.1647004608294931 0.659140625 0.011658986175115207 0.011125000000000001
0 0.6433640552995391 0.682828125 0.03152073732718894 0.06471875
0 0.21629032258064518 0.8312109375000001 0.21368663594470044 0.137703125
0 0.30179723502304145 0.73121875 0.12400921658986175 0.08246875000000001
0 0.09101382488479262 0.70078125 0.12672811059907835 0.0671875
