0 0.31189062500000003 0.5316393442622951 0.05512500000000001 0.2297423887587822
0 0.0956328125 0.8665105386416861 0.182234375 0.22346604215456675
0 0.07365625 0.48905152224824355 0.038125 0.16559718969555035
0 0.5378359375 0.45909836065573767 0.023484375000000002 0.08297423887587822
0 0.8325 0.5443559718969555 0.044125 0.07583138173302108
0 0.9637265625000002 0.5736885245901638 0.04560937500000001 0.1373536299765808
0 0.92753125 0.5383840749414519 0.031 0.1568149882903981
0 0.3436484375 0.46127634660421546 0.014796875000000001 0.037400468384074945
0 0.5949765625 0.9005269320843091 0.180546875 0.19496487119437939
0 0.7234296875 0.9422131147540983 0.06192187500000001 0.11557377049180328
0 0.7431640625 0.48802107728337235 0.017296875 0.023770491803278688
0 0.29807812499999997 0.9352341920374708 0.08559375000000001 0.12953161592505855
0 0.246515625 0.4059250585480094 0.026125 0.0955503512880562
0 0.57578125 0.607728337236534 0.8171875000000001 0.747072599531616
