0 0.5710468750000001 0.5795633187772925 0.42809375000000005 0.632052401746725
0 0.27278125 0.0658296943231441 0.08940625 0.12921397379912664
0 0.4229140625000001 0.0689301310043668 0.033171875 0.1378602620087336
0 0.6398671875 0.04842794759825327 0.051578125 0.09685589519650654
0 0.5401796875 0.04271834061135371 0.086796875 0.08412663755458515
0 0.160796875 0.07777292576419213 0.116625 0.15554585152838427
0 0.45532031250000005 0.048013100436681215 0.056828125 0.09602620087336243
0 0.7449921875 0.0392467248908297 0.054359375 0.0784934497816594
0 0.08419531250000001 0.6049563318777292 0.16839062500000002 0.2837991266375545
0 0.0734140625 0.08479257641921398 0.072359375 0.16958515283842795
0 0.3340625 0.05624454148471616 0.07034375000000001 0.11248908296943232
