0 0.6019609375 0.49556485355648533 0.140265625 0.4430962343096234
0 0.920984375 0.6557322175732216 0.1255625 0.16066945606694558
0 0.20213281250000004 0.4442991631799163 0.009953125 0.03985355648535565
0 0.07673437500000001 0.49415271966527197 0.043187500000000004 0.1252092050209205
0 0.10233593750000002 0.5051255230125523 0.030265625000000004 0.11933054393305438
0 0.7891953125 0.4543514644351464 0.012578125000000002 0.043472803347280334
0 0.711015625 0.44995815899581587 0.01065625 0.015690376569037656
0 0.1175859375 0.43449790794979076 0.011640625000000002 0.039790794979079495
0 0.886890625 0.4402092050209204 0.00715625 0.018828451882845185
0 0.6954609375 0.4344037656903765 0.010640625 0.021234309623430963
0 0.7418359375000001 0.46381799163179915 0.019484375 0.03633891213389121
0 0.8080625000000001 0.45782426778242674 0.015125 0.0505020920502092
0 0.7800234375 0.6052301255230125 0.047859375 0.04502092050209205
0 0.48281250000000003 0.4518828451882845 0.9281250000000001 0.08368200836820083
