0 0.6621171875 0.16629707112970712 0.035234375000000005 0.06740585774058576
0 0.355015625 0.0966317991631799 0.0736875 0.19058577405857738
0 0.8819062500000001 0.11692468619246861 0.09446875 0.18920502092050206
0 0.8352578125 0.15645397489539747 0.023203125 0.04278242677824267
0 0.163640625 0.11573221757322175 0.06546875 0.17753138075313807
0 0.6973359375 0.13856694560669455 0.033859375000000004 0.09504184100418409
0 0.383265625 0.11915271966527195 0.045312500000000006 0.14261506276150626
0 0.7880625000000001 0.15898535564853555 0.0345625 0.04629707112970711
0 0.43492187500000007 0.12662133891213387 0.06515625000000001 0.16341004184100416
0 0.977953125 0.15234309623430958 0.04409375 0.13761506276150626
0 0.26937500000000003 0.2239539748953975 0.145875 0.4453138075313807
0 0.6246953125000001 0.19480125523012554 0.055203125 0.12002092050209204
0 0.29531250000000003 0.1527196652719665 0.5 0.20920502092050208
