0 0.49636 0.5138925081433224 0.23112000000000002 0.680684039087948
0 0.6601199999999999 0.45452768729641696 0.08288 0.33257328990228013
0 0.29913 0.26128664495114007 0.056659999999999995 0.11293159609120522
0 0.21446 0.2631433224755701 0.06792000000000001 0.08863192182410425
0 0.19990000000000002 0.21705211726384369 0.07024 0.18543973941368078
0 0.10665000000000001 0.25289902280130294 0.08370000000000001 0.11205211726384365
0 0.0388 0.25032573289902277 0.0776 0.11446254071661238
0 0.7958200000000001 0.12402280130293161 0.03816 0.09501628664495115
0 0.94853 0.12488599348534203 0.040299999999999996 0.10332247557003257
0 0.6491800000000001 0.103371335504886 0.07588 0.13482084690553747
0 0.90541 0.1274755700325733 0.04594 0.09977198697068404
0 0.9814599999999999 0.10846905537459282 0.03708 0.12859934853420196
0 0.14139999999999997 0.2239250814332248 0.06588 0.16485342019543975
0 0.486 0.2198697068403909 0.972 0.4397394136807818
