0 0.27462703962703966 0.597421875 0.4326573426573427 0.80515625
0 0.07177156177156177 0.4209921875 0.06634032634032634 0.197203125
0 0.9215850815850816 0.34860937500000005 0.06643356643356643 0.04453125
0 0.6531351981351982 0.332171875 0.09130536130536131 0.063
0 0.7022144522144522 0.33357812500000006 0.0808857808857809 0.06159375
0 0.5757925407925408 0.33893750000000006 0.045990675990675994 0.04371875
0 0.279055944055944 0.39556250000000004 0.11475524475524475 0.1443125
0 0.3732400932400933 0.36890625000000005 0.13864801864801865 0.1594375
0 0.6052797202797203 0.33267968750000004 0.034475524475524474 0.056296875
0 0.503997668997669 0.35302343750000004 0.09913752913752914 0.12089062500000002
0 0.021456876456876457 0.40532812500000004 0.04006993006993007 0.15356250000000002
0 0.8377972027972027 0.33196875000000003 0.10557109557109556 0.07125000000000001
0 0.9705827505827506 0.34521875 0.05883449883449883 0.0559375
0 0.47785547785547783 0.38671875 0.9417249417249417 0.1265625
