0 0.7771640625 0.4403671875 0.22748437500000002 0.43051562499999996
0 0.241234375 0.0826796875 0.085 0.163828125
0 0.0428125 0.06902343749999999 0.07578125000000001 0.13804687499999999
0 0.8966250000000001 0.033859375000000004 0.0494375 0.0494375
0 0.0967890625 0.06704687499999999 0.053796875 0.13409374999999998
0 0.7728437499999999 0.032804687500000006 0.0495 0.058203125
0 0.9458515625000001 0.056546874999999996 0.027015625 0.11059375
0 0.96659375 0.029343750000000002 0.0429375 0.056843750000000005
0 0.5867734375000001 0.0558515625 0.071671875 0.111453125
0 0.62740625 0.619796875 0.40978125 0.65475
