0 0.7691718750000001 0.5112361111111111 0.10490625 0.5955277777777778
0 0.9745078125000002 0.33334722222222224 0.046765625000000005 0.16041666666666668
0 0.21203125 0.28675 0.042375 0.1971111111111111
0 0.1365 0.28875 0.05328125 0.19866666666666666
0 0.077203125 0.28665277777777776 0.040656250000000005 0.19102777777777777
0 0.05959375 0.22086111111111115 0.02021875 0.1592777777777778
0 0.279859375 0.2430138888888889 0.022218750000000002 0.12063888888888889
0 0.311203125 0.22219444444444444 0.022656250000000003 0.12355555555555556
0 0.8337734375000001 0.3167083333333333 0.072671875 0.18469444444444444
0 0.5942109375000001 0.6696388888888889 0.07773437500000001 0.32405555555555554
0 0.5091093750000001 0.7237222222222223 0.10425000000000001 0.3289444444444445
0 0.9373828125000001 0.3798888888888889 0.048640625 0.26055555555555554
0 0.8868281250000001 0.33043055555555556 0.03634375 0.15397222222222223
0 0.49921875000000004 0.49722222222222223 0.9984375000000001 0.7277777777777779
