0 0.236515625 0.6017227979274611 0.19803125 0.6456735751295337
0 0.761171875 0.6433290155440414 0.19240625 0.5725647668393782
0 0.5696171875 0.5186398963730571 0.143171875 0.18194300518134718
0 0.5986171875 0.7362435233160622 0.112453125 0.2652849740932643
0 0.6695390625000001 0.7303367875647668 0.09757812500000002 0.24269430051813473
0 0.9622187499999999 0.28724093264248707 0.0755625 0.17199481865284974
0 0.612453125 0.10952072538860104 0.14012500000000003 0.20194300518134717
0 0.51325 0.11510362694300519 0.08484375 0.16538860103626946
0 0.367921875 0.1895077720207254 0.056999999999999995 0.17455958549222797
0 0.26713281250000004 0.185699481865285 0.062671875 0.17424870466321246
0 0.7369218750000001 0.27927461139896376 0.11546875000000001 0.173419689119171
0 0.7772421875000001 0.28251295336787563 0.06710937500000001 0.1561658031088083
0 0.828109375 0.2821502590673575 0.068125 0.1778238341968912
0 0.5078125 0.4378238341968912 0.9812500000000001 0.8756476683937824
