0 0.46022916666666663 0.7364843750000001 0.179 0.5270312500000001
0 0.12312499999999998 0.34008593750000005 0.24025 0.326578125
0 0.57353125 0.7327734375000001 0.15777083333333333 0.500296875
0 0.61003125 0.5842421875 0.06385416666666666 0.068578125
0 0.3138125 0.5857421875000001 0.133375 0.083890625
0 0.8405625 0.8259609375000001 0.15129166666666669 0.174109375
0 0.6738541666666666 0.6147109374999999 0.10708333333333332 0.080328125
0 0.7201875 0.8090234375 0.14670833333333333 0.282265625
0 0.25619791666666664 0.7313359375 0.13589583333333333 0.43867187500000004
0 0.18782291666666667 0.746921875 0.37564583333333335 0.5045937500000001
