0 0.5005625 0.6112395833333333 0.16853125000000002 0.48539583333333336
0 0.6409765625 0.7533541666666667 0.23539062500000002 0.2812083333333333
0 0.7870390625 0.7047812499999999 0.16742187500000003 0.3906458333333333
0 0.2476796875 0.2655208333333333 0.050421875000000005 0.24733333333333332
0 0.6587500000000001 0.2149375 0.06806250000000001 0.088625
0 0.5930468750000001 0.15200000000000002 0.058937500000000004 0.11416666666666665
0 0.6791796875 0.1426875 0.031609375 0.08224999999999999
0 0.4971953125 0.16180208333333335 0.040453125000000006 0.08539583333333334
0 0.8542734374999998 0.09228125000000001 0.021671875 0.0219375
0 0.3911796875 0.09786458333333334 0.022796875 0.042937499999999997
0 0.2938671875 0.15098958333333332 0.036109375 0.04472916666666667
0 0.2405625 0.14105208333333333 0.032718750000000005 0.05697916666666667
0 0.1913359375 0.11785416666666666 0.013421875 0.044333333333333336
0 0.5 0.1 0.9968750000000001 0.2
