0 0.5319921875000001 0.45423887587822015 0.409515625 0.5144730679156909
0 0.10944531249999999 0.7101053864168617 0.215890625 0.5573067915690867
0 0.0525546875 0.3137470725995316 0.105109375 0.22725995316159253
0 0.08702343750000001 0.31785714285714284 0.087453125 0.1985714285714286
0 0.29421093750000005 0.40207259953161595 0.298203125 0.4340749414519906
0 0.7507578125000001 0.4983138173302108 0.498484375 0.9435597189695549
0 0.22307031249999998 0.6559484777517565 0.20595312500000001 0.5539110070257611
0 0.706734375 0.4130093676814989 0.0551875 0.12292740046838407
0 0.6889296874999999 0.5630679156908666 0.31335937500000005 0.2853864168618267
0 0.54628125 0.21470725995316162 0.097875 0.13629976580796255
0 0.742546875 0.3895550351288056 0.06640625 0.1791569086651054
0 0.6854453125000001 0.33690866510538636 0.070859375 0.1407025761124122
