0 0.841796875 0.8835747663551402 0.08284375000000001 0.2269158878504673
0 0.95221875 0.8667056074766354 0.08018750000000001 0.26584112149532707
0 0.8885546875000001 0.963446261682243 0.035890625 0.07296728971962617
0 0.09664062500000002 0.8844626168224299 0.052375000000000005 0.18542056074766353
0 0.34500000000000003 0.8512499999999998 0.01571875 0.06282710280373831
0 0.1649140625 0.8555841121495327 0.013359375000000001 0.049252336448598125
0 0.23124218750000003 0.8609929906542055 0.029328125 0.08007009345794393
0 0.4144609375 0.8400584112149531 0.016140625000000002 0.06904205607476635
0 0.19723437500000002 0.8548014018691589 0.0185 0.07642523364485981
0 0.0149375 0.8907827102803737 0.026875 0.1832943925233645
0 0.28321875 0.8473481308411215 0.015375 0.07067757009345794
0 0.5825 0.8442873831775701 0.014656250000000003 0.05184579439252336
0 0.30469531250000004 0.8565303738317757 0.011953125000000002 0.05455607476635514
0 0.51015625 0.755841121495327 0.9765625 0.2827102803738318
