0 0.6239100000000001 0.56936 0.07814 0.14704
0 0.65453 0.29229333333333335 0.024579999999999998 0.10272
0 0.82467 0.10682666666666667 0.02634 0.06570666666666666
0 0.8005100000000002 0.10226666666666667 0.03038 0.08314666666666666
0 0.8423100000000001 0.12582666666666667 0.032740000000000005 0.05048
0 0.7221900000000001 0.08202666666666666 0.03538 0.09664
0 0.59409 0.10352 0.02942 0.053973333333333325
0 0.39801 0.9572533333333332 0.04462 0.07546666666666667
0 0.59347 0.12904 0.02698 0.03792
0 0.26704 0.978 0.0374 0.044
0 0.23571 0.9778399999999999 0.032299999999999995 0.039253333333333335
0 0.55477 0.26012 0.03146 0.09069333333333332
0 0.485 0.49866666666666665 0.97 0.9973333333333333
