0 0.9152187500000001 0.5486150234741785 0.10571875 0.37295774647887325
0 0.8758203125 0.47325117370892017 0.038328125000000005 0.1766431924882629
0 0.8189609375 0.48873239436619714 0.07292187500000001 0.18976525821596246
0 0.7637890625 0.423368544600939 0.019953125000000002 0.025375586854460095
0 0.8439921875 0.48742957746478877 0.033609375000000004 0.19509389671361502
0 0.6922656250000001 0.45461267605633804 0.0195625 0.09166666666666666
0 0.9725468749999999 0.49498826291079817 0.0546875 0.23913145539906105
0 0.7531796875000001 0.42335680751173715 0.013609375000000002 0.035586854460093895
0 0.7932265625000001 0.42271126760563377 0.014171875 0.03227699530516432
0 0.7046015625000001 0.44800469483568073 0.015296875 0.09920187793427229
0 0.6911640625 0.41269953051643193 0.009046875000000001 0.02323943661971831
0 0.7131953125 0.4458568075117371 0.013421875 0.08119718309859156
