0 0.6939140625000001 0.476035294117647 0.050734375 0.21122352941176467
0 0.6184453125 0.5641882352941175 0.061328125000000004 0.18018823529411762
0 0.230765625 0.8962588235294117 0.12925 0.20748235294117648
0 0.5947265625 0.7397058823529411 0.083328125 0.3019529411764706
0 0.8312265625 0.8462 0.125046875 0.30759999999999993
0 0.7911171875 0.7545882352941176 0.080546875 0.21835294117647056
0 0.7514296874999999 0.7915764705882352 0.084828125 0.41684705882352935
0 0.11007812500000001 0.8964588235294116 0.13671875 0.20708235294117647
0 0.817421875 0.6325058823529411 0.08634375 0.17263529411764705
0 0.025374999999999998 0.9056235294117646 0.04775 0.16178823529411765
0 0.5643984375000001 0.35343529411764707 0.015140625 0.046494117647058825
0 0.9473437500000002 0.803705882352941 0.10531250000000002 0.3921176470588235
0 0.69071875 0.36263529411764694 0.021843750000000002 0.026823529411764704
0 0.49921875000000004 0.6105882352941175 0.9984375000000001 0.7741176470588235
