0 0.8160859375 0.7851053864168617 0.026703125 0.10519906323185012
0 0.247078125 0.617271662763466 0.018093750000000002 0.06850117096018736
0 0.05697656250000001 0.6578337236533958 0.012609375 0.07079625292740047
0 0.07428125000000001 0.6518266978922718 0.0119375 0.06604215456674473
0 0.11098437500000001 0.6516276346604215 0.027500000000000004 0.06386416861826698
0 0.1622265625 0.5814754098360656 0.010015625 0.06482435597189695
0 0.09100781250000001 0.648185011709602 0.009203125 0.05992974238875878
0 0.054476562500000006 0.6232435597189696 0.014984375000000001 0.04494145199063232
0 0.9551171875000002 0.8848243559718969 0.056109374999999996 0.06754098360655737
0 0.9729609374999999 0.9573770491803278 0.043046875000000005 0.08524590163934426
0 0.7491171875 0.6664988290398127 0.024390625 0.0676112412177986
0 0.1578203125 0.629824355971897 0.022015625 0.06250585480093677
0 0.02446875 0.6995081967213116 0.02134375 0.08416861826697891
0 0.4296875 0.6182669789227166 0.859375 0.3372365339578454
