0 0.9264402810304451 0.50165625 0.11583138173302109 0.26737500000000003
0 0.5957962529274005 0.4383125 0.09168618266978923 0.14846875
0 0.7019437939110069 0.48271875000000003 0.0955503512880562 0.19375
0 0.33707259953161595 0.41318750000000004 0.3549882903981265 0.20946875
0 0.12033957845433255 0.4334375 0.07538641686182669 0.06859375
0 0.25019906323185015 0.4959375 0.1036768149882904 0.0850625
0 0.8066276346604215 0.43109375 0.1243559718969555 0.1236875
0 0.6771662763466043 0.41988281250000004 0.0356440281030445 0.026109375000000004
0 0.6642388758782202 0.4001171875 0.03995316159250585 0.055484375
0 0.6314285714285715 0.3539453125 0.10515222482435597 0.10523437499999999
0 0.7226229508196721 0.53778125 0.4096018735362998 0.22375
0 0.05015222482435597 0.4727109375 0.0856440281030445 0.11195312500000001
0 0.756135831381733 0.409765625 0.03976580796252927 0.03375
0 0.5 0.47109375000000003 0.9953161592505855 0.20468750000000002
