0 0.9470625 0.5060833333333333 0.059625 0.25095833333333334
0 0.3131484375 0.4422916666666667 0.024890625 0.09895833333333333
0 0.28830468750000005 0.44486458333333334 0.022328125 0.08427083333333334
0 0.2677734375 0.4665833333333333 0.024953125000000003 0.04091666666666667
0 0.2449296875 0.45509374999999996 0.026828125000000005 0.0655625
0 0.21243750000000003 0.45346875000000003 0.02021875 0.08952083333333333
0 0.189984375 0.4462916666666667 0.022031250000000002 0.10579166666666667
0 0.167125 0.44678125 0.029406250000000002 0.10872916666666665
0 0.135765625 0.453 0.0175625 0.09845833333333333
0 0.0844609375 0.4502083333333333 0.022859375 0.12054166666666666
0 0.021179687500000002 0.44836458333333334 0.026140625 0.11989583333333333
0 0.98715625 0.5257604166666666 0.025687500000000002 0.22997916666666665
0 0.3290703125 0.45871875 0.012640625 0.039562499999999994
0 0.23203125000000002 0.44895833333333335 0.4609375 0.15208333333333332
