0 0.17183593750000004 0.7292183908045978 0.276453125 0.3797701149425287
0 0.698171875 0.558735632183908 0.073125 0.304183908045977
0 0.8222890625 0.6181149425287357 0.11489062500000001 0.35181609195402297
0 0.5896171875 0.5980574712643677 0.08264062500000001 0.25731034482758625
0 0.4113515625 0.0988735632183908 0.030984374999999998 0.0464367816091954
0 0.368859375 0.10170114942528737 0.02634375 0.03622988505747126
0 0.33600781250000006 0.0951264367816092 0.033578125 0.047678160919540226
0 0.31667968750000003 0.09147126436781611 0.018046875 0.024551724137931035
0 0.2435703125 0.09386206896551724 0.023234375 0.03760919540229885
0 0.1968359375 0.0697471264367816 0.044203125 0.08188505747126436
0 0.3471796875 0.09096551724137932 0.016453125 0.054620689655172416
0 0.27872656250000005 0.08745977011494253 0.035015625 0.04811494252873563
0 0.152375 0.07590804597701148 0.03634375 0.05632183908045977
0 0.265625 0.47586206896551725 0.5281250000000001 0.9149425287356322
