0 0.093921875 0.4345328031809145 0.033375 0.1139562624254473
0 0.34871874999999997 0.46932405566600394 0.0289375 0.18691848906560635
0 0.2503984375 0.4639960238568588 0.035921875 0.21328031809145126
0 0.28825 0.4701292246520874 0.044562500000000005 0.20431411530815105
0 0.324953125 0.47449304174950296 0.039156250000000004 0.17864811133200792
0 0.42053906250000006 0.45719681908548704 0.031015625000000005 0.2082703777335984
0 0.38714843750000005 0.45736580516898606 0.066203125 0.1818886679920477
0 0.4470703125 0.39948310139165005 0.025984375 0.08015904572564611
0 0.023429687500000004 0.4782504970178926 0.031890625 0.19650099403578528
0 0.054328125 0.4589662027833002 0.04681250000000001 0.25029821073558645
0 0.2219453125 0.4612326043737574 0.025296875000000003 0.19220675944333995
0 0.07417187500000001 0.4458648111332007 0.01178125 0.08007952286282305
0 0.3216640625 0.3891650099403578 0.039453125000000006 0.05538767395626242
0 0.1609375 0.4612326043737574 0.26875 0.1908548707753479
