0 0.6891796875000001 0.6131850117096019 0.102640625 0.2681498829039813
0 0.8659296875000001 0.30450819672131146 0.062734375 0.12770491803278688
0 0.149125 0.438208430913349 0.11393750000000001 0.16138173302107728
0 0.606796875 0.17881733021077284 0.03621875 0.07074941451990632
0 0.633796875 0.959824355971897 0.059750000000000004 0.07805620608899297
0 0.29220312500000006 0.9205854800936768 0.05153125 0.09878220140515222
0 0.523125 0.9613700234192037 0.04831250000000001 0.07725995316159251
0 0.08033593750000001 0.9163700234192038 0.051984375000000006 0.07405152224824356
0 0.160984375 0.93788056206089 0.040593750000000005 0.055807962529274
0 0.20232031250000004 0.9219203747072598 0.041515625 0.07156908665105387
0 0.23296875 0.9295784543325527 0.028249999999999997 0.04304449648711944
0 0.8704765625 0.6680093676814989 0.11598437500000001 0.23526932084309132
0 0.49921875000000004 0.8512880562060889 0.9984375000000001 0.2927400468384075
