0 0.6566640625 0.6235972222222222 0.150421875 0.7528055555555555
0 0.2520625 0.2602083333333333 0.0243125 0.06391666666666668
0 0.1978828125 0.25320833333333337 0.014765625 0.06252777777777778
0 0.163390625 0.23506944444444444 0.03421875 0.07591666666666666
0 0.939671875 0.30091666666666667 0.05509375 0.132
0 0.0666640625 0.24834722222222225 0.035234375000000005 0.0911388888888889
0 0.05024218750000001 0.25105555555555553 0.022046875 0.09238888888888888
0 0.69071875 0.31527777777777777 0.04521875 0.15194444444444447
0 0.8452656250000001 0.39619444444444446 0.067 0.3287777777777778
0 0.43159375000000005 0.6387777777777778 0.14125000000000001 0.7224444444444444
0 0.583734375 0.30786111111111114 0.022593750000000003 0.16566666666666668
0 0.8754375 0.3543472222222222 0.033531250000000005 0.19580555555555554
0 0.10134375000000001 0.26468055555555553 0.023531250000000004 0.04636111111111112
0 0.31640625 0.2986111111111111 0.4109375 0.15833333333333333
