0 0.4460234375 0.6186331775700934 0.28195312499999997 0.47735981308411213
0 0.7070000000000001 0.7606074766355139 0.15471875000000002 0.3213084112149533
0 0.9360000000000002 0.7000116822429906 0.128 0.4337616822429906
0 0.919796875 0.21525700934579436 0.08640625 0.14906542056074765
0 0.9784296874999999 0.21674065420560745 0.043140625 0.16595794392523364
0 0.809984375 0.18966121495327104 0.11415625000000001 0.15927570093457943
0 0.7865234375000001 0.15656542056074765 0.21042187499999998 0.1481308411214953
0 0.6273828125 0.10197429906542056 0.08285937500000001 0.20235981308411213
0 0.28828125 0.05050233644859813 0.06775 0.1000233644859813
0 0.9181484375000001 0.1372663551401869 0.11004687500000002 0.2683644859813084
0 0.4732578125 0.07766355140186916 0.047078125 0.15532710280373832
0 0.7632578125 0.08759345794392523 0.064390625 0.17518691588785046
0 0.8851015625 0.07345794392523364 0.054234375 0.1425233644859813
