0 0.43882812500000007 0.18836185819070905 0.21531250000000002 0.28933985330073353
0 0.07459375 0.7502444987775062 0.043562500000000004 0.12855745721271394
0 0.1309140625 0.7812836185819071 0.024109375000000002 0.09097799511002445
0 0.15540625 0.7641075794621027 0.012750000000000001 0.04968215158924205
0 0.5280546875 0.7630317848410759 0.057859375000000005 0.25931540342298287
0 0.30003124999999997 0.8077261613691932 0.01525 0.053838630806845963
0 0.49503906250000007 0.8145354523227385 0.010484375 0.018508557457212714
0 0.22610937499999997 0.7899877750611247 0.0101875 0.040855745721271396
0 0.9603281250000001 0.6514669926650366 0.044000000000000004 0.08415647921760391
0 0.178125 0.7711002444987775 0.0139375 0.053202933985330075
0 0.2779140625 0.8045843520782395 0.009828125 0.04745721271393643
0 0.125296875 0.7360268948655257 0.014374999999999999 0.0612958435207824
0 0.8714062500000002 0.7071026894865526 0.014000000000000002 0.046381418092909535
0 0.525 0.7420537897310513 0.946875 0.33985330073349634
