0 0.3272734375 0.4955020491803279 0.33242187500000003 0.6494467213114754
0 0.1281328125 0.3204713114754098 0.08842187500000001 0.2660245901639344
0 0.023515625000000002 0.3156352459016394 0.047031250000000004 0.26471311475409837
0 0.769625 0.6475204918032788 0.46075 0.5427868852459017
0 0.6963828125 0.025901639344262296 0.09789062500000001 0.049549180327868855
0 0.6186796875 0.027797131147540986 0.06460937500000001 0.052397540983606564
0 0.7827578125000001 0.014784836065573771 0.083953125 0.0276844262295082
0 0.882171875 0.016311475409836067 0.0885625 0.03016393442622951
0 0.9510078125 0.01548155737704918 0.07229687500000001 0.03096311475409836
0 0.7487187500000001 0.2913729508196721 0.14221875 0.18004098360655738
0 0.40837500000000004 0.02672131147540984 0.07725 0.05290983606557377
0 0.6498515625 0.02494877049180328 0.059453124999999996 0.04989754098360656
0 0.5186328124999999 0.026875000000000003 0.090109375 0.053750000000000006
0 0.51015625 0.43442622950819676 0.9765625 0.8688524590163935
