0 0.7793515625 0.7388541666666666 0.083546875 0.27558333333333335
0 0.814359375 0.7478333333333332 0.09684375 0.2604166666666667
0 0.9073359375000001 0.6443854166666667 0.026921875 0.05202083333333333
0 0.8836718750000001 0.6789375000000001 0.0249375 0.105375
0 0.7169921875 0.7340416666666666 0.051640624999999996 0.2485
0 0.764671875 0.7339479166666666 0.045750000000000006 0.2298125
0 0.68940625 0.7037083333333333 0.02953125 0.1404166666666667
0 0.8015625000000001 0.63175 0.012750000000000001 0.019791666666666666
0 0.861984375 0.678875 0.030625000000000003 0.10254166666666666
0 0.9943515625 0.66496875 0.011296875000000001 0.05577083333333333
