0 0.199828125 0.274970703125 0.193 0.52400390625
0 0.03371875 0.54369140625 0.0674375 0.0676953125
0 0.5323359375 0.49912109375 0.033234375000000003 0.0666015625
0 0.6276328125 0.425517578125 0.021734375 0.08119140625
0 0.6411328125000001 0.43619140625 0.024515625 0.1017578125
0 0.6560546875000001 0.432724609375 0.015203125000000001 0.06947265625
0 0.9469765625 0.4158203125 0.021953125000000004 0.0916796875
0 0.8890078125 0.42312500000000003 0.021484375 0.095546875
0 0.7833828125000001 0.399677734375 0.128703125 0.36001953125
0 0.8606718750000001 0.42850585937499996 0.018562500000000003 0.09767578125
0 0.513984375 0.491787109375 0.01609375 0.06408203125
0 0.6658515625 0.48298828125000004 0.034609375 0.0503515625
0 0.706015625 0.43376953125 0.02434375 0.0948828125
0 0.5453125 0.44140625 0.90625 0.2265625
