0 0.141703125 0.7305555555555554 0.13715625 0.4998941798941799
0 0.5983203125 0.8323809523809523 0.10635937499999999 0.24830687830687828
0 0.1260078125 0.6945238095238094 0.05170312500000001 0.3379365079365079
0 0.751515625 0.688611111111111 0.10825000000000001 0.5304497354497354
0 0.8459140625 0.6392063492063492 0.11854687500000001 0.36238095238095236
0 0.08778125000000002 0.6124470899470899 0.0426875 0.20621693121693122
0 0.128796875 0.5140608465608465 0.015875 0.027328042328042326
0 0.049046875000000004 0.5519973544973544 0.01953125 0.07039682539682539
0 0.103515625 0.5626455026455026 0.014687500000000001 0.10365079365079365
0 0.0169375 0.5381481481481482 0.01103125 0.046613756613756614
0 0.044226562500000004 0.7802645502645502 0.08845312500000001 0.43947089947089946
0 0.9182734375000001 0.5226984126984127 0.023265625 0.12031746031746031
0 0.5 0.5277777777777778 0.9968750000000001 0.1349206349206349
