0 0.5597421875 0.5078805620608898 0.43426562500000004 0.9617096018735363
0 0.7446171875 0.21704918032786888 0.030109375 0.11245901639344263
0 0.8514296875 0.2225058548009368 0.030171875 0.06711943793911007
0 0.8308906250000002 0.22430913348946135 0.0236875 0.056299765807962525
0 0.8041015625000001 0.206943793911007 0.019140625 0.04269320843091335
0 0.9714140625 0.3519555035128806 0.05717187500000001 0.22395784543325525
0 0.017734375 0.1697775175644028 0.01240625 0.03618266978922716
0 0.060773437500000006 0.18795081967213115 0.018234375 0.04555035128805621
0 0.780859375 0.18991803278688524 0.02121875 0.04358313817330211
0 0.89396875 0.21716627634660424 0.03896875 0.06454332552693208
0 0.8187578125 0.2220608899297424 0.009109375000000001 0.0375175644028103
0 0.4867578125 0.1909016393442623 0.011421875 0.0222248243559719
