0 0.5062913223140496 0.5123828125 0.4050206611570248 0.729734375
0 0.3910537190082645 0.4831015624999999 0.07900826446280992 0.085453125
0 0.788543388429752 0.49100000000000005 0.12898760330578513 0.20471875000000003
0 0.927551652892562 0.48102343750000004 0.1327892561983471 0.165703125
0 0.1319834710743802 0.4869453125 0.12896694214876034 0.13126562500000002
0 0.03113636363636364 0.45771875 0.06227272727272728 0.1905625
0 0.15129132231404957 0.4491171875 0.07047520661157025 0.069890625
0 0.39088842975206617 0.5127890625 0.038553719008264466 0.026953125
0 0.2794421487603306 0.47304687500000003 0.17458677685950413 0.16328125000000002
0 0.6461363636363637 0.4549765625 0.1087603305785124 0.151734375
0 0.8625 0.5462734375 0.11103305785123968 0.07710937500000001
0 0.07698347107438017 0.54153125 0.12566115702479339 0.06356250000000001
