0 0.20192968750000004 0.6041197183098592 0.113671875 0.5932629107981221
0 0.28314062500000003 0.668661971830986 0.13312500000000002 0.6507511737089202
0 0.37017187500000004 0.45767605633802816 0.09003125000000001 0.2702816901408451
0 0.5335234375 0.5222183098591549 0.080828125 0.33913145539906103
0 0.7103671875 0.6298591549295774 0.207515625 0.7402816901408451
0 0.44178906250000005 0.4520892018779343 0.066953125 0.16737089201877933
0 0.8286640625000001 0.5471830985915493 0.08376562500000001 0.36629107981220654
0 0.9118046875 0.419612676056338 0.041015625 0.18683098591549296
0 0.9079375 0.578650234741784 0.11068750000000001 0.5056103286384976
0 0.62359375 0.38842723004694835 0.06375 0.07690140845070423
0 0.7831250000000001 0.47902582159624413 0.05940625000000001 0.2644366197183099
