0 0.4557578125 0.6314559819413093 0.286203125 0.723589164785553
0 0.3087578125 0.6146049661399547 0.14776562499999998 0.7483069977426636
0 0.10421875000000001 0.5955079006772008 0.20843750000000003 0.8089841986455981
0 0.733609375 0.6520090293453725 0.184125 0.69255079006772
0 0.84384375 0.5696613995485327 0.25665625 0.8381941309255078
0 0.35671875000000003 0.2964334085778781 0.051437500000000004 0.1524604966139955
0 0.5639609375 0.49128668171557555 0.143921875 0.6157110609480811
0 0.4809375 0.25306997742663656 0.09843750000000001 0.24338600451467265
0 0.6474531250000001 0.4352031602708803 0.09159375 0.6017381489841985
0 0.3627265625 0.2170654627539503 0.067296875 0.13778781038374716
0 0.24661718749999997 0.3536681715575621 0.07895312500000001 0.3931602708803611
0 0.161515625 0.3199548532731377 0.057531250000000006 0.2930925507900677
0 0.141140625 0.2682279909706546 0.03871875 0.21641083521444696
0 0.40859375000000003 0.25395033860045146 0.8171875000000001 0.3002257336343115
