0 0.7210972222222223 0.5696640625 0.4913611111111111 0.658421875
0 0.9580138888888889 0.23598437500000002 0.08397222222222223 0.07434375
0 0.11305555555555556 0.19475781250000002 0.09305555555555556 0.08957812500000001
0 0.07309722222222222 0.1738828125 0.09663888888888889 0.129890625
0 0.9617916666666667 0.17929687500000002 0.07569444444444445 0.08496875000000001
0 0.12575 0.1025859375 0.10355555555555557 0.08429687500000001
0 0.3640972222222222 0.14475000000000002 0.10736111111111112 0.11278125000000001
0 0.6590694444444445 0.23771093750000005 0.10508333333333333 0.064234375
0 0.15643055555555554 0.24765625000000002 0.12869444444444444 0.0881875
0 0.2215555555555556 0.097859375 0.0906111111111111 0.08765625
0 0.45919444444444446 0.3421015625 0.3726111111111111 0.424421875
0 0.31545833333333334 0.19957812500000002 0.08291666666666668 0.07359375
0 0.4986111111111111 0.21875 0.9972222222222222 0.4375
