0 0.39058593750000004 0.8741527777777778 0.15926562500000002 0.25169444444444444
0 0.525203125 0.47134722222222225 0.08784375 0.28925
0 0.9746796875 0.23648611111111115 0.050078125 0.18097222222222226
0 0.11885937499999999 0.9353472222222223 0.0765625 0.10480555555555555
0 0.2807734375 0.9326527777777778 0.112703125 0.13469444444444445
0 0.11375781250000001 0.4820277777777778 0.11376562500000001 0.2763888888888889
0 0.5891015625000001 0.5472916666666667 0.10895312500000001 0.24775
0 0.6298125 0.4482222222222222 0.08965625 0.21811111111111112
0 0.723 0.23925 0.15300000000000002 0.23738888888888887
0 0.44971875 0.16575 0.09996875 0.1493888888888889
0 0.18476562500000002 0.5425972222222223 0.10971875 0.29597222222222225
0 0.311078125 0.088375 0.0995625 0.16858333333333334
0 0.46073437500000003 0.25045833333333334 0.07746875 0.23708333333333334
0 0.49921875000000004 0.4986111111111111 0.9984375000000001 0.9972222222222222
