0 0.14590625000000002 0.38307291666666665 0.008624999999999999 0.0209375
0 0.28492968750000003 0.53440625 0.018421875 0.041479166666666664
0 0.6952812500000001 0.34246875 0.0079375 0.0193125
0 0.25834375000000004 0.25860416666666663 0.008906250000000001 0.012166666666666666
0 0.14786718750000002 0.31870833333333337 0.019140625 0.015333333333333334
0 0.8173203125000001 0.30344791666666665 0.013546875 0.01614583333333333
0 0.0856640625 0.35002083333333334 0.005328125 0.011958333333333333
0 0.2575234375 0.5394166666666667 0.010265625 0.030416666666666665
0 0.9020625000000001 0.44043750000000004 0.00859375 0.021291666666666667
0 0.05319531250000001 0.35864583333333333 0.004640625000000001 0.008791666666666666
0 0.0046640625 0.48740625 0.008984375000000001 0.017770833333333333
0 0.296796875 0.5030729166666666 0.010906250000000001 0.029520833333333333
0 0.50234375 0.3072916666666667 0.7984375 0.18958333333333333
