0 0.9570208333333333 0.423546875 0.049875 0.09265625
0 0.2867395833333333 0.22805468750000002 0.1373125 0.12170312500000001
0 0.04733333333333333 0.11206250000000001 0.08854166666666667 0.1236875
0 0.013666666666666666 0.22660156250000002 0.02733333333333333 0.078984375
0 0.7361875 0.2591015625 0.09533333333333333 0.268984375
0 0.5414687499999999 0.0273203125 0.06064583333333333 0.053078125000000004
0 0.5882187499999999 0.040296875 0.0606875 0.03828125
0 0.6896249999999999 0.0436640625 0.072875 0.050640624999999995
0 0.48813541666666665 0.5874921875 0.3316875 0.559703125
0 0.9467708333333333 0.060835937500000006 0.10645833333333334 0.06310937500000001
0 0.9328541666666667 0.047375 0.054 0.044562500000000005
0 0.09704166666666668 0.21528125 0.13445833333333335 0.1223125
