0 0.6852031250000001 0.36689695550351287 0.022625000000000003 0.05772833723653396
0 0.48539843750000006 0.4180913348946136 0.063046875 0.2637236533957845
0 0.5679921875 0.4041334894613583 0.048234375 0.22920374707259955
0 0.71140625 0.6040632318501171 0.15925 0.4359016393442623
0 0.7542343750000001 0.3887822014051523 0.047968750000000004 0.14604215456674474
0 0.5399453125 0.299672131147541 0.031296875 0.10281030444964871
0 0.254890625 0.5030444964871195 0.243375 0.5311007025761124
0 0.029039062500000004 0.3470608899297424 0.054953125000000005 0.2941217798594848
0 0.17910937500000002 0.3999765807962529 0.047531250000000004 0.18997658079625293
0 0.40700781250000007 0.3267447306791569 0.034640625 0.13283372365339577
0 0.33003125 0.27591334894613584 0.048218750000000005 0.13098360655737704
0 0.9854765625000002 0.38530444964871197 0.025734375 0.06531615925058548
0 0.6546875000000001 0.3189929742388759 0.026750000000000003 0.12960187353629976
0 0.5 0.3477751756440281 0.9968750000000001 0.6346604215456675
