0 0.4194843750000001 0.5497835497835498 0.102375 0.29415584415584417
0 0.50765625 0.3124891774891775 0.08050000000000002 0.12623376623376623
0 0.6741250000000001 0.32130952380952377 0.058812500000000004 0.09742424242424241
0 0.163125 0.43817099567099566 0.05606250000000001 0.17634199134199133
0 0.7533750000000001 0.4063744588744589 0.066125 0.08751082251082251
0 0.710359375 0.6009632034632034 0.07537500000000001 0.2117965367965368
0 0.8155 0.42993506493506495 0.0986875 0.28380952380952384
0 0.44759375 0.30987012987012985 0.05575 0.12116883116883116
0 0.6365781250000001 0.6187987012987013 0.153125 0.18348484848484847
0 0.605640625 0.3712987012987013 0.07471875 0.1725108225108225
0 0.47734375 0.27135281385281385 0.031656250000000004 0.06854978354978356
0 0.239515625 0.4343506493506493 0.0900625 0.20562770562770563
0 0.40209374999999997 0.21175324675324675 0.06265625000000001 0.0822077922077922
0 0.7000000000000001 0.3398268398268398 0.134375 0.12554112554112554
