0 0.5680390625 0.4281603773584906 0.07823437500000001 0.38669811320754716
0 0.7776328125 0.4493985849056604 0.152578125 0.43898584905660376
0 0.8589921875000001 0.47829009433962266 0.168109375 0.46521226415094336
0 0.31412500000000004 0.5179716981132075 0.22034375000000003 0.6314622641509434
0 0.462828125 0.30133254716981134 0.020000000000000004 0.07974056603773585
0 0.5974296875 0.275377358490566 0.020453125000000003 0.05066037735849056
0 0.18406250000000002 0.4423702830188679 0.1271875 0.22464622641509432
0 0.4110546875 0.39806603773584903 0.046453125000000005 0.18033018867924527
0 0.218609375 0.29689858490566035 0.0145625 0.07091981132075471
0 0.24534375000000003 0.31577830188679246 0.017781250000000002 0.10556603773584905
0 0.49150000000000005 0.38274764150943397 0.07800000000000001 0.16775943396226414
0 0.9057812500000001 0.284752358490566 0.01953125 0.0796933962264151
0 0.6183281250000001 0.2731014150943396 0.013500000000000002 0.05341981132075471
0 0.56796875 0.2936320754716981 0.7640625000000001 0.15330188679245282
