0 0.086890625 0.11425000000000002 0.03209375 0.13072222222222224
0 0.8319375000000001 0.17016666666666666 0.11175 0.2046111111111111
0 0.110375 0.107625 0.028000000000000004 0.14097222222222222
0 0.6486171875000001 0.12445833333333334 0.017765625 0.08719444444444445
0 0.665578125 0.1208888888888889 0.00821875 0.07444444444444445
0 0.6970468750000001 0.11572222222222221 0.023281250000000003 0.06683333333333333
0 0.13100781250000001 0.10615277777777778 0.021015625 0.12880555555555556
0 0.42456250000000006 0.17423611111111115 0.057531250000000006 0.2595277777777778
0 0.15346875000000001 0.07291666666666667 0.030875000000000003 0.06272222222222222
0 0.5267265625 0.08788888888888889 0.010921875000000001 0.024388888888888887
0 0.0946484375 0.10637500000000001 0.014359375 0.12019444444444445
0 0.7484375000000001 0.1476388888888889 0.0303125 0.11133333333333334
0 0.10028125000000002 0.08597222222222223 0.009750000000000002 0.07166666666666667
0 0.38593750000000004 0.09861111111111112 0.671875 0.04722222222222222
