0 0.4466666666666667 0.8443300653594772 0.03016339869281046 0.09
0 0.4800653594771242 0.8142483660130719 0.024477124183006536 0.0888562091503268
0 0.6062990196078432 0.5528921568627451 0.017173202614379084 0.033790849673202616
0 0.5830065359477123 0.353921568627451 0.009084967320261438 0.020196078431372548
0 0.4605637254901961 0.7250326797385621 0.021552287581699345 0.06973856209150327
0 0.491985294117647 0.7307843137254902 0.043120915032679744 0.08094771241830065
0 0.44352124183006536 0.7788480392156863 0.0244281045751634 0.06472222222222222
0 0.43978758169934645 0.7127696078431373 0.023856209150326796 0.07769607843137255
0 0.3517892156862745 0.8552859477124183 0.0298202614379085 0.10655228758169934
0 0.6545996732026144 0.68734477124183 0.03700980392156863 0.06821895424836602
0 0.4969117647058824 0.5773856209150328 0.018823529411764704 0.05392156862745098
0 0.9425735294117645 0.9048366013071898 0.023480392156862744 0.04637254901960784
0 0.5192401960784313 0.5792238562091504 0.021846405228758168 0.048774509803921576
