0 0.7087109375 0.5831458333333334 0.29495312500000004 0.6494583333333334
0 0.6042109375000001 0.5147604166666666 0.10617187500000001 0.08989583333333333
0 0.24850781250000004 0.5898125000000001 0.175359375 0.717375
0 0.3956640625000001 0.45766666666666667 0.091265625 0.11395833333333334
0 0.4925312500000001 0.4688958333333333 0.056375 0.05525
0 0.516375 0.4361145833333333 0.11175 0.12960416666666666
0 0.4495 0.3428854166666666 0.08809375000000001 0.12389583333333333
0 0.37947656250000006 0.3393541666666666 0.056234375 0.10408333333333333
0 0.3609140625 0.40560416666666665 0.075390625 0.13333333333333333
0 0.392625 0.15205208333333334 0.08234375000000001 0.2538125
0 0.9323046875 0.47090624999999997 0.087859375 0.09402083333333333
0 0.30450781250000003 0.40743749999999995 0.046078125 0.12354166666666666
0 0.30498437500000003 0.3568854166666666 0.05196875 0.09327083333333334
0 0.5078125 0.26145833333333335 0.9812500000000001 0.5229166666666667
