0 0.20330468749999997 0.028028169014084506 0.036078125 0.05605633802816901
0 0.16437500000000002 0.03800469483568075 0.041156250000000005 0.07262910798122066
0 0.0566796875 0.08241784037558686 0.051921875 0.07990610328638498
0 0.033671875 0.038509389671361506 0.03865625 0.07701877934272301
0 0.09600781250000001 0.06225352112676057 0.042046875000000004 0.08389671361502347
0 0.018664062500000002 0.09563380281690141 0.037328125000000004 0.08389671361502347
0 0.013148437499999999 0.03762910798122066 0.025484375 0.07389671361502348
0 0.24896093750000003 0.6584389671361502 0.176359375 0.3818075117370892
0 0.05 0.019084507042253524 0.026375 0.03793427230046949
0 0.1269765625 0.042922535211267605 0.041390625 0.08509389671361503
