0 0.6698675496688743 0.7062343750000001 0.6602649006622517 0.58753125
0 0.7072737306843268 0.531125 0.08214128035320088 0.09809375000000001
0 0.18500000000000003 0.5325078124999999 0.028807947019867552 0.020015625000000002
0 0.16839955849889623 0.539890625 0.00858719646799117 0.023250000000000003
0 0.12709713024282562 0.5545 0.016445916114790286 0.05034375
0 0.11859823399558499 0.5555546875 0.025452538631346576 0.049453125
0 0.3202207505518764 0.5424609375 0.020529801324503313 0.039765625
0 0.2608057395143488 0.5373203125 0.01052980132450331 0.025421875
0 0.2275055187637969 0.5312109375 0.013642384105960264 0.017484375
0 0.15885209713024284 0.5421250000000001 0.01620309050772627 0.0321875
0 0.24231788079470198 0.536640625 0.015231788079470199 0.026750000000000003
0 0.2004525386313466 0.5317734375 0.017770419426048567 0.017421875
