0 0.358890625 0.4178117647058823 0.23534375000000002 0.6904941176470587
0 0.528703125 0.36374117647058823 0.16303125000000002 0.6080941176470588
0 0.7508906250000001 0.5004705882352941 0.4958125 0.9616941176470588
0 0.12162500000000001 0.4131058823529411 0.10296875000000001 0.4089882352941176
0 0.0908125 0.27243529411764705 0.0310625 0.11917647058823529
0 0.19811718749999999 0.3730352941176471 0.051640624999999996 0.3465411764705882
0 0.04178125 0.3977529411764706 0.0835625 0.47639999999999993
0 0.3216640625 0.24283529411764707 0.037734375 0.07503529411764705
0 0.6087187500000001 0.44707058823529405 0.29015625 0.779270588235294
0 0.17420312500000001 0.392435294117647 0.0226875 0.25348235294117644
0 0.29104687500000004 0.26297647058823526 0.0679375 0.11470588235294117
0 0.2651796875 0.27070588235294113 0.021234375 0.04630588235294117
0 0.1780546875 0.2566352941176471 0.028109375 0.060047058823529405
0 0.31171875000000004 0.4929411764705882 0.6203125 0.628235294117647
