0 0.6433568075117371 0.6988671875000001 0.06399061032863851 0.109703125
0 0.7727347417840376 0.6821953125000001 0.025845070422535213 0.040015625
0 0.28455399061032866 0.6920000000000001 0.019577464788732395 0.03628125
0 0.858274647887324 0.6739140625000001 0.017535211267605634 0.039328125000000005
0 0.7482863849765259 0.6871171875000002 0.019295774647887325 0.044046875000000006
0 0.8712089201877934 0.6751796875 0.018098591549295776 0.034640625
0 0.7328638497652582 0.6894296875000001 0.02051643192488263 0.050421875000000005
0 0.7898943661971831 0.6798437500000001 0.013873239436619719 0.03709375
0 0.8409507042253521 0.6730234375 0.017910798122065728 0.035765625
0 0.9564553990610328 0.6409453125 0.015492957746478873 0.013671875
0 0.3549295774647887 0.6900312500000001 0.02192488262910798 0.046125
0 0.19907276995305162 0.6804921875000001 0.019835680751173708 0.036296875
0 0.826161971830986 0.672859375 0.0165962441314554 0.033468750000000005
0 0.5492957746478874 0.6648437500000001 0.8591549295774648 0.051562500000000004
