0 0.24850781250000004 0.5773185011709602 0.44579687500000004 0.6794613583138173
0 0.49594531250000007 0.35135831381733024 0.032734375 0.14543325526932085
0 0.4143125 0.36235362997658077 0.06806250000000001 0.23459016393442622
0 0.7699609375 0.29319672131147545 0.051984375000000006 0.061100702576112415
0 0.9790546875000001 0.3963934426229508 0.041890625 0.17302107728337235
0 0.9347578125 0.40502341920374707 0.047328125 0.15688524590163933
0 0.06221875 0.3989461358313817 0.05371875000000001 0.08285714285714287
0 0.531640625 0.37889929742388756 0.056875 0.09695550351288056
0 0.6376171875000001 0.34963700234192036 0.068265625 0.405175644028103
0 0.7412109375 0.42872365339578455 0.098109375 0.2353864168618267
0 0.8917343750000001 0.363688524590164 0.046000000000000006 0.11557377049180328
0 0.7201640625 0.38057377049180324 0.036328125 0.0835831381733021
0 0.5995156250000001 0.36153395784543324 0.031156250000000003 0.3735128805620609
0 0.64765625 0.3594847775175644 0.4140625 0.13348946135831383
