0 0.4715456674473068 0.4181250000000001 0.23578454332552695 0.2561875
0 0.38161592505854797 0.3555390625 0.11302107728337236 0.112828125
0 0.3270374707259953 0.32059375 0.10803278688524591 0.12106250000000002
0 0.7409601873536301 0.298703125 0.012740046838407496 0.012718750000000001
0 0.7610070257611242 0.29609375 0.026791569086651052 0.017781250000000002
0 0.8441451990632318 0.294609375 0.010679156908665104 0.007718750000000001
0 0.7005035128805621 0.29562499999999997 0.006908665105386417 0.00665625
0 0.732271662763466 0.3034375 0.012646370023419205 0.011250000000000001
0 0.7315456674473068 0.49919531250000004 0.07011709601873536 0.068296875
0 0.6787587822014051 0.48321875000000003 0.04622950819672131 0.055906250000000005
0 0.8979976580796253 0.29052343750000004 0.019320843091334895 0.013046875
0 0.8723653395784543 0.292609375 0.014192037470725994 0.01065625
