0 0.22894531250000003 0.38603125000000005 0.015546875 0.035270833333333335
0 0.4531875000000001 0.2997708333333334 0.0103125 0.022875
0 0.4189609375 0.27470833333333333 0.008828125000000001 0.02275
0 0.40555468749999996 0.32046874999999997 0.010828125000000001 0.024645833333333332
0 0.346125 0.2816458333333334 0.005843750000000001 0.018041666666666668
0 0.31440625 0.2790625 0.00834375 0.025958333333333333
0 0.30771875000000004 0.23566666666666666 0.00803125 0.013791666666666667
0 0.23011718750000001 0.2864375 0.006734375 0.017958333333333333
0 0.35367968750000006 0.5459479166666666 0.31239062500000003 0.4505208333333333
0 0.087640625 0.27371875 0.00696875 0.016479166666666666
0 0.129640625 0.3362395833333333 0.0125 0.031020833333333334
0 0.53125 0.18541666666666667 0.696875 0.19166666666666665
