0 0.9282265624999999 0.5969270833333333 0.05901562500000001 0.22197916666666664
0 0.030078125 0.5041458333333333 0.01053125 0.04579166666666667
0 0.21757031250000003 0.52721875 0.018640625 0.0855625
0 0.4362500000000001 0.47906249999999995 0.05165625000000001 0.04375
0 0.5657265625 0.49743750000000003 0.030328125 0.09749999999999999
0 0.20065625000000004 0.528625 0.017937500000000002 0.07129166666666667
0 0.24446093750000003 0.5228854166666667 0.016203125 0.10310416666666666
0 0.0966328125 0.4933854166666667 0.016796875 0.02664583333333333
0 0.27564843750000007 0.47048958333333335 0.014328125 0.04364583333333333
0 0.03759375 0.5049895833333333 0.00971875 0.04510416666666666
0 0.351640625 0.47384375000000006 0.026312500000000003 0.03914583333333333
0 0.00375 0.5078645833333333 0.0074375 0.0638125
0 0.23214062500000004 0.52440625 0.015593750000000002 0.0813125
0 0.33125000000000004 0.5104166666666666 0.65625 0.07916666666666666
