0 0.42682031249999997 0.7581562500000001 0.009265625 0.014604166666666666
0 0.288203125 0.76334375 0.0119375 0.02764583333333333
0 0.9311796874999999 0.7674687500000001 0.011515625000000002 0.0355625
0 0.908484375 0.7646145833333334 0.009500000000000001 0.03372916666666667
0 0.8714375000000001 0.7614895833333334 0.0073124999999999996 0.0098125
0 0.5060703125 0.7608958333333332 0.0064843750000000006 0.014416666666666666
0 0.6797734375000001 0.7568437499999999 0.0073593750000000005 0.027395833333333335
0 0.542296875 0.7611145833333333 0.00796875 0.027979166666666666
0 0.1616875 0.74675 0.008749999999999999 0.02625
0 0.2717421875 0.7514687499999999 0.012046875 0.025729166666666664
0 0.2053828125 0.7535937500000001 0.006671875 0.012520833333333333
0 0.2648671875 0.74890625 0.008515625 0.027604166666666666
0 0.350625 0.7672187500000001 0.0088125 0.017062499999999998
0 0.51171875 0.75625 0.9296875 0.05
