0 0.8366458333333334 0.7824921874999999 0.10379166666666667 0.132515625
0 0.6447395833333334 0.766359375 0.0511875 0.08737500000000001
0 0.44317708333333333 0.7758984375000001 0.05377083333333333 0.129015625
0 0.9572708333333333 0.7931015625000001 0.06425 0.140203125
0 0.9051874999999999 0.776328125 0.04541666666666667 0.10218750000000001
0 0.18426041666666668 0.7778203125 0.0500625 0.105609375
0 0.04701041666666666 0.7825937500000001 0.050895833333333335 0.11612499999999999
0 0.25497916666666665 0.807703125 0.03741666666666667 0.055406250000000004
0 0.7144166666666667 0.7892578125 0.042625 0.049703125
0 0.7517604166666666 0.7740859375 0.057104166666666664 0.037171875
0 0.08717708333333334 0.7680859375000001 0.0628125 0.139390625
0 0.021281249999999998 0.7800859375 0.04114583333333333 0.130390625
0 0.6177916666666667 0.788515625 0.034083333333333334 0.05825
0 0.571875 0.7796875000000001 0.8229166666666666 0.109375
