0 0.2712578125 0.6018229166666667 0.018265625 0.06760416666666667
0 0.1954140625 0.645125 0.025234375 0.08945833333333333
0 0.118125 0.6355104166666667 0.0225625 0.09577083333333333
0 0.2589921875 0.6008958333333333 0.018546875 0.06545833333333334
0 0.912359375 0.5103229166666667 0.01065625 0.01614583333333333
0 0.19132812500000002 0.5950000000000001 0.013375000000000001 0.03695833333333333
0 0.1320234375 0.6447291666666666 0.017234375 0.08499999999999999
0 0.5783828125 0.5429062499999999 0.010796875000000001 0.0428125
0 0.8682421875000002 0.5115416666666667 0.006515625000000001 0.023375
0 0.203453125 0.6050104166666666 0.0141875 0.06122916666666667
0 0.9043359375 0.5036354166666667 0.008390625 0.0111875
