0 0.4286484375 0.24251838235294118 0.106765625 0.4800367647058823
0 0.29703906250000006 0.5304779411764705 0.205078125 0.9390441176470588
0 0.17 0.3752757352941177 0.14134375 0.7415808823529412
0 0.5548515625 0.17477941176470588 0.15126562500000001 0.33963235294117644
0 0.37725000000000003 0.2292095588235294 0.061125 0.4584191176470588
0 0.6242109375 0.1017095588235294 0.088359375 0.1970955882352941
0 0.6575546875000001 0.08426470588235294 0.079265625 0.1640441176470588
0 0.892234375 0.11726102941176471 0.0923125 0.22724264705882352
0 0.9373828125 0.18876838235294116 0.079265625 0.15731617647058824
0 0.8098828125000002 0.6179779411764706 0.238765625 0.7640441176470588
0 0.8994375 0.5449632352941176 0.08937500000000001 0.6688970588235293
0 0.9433671875 0.065 0.029078125 0.11036764705882353
0 0.9294453125 0.4659742647058824 0.053296875 0.5160661764705883
