0 0.5404100000000001 0.30656 0.03614 0.08776
0 0.28989 0.4809 0.34158 0.6606799999999999
0 0.72212 0.31371000000000004 0.026760000000000003 0.07909999999999999
0 0.6617800000000001 0.29593 0.0174 0.05026
0 0.78963 0.31772999999999996 0.025140000000000003 0.02542
0 0.8095 0.31871 0.02036 0.02802
0 0.8920800000000001 0.30673999999999996 0.01688 0.04668
0 0.9428300000000001 0.34661000000000003 0.0305 0.03426
0 0.45624 0.29193 0.012920000000000001 0.033420000000000005
0 0.6946100000000001 0.31307 0.01746 0.03178
0 0.13595 0.27738999999999997 0.02262 0.05558
0 0.26101 0.26229 0.019100000000000002 0.016260000000000004
0 0.16248 0.2831 0.01504 0.04572
0 0.5 0.59 0.996 0.6880000000000001
