0 0.655734375 0.5504046242774567 0.030718750000000003 0.11368015414258188
0 0.6282109375 0.5340944123314065 0.014671875000000001 0.03809248554913295
0 0.42571875 0.5404527938342967 0.02665625 0.08287090558766859
0 0.3836953125 0.5359055876685934 0.019046875 0.08333333333333333
0 0.489671875 0.5359248554913294 0.0136875 0.05420038535645472
0 0.5064140625000001 0.5372832369942195 0.016921875 0.052369942196531793
0 0.34745312500000003 0.5080828516377649 0.02525 0.03265895953757225
0 0.6109687500000001 0.5337186897880539 0.014000000000000002 0.034065510597302506
0 0.181984375 0.533680154142582 0.041406250000000006 0.14728323699421964
0 0.6180625000000001 0.5299903660886319 0.0074687500000000006 0.02441233140655106
