0 0.36181250000000004 0.6220823529411764 0.3365 0.7555999999999999
0 0.699875 0.7011176470588235 0.39993750000000006 0.5752705882352941
0 0.5939296875000001 0.3606705882352941 0.020890625 0.0876470588235294
0 0.7016953125000001 0.3842235294117647 0.016890625000000003 0.03729411764705882
0 0.726796875 0.39062352941176465 0.03478125000000001 0.04044705882352941
0 0.649890625 0.36521176470588224 0.025718750000000002 0.07536470588235293
0 0.8217578125000001 0.36235294117647054 0.016234375000000002 0.08512941176470587
0 0.6231875 0.360435294117647 0.01996875 0.08195294117647058
0 0.9370156249999999 0.3650705882352941 0.01815625 0.09597647058823529
0 0.27353125 0.3511176470588235 0.01865625 0.046894117647058815
0 0.9815781250000001 0.35694117647058815 0.011312500000000001 0.07138823529411764
0 0.5671796875 0.36109411764705873 0.025296875000000003 0.08331764705882351
0 0.7453125 0.3478235294117647 0.01825 0.054941176470588236
0 0.62421875 0.3576470588235294 0.7484375000000001 0.10352941176470587
