0 0.4206015625 0.5080841121495326 0.13498437500000002 0.29196261682242985
0 0.8277578125 0.24609813084112148 0.056328125 0.10004672897196261
0 0.7394296875 0.5455490654205607 0.127546875 0.24824766355140185
0 0.9540390625000001 0.25434579439252336 0.063921875 0.10191588785046728
0 0.7344765625 0.24046728971962616 0.053078125000000004 0.09616822429906541
0 0.31373437500000007 0.15871495327102805 0.0393125 0.05107476635514018
0 0.26966406249999997 0.16990654205607475 0.050640624999999995 0.07626168224299065
0 0.15925 0.14301401869158878 0.06446875 0.14574766355140187
0 0.080625 0.1519859813084112 0.079875 0.14654205607476634
0 0.614703125 0.5724415887850467 0.15596875 0.2222663551401869
0 0.8068984375000001 0.0698714953271028 0.042015625 0.06992990654205607
0 0.6361953124999999 0.039556074766355136 0.035796875 0.07308411214953271
0 0.7221484375 0.045922897196261685 0.039421875 0.0819392523364486
0 0.509375 0.06542056074766354 0.978125 0.1308411214953271
