0 0.3042109375 0.7146041666666666 0.241015625 0.5707916666666667
0 0.9307421875000002 0.7038333333333334 0.138515625 0.5720833333333334
0 0.8498515625 0.6746250000000001 0.051953125 0.2014166666666667
0 0.6890703125000001 0.6728541666666668 0.068546875 0.23541666666666666
0 0.7853984375 0.6068437499999999 0.046296875 0.09222916666666667
0 0.8163750000000001 0.6384166666666666 0.0225625 0.08791666666666667
0 0.12471874999999999 0.6921354166666667 0.08090625000000001 0.26964583333333336
0 0.7967890625 0.7799375 0.107578125 0.3005
0 0.6513515625 0.6427708333333333 0.027140625 0.08133333333333333
0 0.6253906250000001 0.6586874999999999 0.0295 0.18087499999999998
0 0.7386250000000001 0.6598541666666667 0.031375 0.1265
0 0.19085937500000003 0.6520520833333333 0.04359375 0.1390625
