0 0.22767187500000002 0.6630549199084668 0.0335 0.12464530892448512
0 0.7781796875 0.6008924485125857 0.018421875 0.05757437070938215
0 0.25378125 0.6580434782608695 0.02375 0.12491990846681923
0 0.19096093749999998 0.665903890160183 0.032734375 0.11464530892448513
0 0.23850781250000003 0.6630549199084668 0.016984375 0.11649885583524026
0 0.289171875 0.6618306636155608 0.03215625 0.0985812356979405
0 0.38496875 0.6538443935926772 0.027875 0.09620137299771167
0 0.3453828125 0.6616933638443937 0.034546875 0.12892448512585813
0 0.43277343749999997 0.6414073226544623 0.019609375000000002 0.07004576659038901
0 0.9160546875000002 0.5953089244851258 0.034609375 0.0637070938215103
0 0.9457109375 0.5961098398169337 0.017046875 0.061556064073226543
0 0.2694921875 0.6567048054919908 0.017515625000000003 0.11130434782608696
0 0.51796875 0.6178489702517163 0.7203125 0.08695652173913043
