0 0.4962734375 0.5528103044496487 0.23389062500000002 0.8044964871194379
0 0.366703125 0.45025761124121777 0.1280625 0.5036533957845434
0 0.6801171875 0.39070257611241216 0.11039062500000002 0.4327400468384075
0 0.8713046875 0.34703747072599533 0.09457812500000001 0.27285714285714285
0 0.860015625 0.20765807962529276 0.08353125 0.15489461358313816
0 0.7443515625 0.16407494145199064 0.115484375 0.13334894613583137
0 0.1916171875 0.1720374707259953 0.063078125 0.10918032786885246
0 0.153125 0.28284543325526934 0.07428125000000001 0.22756440281030446
0 0.09686718750000001 0.2820843091334894 0.075609375 0.22955503512880562
0 0.8809843749999999 0.14489461358313815 0.04778125 0.08412177985948478
0 0.34742968750000003 0.1724473067915691 0.042859375000000005 0.11679156908665105
0 0.31233593750000005 0.22996487119437936 0.058171875 0.12611241217798594
0 0.24196875000000004 0.2731381733021077 0.10409375000000001 0.2533957845433255
0 0.50546875 0.16627634660421545 0.9515625000000001 0.32786885245901637
