0 0.36834375 0.3999239130434782 0.10296875000000001 0.3983260869565217
0 0.517359375 0.40843478260869565 0.14128125 0.42665217391304344
0 0.6327656250000001 0.4305869565217391 0.19793750000000002 0.4966086956521739
0 0.8187500000000001 0.3276413043478261 0.02765625 0.10041304347826087
0 0.9125624999999999 0.3393586956521739 0.025750000000000002 0.09963043478260869
0 0.9305937500000001 0.34407608695652175 0.018375 0.08493478260869565
0 0.960375 0.35388043478260867 0.0300625 0.07106521739130435
0 0.30885156250000007 0.34263043478260874 0.06029687500000001 0.24034782608695654
0 0.48659374999999994 0.32981521739130437 0.01959375 0.10376086956521739
0 0.13508593750000003 0.4951847826086957 0.21345312500000002 0.669108695652174
