0 0.8150234375000001 0.7117118997912317 0.22082812500000004 0.281544885177453
0 0.8471484375000001 0.25187891440501037 0.082671875 0.14217118997912315
0 0.76428125 0.2408246346555323 0.06909375 0.12574112734864298
0 0.48062499999999997 0.18109603340292274 0.06509374999999999 0.134258872651357
0 0.43046093750000003 0.173643006263048 0.063734375 0.12177453027139873
0 0.381 0.12606471816283923 0.04415625000000001 0.1940501043841336
0 0.2564765625 0.1490187891440501 0.048296875 0.0987473903966597
0 0.40103125000000006 0.6301983298538621 0.22065625 0.3275782881002087
0 0.5600703125000001 0.19212943632567847 0.08073437500000001 0.15056367432150314
0 0.9726328125000001 0.2822025052192067 0.054734375 0.13438413361169102
0 0.1957890625 0.13474947807933194 0.064796875 0.0991858037578288
0 0.5936875 0.7338413361169103 0.194 0.22693110647181627
0 0.31227343750000003 0.15422755741127347 0.059453124999999996 0.11997912317327765
0 0.9171875 0.27139874739039666 0.10625000000000001 0.14613778705636743
