0 0.8616718749999999 0.5758706467661692 0.037687500000000006 0.11616915422885572
0 0.7982578125 0.5244776119402985 0.030515625000000005 0.09970149253731343
0 0.6542578125 0.48507462686567165 0.022421875 0.07417910447761195
0 0.8566250000000001 0.3665547263681592 0.011250000000000001 0.027935323383084576
0 0.8303046875 0.37850746268656715 0.012296875 0.032189054726368155
0 0.8386328125000001 0.3704975124378109 0.006984375 0.016318407960199004
0 0.8766953125000001 0.3778855721393035 0.012359375 0.022786069651741292
0 0.8679531250000001 0.3669402985074627 0.00959375 0.025671641791044777
0 0.8468515625 0.37710199004975126 0.016046875 0.010124378109452737
0 0.8634453125000001 0.3697636815920398 0.004984375 0.0204726368159204
