0 0.2862997658079625 0.4644765625 0.08084309133489462 0.089890625
0 0.4878454332552693 0.51603125 0.04810304449648712 0.06346875
0 0.4088524590163935 0.49880468750000007 0.04740046838407494 0.11485937500000001
0 0.8528454332552694 0.587265625 0.11088992974238876 0.14525
0 0.7953512880562061 0.5653046875 0.11028103044496487 0.10067187500000002
0 0.4348829039812646 0.507625 0.05135831381733021 0.10043750000000001
0 0.19918032786885245 0.503328125 0.09559718969555035 0.12340625000000001
0 0.08792740046838408 0.5062734375 0.10681498829039812 0.138359375
0 0.8941803278688525 0.48846875 0.049531615925058545 0.04903125
0 0.9133840749414521 0.5367734375 0.048501170960187356 0.032640625
0 0.6465105386416862 0.5931406250000001 0.13236533957845434 0.11128125
0 0.5506440281030445 0.5152890625 0.024473067915690865 0.041671875000000004
0 0.023864168618266977 0.4905390625000001 0.047728337236533955 0.05226562500000001
