0 0.2521015625 0.6457604166666666 0.018046875 0.04152083333333333
0 0.068328125 0.7222395833333334 0.12196875000000001 0.21764583333333332
0 0.4681171875000001 0.6925833333333333 0.089796875 0.15212499999999998
0 0.1707890625 0.6820937499999999 0.023640625000000002 0.035187500000000003
0 0.24794531250000001 0.7098854166666667 0.037296875 0.09452083333333333
0 0.07821875 0.8208125000000001 0.14159375000000002 0.23866666666666667
0 0.29535937500000004 0.8870520833333333 0.1606875 0.22589583333333335
0 0.6978359375000001 0.8385729166666667 0.571484375 0.32285416666666666
0 0.2938046875 0.7257291666666668 0.028609375 0.05379166666666667
0 0.8256171875 0.8080416666666667 0.10826562500000002 0.128875
0 0.3852421875 0.7307708333333333 0.067703125 0.21924999999999997
0 0.21920312500000005 0.6656145833333333 0.025937500000000002 0.0600625
0 0.28975 0.6769166666666666 0.021531250000000002 0.05529166666666666
0 0.49062500000000003 0.7916666666666666 0.9812500000000001 0.4083333333333333
