0 0.38658593750000003 0.49646226415094336 0.498828125 0.978820754716981
0 0.6647421875 0.6722995283018868 0.15667187500000002 0.39412735849056607
0 0.931078125 0.6666627358490564 0.13784375000000001 0.40639150943396224
0 0.6014296875 0.24504716981132071 0.033109375 0.060613207547169805
0 0.08861718750000001 0.21168632075471697 0.092203125 0.14106132075471697
0 0.026859374999999998 0.24984669811320753 0.04775 0.06757075471698112
0 0.14300781250000003 0.03775943396226415 0.127859375 0.0755188679245283
0 0.0572421875 0.03751179245283019 0.067265625 0.07436320754716981
0 0.083859375 0.26560141509433965 0.038875 0.0352122641509434
0 0.7527734375000001 0.20495283018867924 0.108921875 0.14188679245283017
0 0.8058125 0.6683962264150942 0.16646875000000003 0.43523584905660373
0 0.24556250000000004 0.24382075471698111 0.048093750000000005 0.0782075471698113
