0 0.4295 0.6040654205607476 0.09412500000000001 0.5769158878504672
0 0.541234375 0.5218691588785047 0.042625 0.39084112149532707
0 0.8450703125000001 0.5967289719626168 0.093890625 0.6130841121495326
0 0.09518750000000001 0.5490887850467289 0.03325 0.42537383177570093
0 0.7673046875 0.5520093457943924 0.053296875 0.43383177570093456
0 0.853921875 0.44693925233644854 0.015187500000000001 0.1589252336448598
0 0.8859921875 0.5304205607476635 0.039609375 0.4028971962616822
0 0.1974921875 0.5280373831775701 0.043984375 0.39037383177570095
0 0.045414062500000005 0.5925934579439252 0.08917187500000001 0.5678971962616822
0 0.11653906250000001 0.43712616822429906 0.016890625000000003 0.1655607476635514
0 0.40026562500000007 0.4370794392523364 0.01575 0.1517289719626168
0 0.73646875 0.44308411214953264 0.020375 0.15990654205607474
0 0.5160859375000001 0.4400233644859812 0.016359375000000002 0.16079439252336447
0 0.43046875 0.4252336448598131 0.7578125 0.205607476635514
