0 0.8544765625 0.5089915966386555 0.144578125 0.5820168067226891
0 0.8304921875 0.19733193277310926 0.031015625000000005 0.09911764705882352
0 0.4347734375 0.47978991596638654 0.031578125000000005 0.1264705882352941
0 0.789578125 0.2289705882352941 0.03515625 0.14331932773109243
0 0.7736328125 0.239390756302521 0.012890625000000001 0.16281512605042017
0 0.7605546875 0.23247899159663865 0.018546875 0.16327731092436973
0 0.039953125000000006 0.46205882352941174 0.022218750000000002 0.07882352941176471
0 0.130625 0.39203781512605046 0.13012500000000002 0.43676470588235294
0 0.05384375 0.40310924369747897 0.01371875 0.04697478991596638
0 0.39778125000000003 0.29775210084033615 0.1604375 0.36626050420168066
0 0.6368515625 0.3873109243697479 0.17029687500000001 0.5152941176470588
0 0.0166328125 0.4158193277310924 0.009578125 0.026260504201680673
0 0.15552343750000003 0.4083823529411764 0.020390625000000002 0.08130252100840336
0 0.5 0.3361344537815126 0.9968750000000001 0.6722689075630252
