0 0.616639344262295 0.1585703125 0.06892271662763466 0.069390625
0 0.02741217798594848 0.22351562500000002 0.05482435597189696 0.12253125000000001
0 0.29806791569086655 0.1637734375 0.04325526932084309 0.060390625
0 0.7092622950819671 0.147296875 0.037587822014051524 0.048593750000000005
0 0.7550000000000001 0.14582031250000002 0.05988290398126464 0.059171875
0 0.8374941451990632 0.16515625 0.04285714285714286 0.09971875000000001
0 0.18065573770491802 0.16910156250000002 0.028852459016393443 0.038515625
0 0.19214285714285712 0.168 0.01496487119437939 0.0365625
0 0.21679156908665104 0.17696875 0.04449648711943794 0.08065625
0 0.7835714285714287 0.1537265625 0.01927400468384075 0.061546875
0 0.6602927400468384 0.146328125 0.024332552693208432 0.022406250000000003
0 0.4434074941451991 0.1491171875 0.017540983606557377 0.023140625
