0 0.4823515625000001 0.389941037735849 0.125484375 0.3396933962264151
0 0.6054453125000001 0.2654245283018868 0.035515625 0.2078301886792453
0 0.6614765625000001 0.25772405660377357 0.039359375 0.1458254716981132
0 0.77384375 0.2664858490566038 0.03575 0.12617924528301885
0 0.8642109375000001 0.24974056603773584 0.044734375 0.12188679245283018
0 0.6960859375 0.269127358490566 0.029609375 0.12773584905660376
0 0.8256953125000002 0.24523584905660378 0.039359375 0.16650943396226414
0 0.9081093750000001 0.2679127358490566 0.042 0.11492924528301886
0 0.8928671875000002 0.2623820754716981 0.040921875 0.11957547169811321
0 0.16964843750000003 0.29922169811320753 0.025640625 0.09764150943396226
0 0.10123437500000002 0.26067216981132074 0.03275 0.09889150943396226
0 0.1347890625 0.29724056603773585 0.03673437500000001 0.10165094339622642
0 0.0465625 0.28218160377358487 0.039156250000000004 0.14393867924528303
0 0.28359375000000003 0.4669811320754717 0.5671875000000001 0.5188679245283019
