0 0.4677634660421546 0.5416171875 0.04067915690866511 0.07582812500000001
0 0.5718266978922716 0.551921875 0.0492271662763466 0.081125
0 0.060339578454332556 0.4882109375000001 0.0363231850117096 0.061640625000000004
0 0.8150936768149883 0.5505625000000001 0.053887587822014055 0.06740625
0 0.4868735362997658 0.5888203125000001 0.06508196721311475 0.056203125
0 0.46936768149882907 0.4187890625 0.020608899297423888 0.016984375
0 0.947599531615925 0.5434140625 0.09618266978922717 0.10426562500000001
0 0.9281498829039814 0.46022656250000005 0.0414519906323185 0.046265625000000005
0 0.9862177985948478 0.44944531249999997 0.025784543325526932 0.033390625
0 0.09413348946135831 0.49811718750000006 0.04925058548009368 0.041828125
0 0.030339578454332553 0.5749765625000001 0.06007025761124121 0.048203125000000006
0 0.44995316159250587 0.4011328125 0.013817330210772834 0.015421875
0 0.9428922716627635 0.443171875 0.026252927400468386 0.024031250000000004
0 0.5128805620608899 0.44843750000000004 0.9695550351288056 0.275
