0 0.4018046875 0.5842355371900826 0.107796875 0.38446280991735543
0 0.2708203125 0.6044731404958678 0.075578125 0.34121900826446283
0 0.73840625 0.5696694214876034 0.062875 0.33033057851239667
0 0.5934843750000001 0.575 0.07396875000000001 0.2764876033057851
0 0.527796875 0.5736673553719009 0.06281250000000001 0.2740702479338843
0 0.48866406250000005 0.5737603305785124 0.05226562500000001 0.2947520661157025
0 0.32400000000000007 0.5787706611570248 0.06890625 0.2805578512396694
0 0.7441796875000001 0.36696280991735536 0.067296875 0.19516528925619833
0 0.47096093750000007 0.3227272727272727 0.10529687500000001 0.1578099173553719
0 0.4591640625 0.5830268595041322 0.048046875 0.2807231404958678
0 0.7046406250000001 0.29039256198347113 0.03078125 0.054256198347107445
0 0.4513125 0.5302685950413223 0.022906250000000003 0.1547107438016529
