0 0.49373437500000006 0.7516935483870968 0.14934375 0.4516820276497696
0 0.3781015625 0.7529493087557604 0.07960937500000001 0.4166820276497696
0 0.5987578125 0.7256797235023041 0.064796875 0.35684331797235025
0 0.9128515625000001 0.7842396313364055 0.092796875 0.43152073732718893
0 0.3319375 0.6780069124423963 0.05615625 0.3688709677419355
0 0.9648125000000001 0.8354608294930876 0.07037500000000001 0.3290783410138249
0 0.11200000000000002 0.6278456221198156 0.06453125 0.11306451612903226
0 0.5533203125 0.6156221198156682 0.049890625 0.18520737327188938
0 0.4289921875 0.6201036866359447 0.031953125 0.1811290322580645
0 0.280859375 0.5690552995391706 0.0579375 0.10285714285714286
0 0.5814453125 0.5653225806451614 0.032703125 0.1397695852534562
0 0.44460156250000005 0.7323732718894009 0.06929687500000001 0.4210599078341014
0 0.619453125 0.6217396313364055 0.033281250000000005 0.21997695852534563
