0 0.34580468750000004 0.5299651972157773 0.494859375 0.8539443155452436
0 0.7362421875000001 0.2179814385150812 0.140734375 0.4359628770301624
0 0.40664062500000003 0.16990719257540604 0.04650000000000001 0.10519721577726218
0 0.37115625 0.16776102088167055 0.08271875000000001 0.14494199535962876
0 0.27496875 0.1999767981438515 0.0886875 0.19331786542923432
0 0.2237734375 0.20525522041763342 0.08214062500000001 0.19552204176334104
0 0.5476562500000001 0.11419953596287702 0.031468750000000004 0.17865429234338748
0 0.041015625 0.06973317865429234 0.08203125 0.13946635730858467
0 0.049242187500000006 0.036125290023201855 0.038671875 0.056009280742459394
0 0.46807031250000003 0.08618329466357308 0.042703125 0.04252900232018561
0 0.31882031250000004 0.19533642691415312 0.074078125 0.18988399071925754
0 0.5845312500000001 0.12653132250580046 0.04296875 0.17241299303944316
