0 0.2794607843137255 0.40139705882352944 0.015947712418300654 0.026127450980392156
0 0.3199591503267974 0.39418300653594773 0.021552287581699345 0.041143790849673206
0 0.3442238562091503 0.400359477124183 0.023415032679738563 0.03320261437908497
0 0.21223039215686273 0.3856290849673203 0.050277777777777775 0.04625816993464052
0 0.09426470588235294 0.4158660130718954 0.03254901960784314 0.03882352941176471
0 0.9571486928104577 0.3772385620915033 0.019035947712418302 0.0742156862745098
0 0.5191176470588236 0.6391584967320262 0.12022875816993464 0.06367647058823529
0 0.4349673202614379 0.5937663398692811 0.1737254901960784 0.03959150326797386
0 0.5655555555555556 0.5185294117647059 0.11715686274509805 0.022124183006535948
0 0.21768790849673203 0.49107026143790844 0.06263071895424836 0.029428104575163403
0 0.7586764705882352 0.6365114379084967 0.06362745098039216 0.03200980392156863
0 0.8864705882352941 0.6264787581699347 0.10941176470588235 0.042205882352941176
0 0.2979820261437909 0.3852287581699346 0.01272875816993464 0.023300653594771244
0 0.5841503267973857 0.5269607843137255 0.7794117647058824 0.2696078431372549
