0 0.58896875 0.4843125 0.11699999999999999 0.4655416666666667
0 0.0373203125 0.3015 0.040921875 0.06479166666666666
0 0.42056250000000006 0.3333333333333333 0.05959375 0.09404166666666666
0 0.141203125 0.31177083333333333 0.03759375 0.03966666666666666
0 0.165921875 0.31124999999999997 0.028625 0.042625
0 0.188890625 0.2972083333333333 0.035125 0.06895833333333333
0 0.2920625 0.3202708333333333 0.06096875000000001 0.07425
0 0.319125 0.30676041666666665 0.04153125 0.08677083333333332
0 0.3492890625 0.3240416666666667 0.045546875 0.06425
0 0.839328125 0.3489479166666667 0.04646875 0.03935416666666667
0 0.8862734375000001 0.3416666666666667 0.044140625 0.0475
0 0.0830546875 0.2963229166666667 0.037640625000000004 0.06693750000000001
0 0.6558125000000001 0.3353854166666667 0.046875 0.07185416666666666
