0 0.4614531250000001 0.6179694835680751 0.0673125 0.3101173708920188
0 0.38286718750000004 0.6372417840375586 0.135515625 0.29307511737089204
0 0.5384453125 0.5605985915492958 0.084203125 0.15199530516431925
0 0.7605 0.7390258215962441 0.19790625 0.38678403755868546
0 0.7973281249999999 0.6035915492957746 0.1121875 0.20079812206572772
0 0.8625937500000002 0.5927464788732394 0.07715625000000001 0.19352112676056338
0 0.51928125 0.7840727699530518 0.1361875 0.29800469483568076
0 0.18548437500000003 0.7131103286384975 0.22137500000000002 0.4741549295774648
0 0.24815625 0.578650234741784 0.11612499999999999 0.18471830985915494
0 0.2659921875 0.6279225352112676 0.108421875 0.22758215962441317
0 0.6469765625 0.630950704225352 0.111453125 0.2857511737089202
