0 0.6619375000000001 0.6719086651053864 0.21140625000000002 0.6247072599531616
0 0.7503984375 0.7067330210772833 0.08245312500000002 0.5595550351288057
0 0.83925 0.5795316159250585 0.04440625000000001 0.27976580796252926
0 0.31348437500000004 0.7191803278688524 0.17659375 0.5505854800936768
0 0.1341875 0.6348243559718969 0.268375 0.7078688524590163
0 0.9459296875000002 0.5305971896955504 0.06035937500000001 0.2025526932084309
0 0.5664921875000001 0.6198711943793911 0.069265625 0.22185011709601873
0 0.9036484375000001 0.5000702576112412 0.039671875 0.13185011709601874
0 0.7964687500000001 0.5461007025761124 0.0418125 0.17543325526932083
0 0.8089375000000001 0.4575995316159251 0.032 0.0856440281030445
0 0.4452421875 0.7486065573770491 0.145046875 0.5027868852459016
0 0.584875 0.8584309133489461 0.064125 0.2571428571428571
