0 0.013164062500000002 0.7803629976580797 0.026328125000000004 0.14447306791569087
0 0.0411171875 0.7858548009367682 0.035265625 0.14608899297423888
0 0.086078125 0.7801405152224824 0.021843750000000002 0.12004683840749414
0 0.1291328125 0.7549648711943794 0.033109375 0.12655737704918033
0 0.2162734375 0.7516042154566743 0.018484375 0.10142857142857144
0 0.38121875000000005 0.7906908665105387 0.0425625 0.16381733021077283
0 0.40966406250000004 0.763864168618267 0.036921875 0.12388758782201405
0 0.4466640625 0.7516627634660421 0.017140625000000003 0.09367681498829039
0 0.1563046875 0.7732084309133489 0.037359375 0.14903981264637003
0 0.0586953125 0.7562763466042155 0.029265625000000003 0.10772833723653395
0 0.33827343750000005 0.7623770491803279 0.010734375 0.0652224824355972
0 0.19313281250000003 0.7949414519906323 0.037046875 0.16327868852459015
0 0.7401093750000001 0.764519906323185 0.0339375 0.13911007025761124
0 0.5234375 0.752927400468384 0.9500000000000001 0.27400468384074944
