0 0.1789765625 0.46776 0.122484375 0.17936000000000002
0 0.530609375 0.48734 0.11903125000000002 0.25964
0 0.40182812500000004 0.43545 0.0955625 0.12825999999999999
0 0.34834375 0.42532 0.04653125 0.105
0 0.047625 0.46121999999999996 0.0491875 0.19216
0 0.8247890625000001 0.41338 0.054703125 0.10432
0 0.8699218750000001 0.41591000000000006 0.1025625 0.11073999999999999
0 0.6886406250000001 0.46527 0.056031250000000005 0.21382
0 0.0888671875 0.41070999999999996 0.044359375000000006 0.07937999999999999
0 0.7545703125000001 0.38782000000000005 0.059796875000000006 0.08320000000000001
0 0.10928125 0.40637 0.037125000000000005 0.09206
0 0.4813828125 0.39368000000000003 0.045578125000000004 0.09324
0 0.1331171875 0.39792999999999995 0.049984375 0.1063
0 0.5953125 0.41000000000000003 0.80625 0.136
