0 0.818265625 0.7531381733021077 0.32784375 0.48960187353629975
0 0.6533359375000001 0.8693091334894614 0.046078125 0.26138173302107726
0 0.930328125 0.8259953161592506 0.09228125000000001 0.21615925058548008
0 0.40504687500000003 0.8894028103044497 0.12603125 0.2211943793911007
0 0.1311875 0.8011241217798595 0.22040625000000003 0.37526932084309134
0 0.23064843750000003 0.8300351288056206 0.07232812500000001 0.2800702576112412
0 0.612546875 0.8150702576112413 0.0281875 0.06484777517564404
0 0.46421875000000007 0.8768501170960187 0.08281250000000001 0.24629976580796253
0 0.49673437500000006 0.8723653395784543 0.084875 0.25526932084309134
0 0.6237109375000001 0.8741569086651053 0.041984375000000004 0.24718969555035128
0 0.07571875 0.806744730679157 0.1484375 0.36402810304449645
0 0.3057265625 0.890807962529274 0.028265625000000003 0.10334894613583138
0 0.32945312500000007 0.8955737704918032 0.09840625 0.20885245901639346
0 0.58125 0.8501170960187353 0.8343750000000001 0.29508196721311475
