0 0.5951401869158878 0.6765546875 0.1788317757009346 0.17254687500000002
0 0.5951285046728971 0.5406562500000001 0.08282710280373831 0.07828125000000001
0 0.6034696261682242 0.5816875 0.08773364485981307 0.06859375
0 0.5212616822429906 0.552078125 0.09518691588785047 0.0840625
0 0.48093457943925233 0.5128125 0.04448598130841121 0.05759375
0 0.42878504672897194 0.532515625 0.0808878504672897 0.08553125
0 0.3714252336448598 0.603515625 0.08771028037383177 0.12871875
0 0.5461565420560747 0.5344609375 0.05978971962616822 0.078296875
0 0.3561915887850467 0.48989062499999997 0.10752336448598131 0.15731250000000002
0 0.6769275700934579 0.602875 0.12516355140186916 0.14040625
0 0.7619626168224298 0.6603125000000001 0.1742056074766355 0.19784375
0 0.3036098130841121 0.49453125000000003 0.06264018691588784 0.15481250000000002
0 0.3337266355140186 0.649609375 0.17320093457943922 0.18440625
0 0.5841121495327103 0.5515625000000001 0.32242990654205606 0.140625
