0 0.14735 0.5667655367231638 0.011779999999999999 0.03935028248587571
0 0.66685 0.6336723163841808 0.02102 0.1296045197740113
0 0.73027 0.6449435028248588 0.02546 0.13033898305084746
0 0.40579999999999994 0.6090536723163842 0.020800000000000003 0.11087570621468927
0 0.4887 0.5710028248587571 0.012480000000000002 0.022796610169491527
0 0.69038 0.6371468926553673 0.01868 0.11282485875706214
0 0.7058800000000001 0.6259745762711865 0.0238 0.12132768361581922
0 0.75925 0.61545197740113 0.01874 0.10067796610169491
0 0.44974000000000003 0.6019632768361581 0.02196 0.09228813559322034
0 0.43311 0.5977966101694915 0.01638 0.0955367231638418
0 0.42334999999999995 0.603954802259887 0.01642 0.08305084745762711
0 0.1058 0.5554661016949153 0.0296 0.08008474576271186
0 0.38977 0.5976977401129944 0.01514 0.07324858757062147
0 0.427 0.5988700564971752 0.622 0.1581920903954802
