0 0.7406484375000001 0.3877166276346604 0.197984375 0.3185245901639344
0 0.492328125 0.23414519906323183 0.15628125 0.40327868852459015
0 0.9483046875 0.3303395784543326 0.09145312500000001 0.6247072599531616
0 0.326453125 0.17862997658079627 0.09753125000000001 0.19014051522248243
0 0.8587734375 0.08896955503512881 0.076640625 0.17793911007025762
0 0.1284765625 0.2027049180327869 0.112703125 0.2589929742388759
0 0.23827343750000002 0.18953161592505857 0.08804687500000001 0.23569086651053864
0 0.16921093750000002 0.7669789227166276 0.19220312500000003 0.46140515222482437
0 0.2664296875 0.7324355971896955 0.335171875 0.5326932084309134
0 0.3528046875 0.09962529274004683 0.096328125 0.19925058548009367
0 0.0283203125 0.180152224824356 0.056640625 0.2263466042154567
0 0.67934375 0.2903747072599532 0.28146875 0.5781264637002342
0 0.15813281250000003 0.11982435597189697 0.04245312500000001 0.08733021077283372
0 0.48281250000000003 0.2775175644028103 0.9 0.5550351288056206
