0 0.322640625 0.6987045454545453 0.06940625 0.19418181818181818
0 0.18165625000000002 0.7161590909090909 0.0191875 0.08327272727272728
0 0.11313281250000001 0.7107840909090909 0.034234375000000004 0.1285681818181818
0 0.2235625 0.7118636363636364 0.0625 0.1729090909090909
0 0.017765625 0.715125 0.03553125 0.18120454545454545
0 0.12925781249999999 0.709215909090909 0.023015625 0.1308409090909091
0 0.36460156250000003 0.5569204545454546 0.013734375 0.06456818181818182
0 0.34053125 0.5566249999999999 0.014000000000000002 0.061340909090909085
0 0.3120703125 0.5852954545454546 0.024921875 0.05927272727272727
0 0.5691406250000001 0.5545340909090909 0.014656250000000003 0.047113636363636364
0 0.48941406249999997 0.5777613636363635 0.021703125000000004 0.06170454545454545
0 0.27664062500000003 0.6014886363636363 0.01775 0.026477272727272728
0 0.6844921875000001 0.5977386363636363 0.013578125 0.036750000000000005
0 0.30781250000000004 0.5806818181818182 0.40937500000000004 0.15227272727272725
