0 0.5610078125 0.5316875 0.30085937500000004 0.7010000000000001
0 0.8773203125000001 0.28575 0.11701562500000001 0.4257916666666666
0 0.6835546875 0.3225104166666667 0.133703125 0.3853958333333333
0 0.1221953125 0.6584270833333333 0.241015625 0.38202083333333337
0 0.1055390625 0.3115104166666667 0.137203125 0.4233541666666667
0 0.0233671875 0.3349270833333333 0.046734375 0.3558125
0 0.5809140625 0.16378125000000002 0.12482812500000001 0.16897916666666665
0 0.9711796875000002 0.2911770833333333 0.057640625 0.4164791666666667
0 0.8058359375 0.3851979166666667 0.055359375 0.23852083333333332
0 0.314921875 0.29046875 0.10978125000000001 0.4531875
0 0.3262109375 0.44027083333333333 0.145015625 0.15633333333333335
