0 0.31143750000000003 0.5209660574412532 0.018375 0.03242819843342037
0 0.305734375 0.5483028720626631 0.008125 0.02412532637075718
0 0.758421875 0.5539164490861618 0.00965625 0.04005221932114882
0 0.8874375000000001 0.5632245430809399 0.0135625 0.04577023498694517
0 0.40112499999999995 0.5275718015665797 0.007875 0.03409921671018277
0 0.3347421875 0.5204177545691906 0.007453125 0.022819843342036555
0 0.37577343750000003 0.5167362924281984 0.011234375000000001 0.030757180156657963
0 0.5714765625 0.545443864229765 0.007546875000000001 0.03804177545691906
0 0.25934375000000004 0.533733681462141 0.01490625 0.03154046997389034
0 0.741125 0.5582506527415143 0.009375000000000001 0.034673629242819845
0 0.56196875 0.5457310704960836 0.007531250000000001 0.04206266318537859
0 0.3214921875000001 0.5204308093994778 0.006109375 0.02681462140992167
0 0.6331015625 0.5488511749347259 0.006109375 0.023342036553524802
0 0.41718750000000004 0.5300261096605744 0.690625 0.11488250652741515
