0 0.37519 0.4694144144144144 0.04522 0.137987987987988
0 0.41945000000000005 0.5007507507507507 0.03946 0.1526126126126126
0 0.47687 0.43683183183183183 0.06534000000000001 0.11702702702702703
0 0.9226900000000001 0.5616516516516517 0.05274 0.25165165165165165
0 0.94901 0.4804954954954955 0.029660000000000002 0.09978978978978978
0 0.98665 0.5831831831831832 0.0267 0.2511111111111111
0 0.82347 0.4669219219219219 0.02322 0.06855855855855855
0 0.96038 0.5840990990990991 0.03 0.16063063063063063
0 0.32435 0.5074774774774775 0.0615 0.16612612612612612
0 0.26115 0.4850600600600601 0.04986 0.13168168168168168
0 0.12005000000000002 0.4486486486486487 0.02102 0.08066066066066066
0 0.88875 0.556981981981982 0.0391 0.24747747747747748
0 0.84406 0.4833183183183184 0.02272 0.08513513513513514
0 0.494 0.46546546546546547 0.988 0.16216216216216217
