0 0.2564765625 0.9073854166666667 0.203734375 0.07785416666666665
0 0.7244375000000001 0.7336979166666667 0.137625 0.0914375
0 0.36136718749999996 0.7478541666666667 0.050921875000000005 0.13325
0 0.486609375 0.6586041666666667 0.025437500000000002 0.114875
0 0.5114453125 0.6554166666666668 0.024609375000000003 0.096625
0 0.9835156249999999 0.6122500000000001 0.032968750000000005 0.04441666666666667
0 0.5659375 0.6773854166666666 0.05762500000000001 0.027687499999999997
0 0.7867109375000001 0.6363541666666667 0.053234375 0.017041666666666667
0 0.0233046875 0.950625 0.045765625000000004 0.09874999999999999
0 0.012484375 0.7870520833333332 0.0241875 0.1135625
0 0.18733593750000002 0.6966354166666666 0.016234375000000002 0.039562499999999994
0 0.3973203125 0.7225104166666667 0.032703125 0.03164583333333333
0 0.2166015625 0.66625 0.012453125 0.042333333333333334
0 0.52578125 0.6666666666666666 0.8390625 0.225
