0 0.39656250000000004 0.6670374707259954 0.22040625000000003 0.6426932084309134
0 0.5303828125 0.7278103044496487 0.096671875 0.35768149882903977
0 0.6807500000000001 0.4796252927400468 0.07671875 0.29555035128805623
0 0.8416718750000002 0.5134543325526932 0.09300000000000001 0.15946135831381733
0 0.908953125 0.6146604215456674 0.18209375000000003 0.5573302107728337
0 0.0263984375 0.6037470725995316 0.052796875 0.4735831381733021
0 0.053117187499999996 0.6194496487119437 0.030671875 0.241615925058548
0 0.568578125 0.5604918032786885 0.0414375 0.14421545667447305
0 0.6206406250000001 0.7118852459016394 0.1165625 0.4336065573770492
0 0.7452265625000001 0.5476463700234192 0.086890625 0.23028103044496487
