0 0.43806 0.4920933333333333 0.6306 0.9841866666666667
0 0.77201 0.24097333333333334 0.30474 0.42888000000000004
0 0.8792099999999999 0.5514266666666667 0.24158000000000002 0.8966133333333334
0 0.15082 0.08557333333333333 0.09868 0.17114666666666667
0 0.24905 0.06929333333333333 0.03182 0.12487999999999999
0 0.29308 0.25788 0.1402 0.5067466666666667
0 0.63061 0.05426666666666667 0.06626000000000001 0.10853333333333334
0 0.9030400000000001 0.13178666666666666 0.08444 0.2632
0 0.20589999999999997 0.051866666666666665 0.04352 0.10373333333333333
0 0.03163 0.06973333333333333 0.06326 0.13946666666666666
