0 0.4515859375 0.9086651053864169 0.066265625 0.17789227166276345
0 0.36014843750000003 0.8489812646370024 0.020484375 0.05084309133489462
0 0.1553359375 0.8185245901639344 0.019046875 0.040093676814988294
0 0.046664062500000006 0.838231850117096 0.049296875000000004 0.20339578454332552
0 0.773890625 0.8734660421545668 0.06584375 0.2530679156908665
0 0.69471875 0.7508899297423888 0.055531250000000004 0.09002341920374707
0 0.574625 0.8496370023419204 0.02953125 0.0905152224824356
0 0.590046875 0.8174121779859485 0.01434375 0.03430913348946136
0 0.609640625 0.8447072599531615 0.032718750000000005 0.09550351288056207
0 0.507359375 0.8678805620608899 0.04671875 0.12592505854800937
0 0.534578125 0.8307845433255268 0.0291875 0.06161592505854801
0 0.2110390625 0.8497306791569086 0.067703125 0.10185011709601874
0 0.0965625 0.8112529274004685 0.0104375 0.04241217798594848
0 0.50390625 0.8688524590163934 0.9890625000000001 0.2576112412177986
