0 0.21437499999999998 0.7928891509433962 0.09528125 0.3280896226415094
0 0.15203125 0.8201886792452829 0.06465625000000001 0.29377358490566036
0 0.09469531250000002 0.8256721698113206 0.088734375 0.3284669811320755
0 0.36721875 0.7578419811320755 0.11987500000000001 0.20639150943396226
0 0.30759375000000005 0.7696226415094339 0.05571875 0.2121698113207547
0 0.5110078125 0.7411084905660378 0.074734375 0.18900943396226413
0 0.46412500000000007 0.7562735849056603 0.04446875 0.18971698113207547
0 0.6223437500000001 0.7675117924528302 0.03740625 0.2205424528301887
0 0.6521171875 0.7624764150943396 0.044578125 0.21254716981132077
0 0.4904453125 0.7069221698113207 0.018984375 0.04516509433962264
0 0.41631250000000003 0.7446933962264151 0.031281250000000003 0.09636792452830188
0 0.5940156249999999 0.7589858490566037 0.03871875 0.13707547169811318
0 0.7319765625000001 0.7741391509433962 0.039203125000000005 0.2002122641509434
0 0.446875 0.7783018867924528 0.875 0.2783018867924528
