0 0.6553046875 0.15936458333333334 0.022328125 0.05927083333333333
0 0.6835390625000001 0.14031249999999998 0.017484375 0.022166666666666668
0 0.7610703125000001 0.14488541666666666 0.017296875 0.05202083333333333
0 0.09650000000000002 0.17663541666666666 0.07787500000000001 0.3498958333333333
0 0.9320234375 0.12134374999999999 0.07079687500000001 0.22022916666666664
0 0.07042187500000001 0.18292708333333335 0.06146875000000001 0.2740208333333333
0 0.4760859375 0.13268749999999999 0.096609375 0.26537499999999997
0 0.9847734375 0.04721875 0.028484375000000003 0.08847916666666666
0 0.9552343750000001 0.1835625 0.08953125 0.15991666666666668
0 0.7112109375000001 0.15110416666666668 0.040765625 0.059666666666666666
0 0.675 0.19166666666666665 0.05625 0.07916666666666666
