0 0.6178046875000001 0.31585280373831776 0.056640625 0.10983644859813083
0 0.5755312499999999 0.3173364485981308 0.047468750000000004 0.0908411214953271
0 0.4118359375 0.5288200934579439 0.087859375 0.13212616822429904
0 0.5246328125 0.32123831775700934 0.055984375 0.06897196261682242
0 0.6156640625 0.5686331775700935 0.029421875 0.08207943925233645
0 0.5696562500000001 0.5919042056074766 0.07221875 0.05469626168224299
0 0.49783593750000005 0.569357476635514 0.064296875 0.12521028037383178
0 0.5016171875 0.32042056074766356 0.036609375 0.0569626168224299
0 0.5500468749999999 0.3099415887850467 0.02096875 0.032453271028037384
0 0.6383984375 0.587570093457944 0.038453125000000005 0.07995327102803737
0 0.6407812500000001 0.5602453271028037 0.028625 0.07535046728971961
0 0.646 0.3465420560747664 0.013406250000000001 0.04009345794392523
