0 0.8122109375 0.5786556169429099 0.282171875 0.6314548802946593
0 0.9336562500000002 0.3076519337016575 0.12953125000000001 0.1287476979742173
0 0.1506171875 0.5887661141804789 0.282171875 0.7685451197053407
0 0.6748046875 0.3029926335174954 0.123515625 0.12650092081031308
0 0.26120312500000004 0.45505524861878455 0.16396875 0.528084714548803
0 0.3907109375 0.12936464088397792 0.083390625 0.10149171270718232
0 0.12180468750000001 0.2116206261510129 0.136265625 0.2209208103130755
0 0.8716953125 0.28569981583793735 0.063671875 0.1178084714548803
0 0.7143046875000001 0.27746777163904235 0.05857812500000001 0.11615101289134439
0 0.9595859375 0.11682320441988951 0.080828125 0.12767955801104972
0 0.20475781250000002 0.11877532228360958 0.089015625 0.10819521178637201
0 0.5190078124999999 0.5147053406998159 0.380484375 0.48451197053406997
0 0.45837500000000003 0.17921731123388582 0.90353125 0.35843462246777164
0 0.5265625 0.30478821362799263 0.53125 0.13443830570902396
