0 0.7210703125 0.3632916666666667 0.015484375000000002 0.030333333333333334
0 0.5021484375 0.3718333333333333 0.029359375 0.09154166666666666
0 0.5936171875 0.3679583333333333 0.021046875000000003 0.05304166666666667
0 0.6935703125 0.35392708333333334 0.016640625000000003 0.03735416666666667
0 0.0455703125 0.3708645833333333 0.034171875000000004 0.13243749999999999
0 0.0789609375 0.39035416666666667 0.027328124999999998 0.14245833333333333
0 0.32875000000000004 0.35359375 0.030937500000000003 0.11135416666666667
0 0.41469531249999997 0.39032291666666663 0.084953125 0.2171875
0 0.288421875 0.35772916666666665 0.03840625 0.13120833333333332
0 0.9484218750000001 0.39258333333333334 0.0159375 0.060708333333333336
