0 0.5456328125 0.056645833333333326 0.033015625 0.06749999999999999
0 0.6260468750000001 0.11031250000000001 0.0675 0.21870833333333334
0 0.48414843750000003 0.08360416666666667 0.089359375 0.16720833333333335
0 0.2587109375 0.04494791666666667 0.05560937500000001 0.08539583333333334
0 0.8939609375 0.035854166666666666 0.054328125000000005 0.07170833333333333
0 0.7112343750000001 0.10561458333333333 0.07415625 0.21122916666666666
0 0.3757421875 0.056499999999999995 0.090796875 0.11245833333333333
0 0.570484375 0.08577083333333334 0.05953125000000001 0.17154166666666668
0 0.037078124999999997 0.14044791666666664 0.07078125 0.17752083333333332
0 0.9674453125000002 0.32825 0.06510937500000001 0.360375
0 0.32571875000000006 0.05698958333333334 0.05896875000000001 0.11397916666666667
