0 0.38652224824355974 0.8198203125000001 0.4489695550351288 0.340078125
0 0.05289227166276347 0.8656015624999999 0.010140515222482436 0.008765625
0 0.5916627634660422 0.923296875 0.014426229508196721 0.01728125
0 0.6117447306791568 0.929859375 0.01613583138173302 0.01459375
0 0.6301639344262294 0.935765625 0.013302107728337237 0.02284375
0 0.7255737704918033 0.95928125 0.013817330210772834 0.01190625
0 0.8656206088992975 0.9810546875 0.017049180327868854 0.019078125
0 0.9694262295081968 0.9869765625 0.016557377049180328 0.022640625
0 0.8141920374707261 0.95809375 0.013676814988290398 0.011437500000000001
0 0.8310538641686183 0.9618515625000001 0.00955503512880562 0.015078125000000001
0 0.9329859484777518 0.9823203125000002 0.014215456674473069 0.012859375000000001
0 0.6607845433255268 0.9343125000000001 0.0202576112412178 0.013656250000000002
