0 0.915086393088553 0.4146796875 0.16714902807775378 0.246828125
0 0.7576241900647948 0.42565625000000007 0.2014686825053996 0.23768750000000002
0 0.7131209503239742 0.3487890625000001 0.05967602591792657 0.063921875
0 0.28292656587473003 0.32040625 0.07794816414686827 0.077625
0 0.6781857451403888 0.373609375 0.0813390928725702 0.057375
0 0.5016630669546436 0.511234375 0.38829373650107996 0.9056250000000001
0 0.3989308855291577 0.3493671875 0.08913606911447085 0.125609375
0 0.296511879049676 0.43665624999999997 0.09496760259179265 0.1526875
0 0.3309611231101512 0.359984375 0.08170626349892009 0.10965625000000001
0 0.8390280777537799 0.34966406250000004 0.059913606911447086 0.055421875
