0 0.6983750000000001 0.5056216931216931 0.16493750000000001 0.5810846560846561
0 0.5908046874999999 0.4534126984126984 0.055734375 0.3117460317460317
0 0.089484375 0.5210714285714285 0.05825 0.15484126984126984
0 0.4644765625 0.4763888888888889 0.064078125 0.16066137566137564
0 0.27564062500000003 0.4350661375661375 0.050687499999999996 0.10584656084656084
0 0.29471093750000005 0.414047619047619 0.020796875000000003 0.06587301587301586
0 0.40790625 0.47338624338624335 0.06834375000000001 0.19005291005291006
0 0.5078359375 0.493015873015873 0.047671875 0.13603174603174603
0 0.6256484375000001 0.4650793650793651 0.028078125 0.16666666666666666
0 0.23122656249999998 0.48145502645502647 0.065359375 0.2213227513227513
0 0.5276953125 0.47906084656084647 0.034140625 0.15796296296296294
0 0.0308515625 0.5419179894179894 0.060796875 0.15097883597883596
0 0.33734375000000005 0.6355291005291005 0.15890625000000003 0.4678306878306878
0 0.32734375000000004 0.4656084656084656 0.4890625 0.1746031746031746
