0 0.502890625 0.718075117370892 0.08709375000000001 0.32300469483568073
0 0.35611718750000004 0.5709389671361503 0.07973437500000001 0.34572769953051646
0 0.191203125 0.5464671361502347 0.085125 0.3239671361502347
0 0.263640625 0.45591549295774647 0.04565625 0.17272300469483567
0 0.5539375000000001 0.49212441314553995 0.04346875 0.13514084507042254
0 0.6946875 0.48357981220657276 0.035812500000000004 0.1330281690140845
0 0.0210859375 0.43645539906103287 0.042171875 0.12816901408450704
0 0.12589843750000002 0.45805164319248826 0.044578125 0.14455399061032864
0 0.49550000000000005 0.48660798122065724 0.0600625 0.16434272300469485
0 0.0668828125 0.4460446009389672 0.038921875 0.13330985915492957
0 0.4233203125 0.4808333333333333 0.023390625 0.12476525821596245
0 0.4674296875000001 0.44956572769953057 0.046671875 0.09166666666666666
0 0.75396875 0.4760680751173709 0.021718750000000002 0.028333333333333335
