0 0.27965625 0.45969791666666665 0.014374999999999999 0.0663125
0 0.2510703125 0.528125 0.07392187500000001 0.28408333333333335
0 0.16459375 0.6183333333333334 0.08896875 0.4507083333333333
0 0.036914062500000004 0.6124479166666668 0.07382812500000001 0.44964583333333336
0 0.06796875000000001 0.5399791666666667 0.041093750000000005 0.14783333333333332
0 0.29806250000000006 0.45812499999999995 0.02134375 0.07375
0 0.31577343750000003 0.45565625 0.011140625000000001 0.04052083333333333
0 0.7378750000000001 0.49769791666666663 0.017249999999999998 0.0666875
0 0.20567968750000004 0.49647916666666664 0.040921875 0.034124999999999996
0 0.1154765625 0.43686458333333333 0.025921875 0.0539375
