0 0.5936699999999999 0.33707282913165265 0.19254 0.5123529411764706
0 0.41135000000000005 0.30004201680672266 0.08926 0.5434453781512605
0 0.29290000000000005 0.22452380952380954 0.10408 0.317843137254902
0 0.95341 0.22550420168067226 0.01622 0.02198879551820728
0 0.04217 0.2897198879551821 0.08426 0.4356302521008404
0 0.1083 0.26966386554621846 0.08184000000000001 0.42694677871148456
0 0.8026300000000001 0.19442577030812325 0.04342 0.14677871148459384
0 0.49092 0.195812324929972 0.02124 0.02915966386554622
0 0.5236 0.17394957983193277 0.01136 0.06851540616246499
0 0.16526 0.20673669467787117 0.054560000000000004 0.21571428571428572
0 0.84156 0.17162464985994397 0.01308 0.06044817927170868
0 0.7551 0.1730532212885154 0.01916 0.07747899159663865
0 0.50703 0.17649859943977592 0.01478 0.06532212885154062
0 0.518 0.19327731092436976 0.9480000000000001 0.17366946778711484
