0 0.964140625 0.31686458333333334 0.0130625 0.041312499999999995
0 0.8942890625000001 0.29698958333333336 0.014328125 0.03735416666666667
0 0.9741796875000001 0.3202083333333333 0.012109375 0.037375000000000005
0 0.8869609375 0.3133020833333333 0.010953125000000001 0.03152083333333333
0 0.6297187500000001 0.1135625 0.0083125 0.008666666666666666
0 0.9839296875000001 0.352125 0.013109375000000001 0.03941666666666667
0 0.46375781250000003 0.44425000000000003 0.014890625 0.060375
0 0.6448437500000002 0.1129375 0.00596875 0.010875
0 0.649328125 0.11143750000000001 0.0029062500000000004 0.005916666666666666
0 0.4860703125000001 0.054218749999999996 0.003046875 0.011395833333333332
