0 0.3509375 0.6774707259953162 0.0033437500000000004 0.013348946135831381
0 0.5232578125 0.6876346604215456 0.017984375 0.10337236533957846
0 0.1192265625 0.7026346604215458 0.009734375000000002 0.04911007025761124
0 0.12829687500000003 0.7050468384074942 0.01071875 0.049765807962529274
0 0.3925703125 0.6775058548009368 0.008265625 0.027096018735363
0 0.38468750000000007 0.6730679156908664 0.0059375 0.020843091334894613
0 0.19298437499999999 0.6854449648711943 0.019500000000000003 0.030562060889929743
0 0.69884375 0.6472014051522247 0.006500000000000001 0.027330210772833725
0 0.6130859375000001 0.6632903981264637 0.024046875000000002 0.08784543325526932
0 0.6390078125 0.6530562060889928 0.004171875 0.020585480093676813
0 0.072640625 0.69711943793911 0.0074375 0.022903981264637
0 0.5598124999999999 0.6608079625292739 0.007124999999999999 0.021194379391100703
0 0.0942890625 0.7082201405152224 0.018828125 0.08173302107728336
0 0.44765625000000003 0.6651053864168618 0.26406250000000003 0.04215456674473068
