0 0.46595312499999997 0.395480093676815 0.15246875000000001 0.39648711943793913
0 0.4036484375 0.651615925058548 0.269109375 0.695784543325527
0 0.1566796875 0.6175995316159252 0.310359375 0.732576112412178
0 0.0653671875 0.4403161592505854 0.06760937500000001 0.11711943793911006
0 0.5575859375000001 0.3245433255269321 0.07129687500000001 0.09035128805620608
0 0.6598125 0.5702693208430913 0.32621875 0.8353864168618267
0 0.7851796875 0.2914051522248244 0.095328125 0.26210772833723656
0 0.9449375 0.4989578454332553 0.11012500000000001 0.6373067915690867
0 0.40282812500000004 0.36439110070257613 0.07237500000000001 0.23585480093676814
0 0.2431171875 0.41518735362997655 0.087859375 0.12803278688524591
0 0.8775468750000001 0.6129391100702575 0.1726875 0.7647072599531616
