0 0.49924999999999997 0.42359154929577464 0.039343750000000004 0.1868075117370892
0 0.6109609375 0.443368544600939 0.029671875 0.16096244131455398
0 0.6636171875000001 0.392018779342723 0.038390625000000005 0.08394366197183098
0 0.2591015625 0.5593896713615023 0.223359375 0.8812206572769953
0 0.5821875000000001 0.4538262910798122 0.048406250000000005 0.185962441314554
0 0.7309687500000001 0.6899061032863849 0.2505625 0.5847887323943662
0 0.33784375 0.44315727699530516 0.05046875 0.13288732394366198
0 0.34964843749999996 0.466244131455399 0.021921875 0.07854460093896715
0 0.5765937500000001 0.3655281690140845 0.029062500000000005 0.07875586854460094
0 0.45785937499999996 0.45019953051643197 0.05884375 0.177018779342723
0 0.43059375 0.41701877934272297 0.0393125 0.2167605633802817
0 0.13988281249999998 0.338462441314554 0.07935937500000001 0.15664319248826292
