0 0.0694140625 0.3651285046728972 0.10048437500000001 0.1641355140186916
0 0.20825000000000002 0.4022313084112149 0.10162500000000002 0.2697429906542056
0 0.27877343750000005 0.38554906542056067 0.09167187500000001 0.28539719626168225
0 0.3190625 0.40247663551401863 0.04634375 0.2642523364485981
0 0.379484375 0.48446261682242986 0.09681250000000001 0.48219626168224294
0 0.6409453125 0.5769626168224299 0.130734375 0.7213551401869158
0 0.746890625 0.6078621495327102 0.198375 0.7617990654205608
0 0.9192812499999999 0.6797780373831775 0.1614375 0.5550700934579439
0 0.464390625 0.27987149532710276 0.06471875 0.15007009345794392
0 0.7067656250000001 0.27396028037383174 0.04553125 0.118107476635514
0 0.4997031249999999 0.5653855140186915 0.16259375 0.6951168224299065
0 0.9029609375000001 0.6578504672897196 0.194078125 0.6842990654205607
0 0.75853125 0.308411214953271 0.16603125000000002 0.2800934579439252
0 0.72578125 0.4392523364485981 0.5296875 0.40186915887850466
