0 0.3958671875 0.5833541666666666 0.11485937500000001 0.447125
0 0.5855703125 0.6973437499999999 0.154078125 0.3216875
0 0.7415625000000001 0.6083541666666666 0.10815625000000001 0.4685416666666667
0 0.21084375 0.11880208333333332 0.0696875 0.10172916666666666
0 0.8775234374999998 0.25525 0.127515625 0.38033333333333336
0 0.1794921875 0.09176041666666666 0.05560937500000001 0.1393125
0 0.7336953125000001 0.13211458333333334 0.073953125 0.26327083333333334
0 0.8884531250000001 0.049395833333333326 0.059687500000000004 0.07079166666666666
0 0.8114453125000001 0.146375 0.081171875 0.244625
0 0.126765625 0.13058333333333333 0.07003125 0.234125
0 0.023382812500000003 0.15064583333333334 0.042859375000000005 0.176625
