0 0.4896015625000001 0.7887708333333333 0.11629687500000002 0.4
0 0.5844609375 0.7477499999999999 0.067578125 0.31758333333333333
0 0.23381249999999998 0.8119062499999999 0.10528124999999999 0.2566041666666667
0 0.127953125 0.8732395833333333 0.06534375 0.2039375
0 0.8830546875000002 0.6788020833333333 0.026765625 0.15035416666666668
0 0.8512578125000001 0.6896249999999999 0.016609375000000003 0.08645833333333333
0 0.8211953125 0.6801458333333333 0.020859375 0.08070833333333334
0 0.17383593750000004 0.8404375 0.051984375000000006 0.20445833333333333
0 0.744421875 0.6753541666666666 0.02871875 0.10608333333333334
0 0.123859375 0.6853229166666667 0.01984375 0.0813125
0 0.4034296875 0.6828749999999999 0.020140625000000002 0.07083333333333333
0 0.7790312500000001 0.6860520833333332 0.018843750000000003 0.08735416666666666
0 0.9158046875000001 0.6791145833333334 0.016859375 0.07864583333333333
0 0.3003359375 0.8437083333333334 0.054546874999999995 0.18429166666666666
0 0.5 0.7 0.9968750000000001 0.21666666666666667
