0 0.6392656250000001 0.40450934579439246 0.11834375 0.4414485981308411
0 0.9587890625000001 0.2910046728971962 0.060109375 0.15056074766355138
0 0.525 0.2242289719626168 0.0681875 0.061308411214953264
0 0.8496328125 0.32214953271028035 0.038671875 0.09453271028037383
0 0.2895625 0.4396144859813083 0.06671875000000001 0.21577102803738316
0 0.14771874999999998 0.4105140186915887 0.05371875000000001 0.11733644859813083
0 0.05799218750000001 0.3800233644859813 0.049640625 0.09070093457943924
0 0.9817343749999999 0.29280373831775697 0.03534375 0.1300467289719626
0 0.8992734375 0.31330607476635514 0.055953125000000006 0.12091121495327102
0 0.763640625 0.34862149532710274 0.07487500000000001 0.1183644859813084
0 0.21037500000000003 0.3752102803738317 0.049875 0.07803738317757009
0 0.7327187500000001 0.3019392523364485 0.0548125 0.11593457943925232
0 0.04740625000000001 0.37780373831775693 0.032 0.06532710280373831
0 0.44609375 0.40654205607476634 0.8921875 0.794392523364486
