0 0.5883359375 0.6860833333333333 0.07782812500000001 0.21645833333333334
0 0.32503125 0.69559375 0.26221875 0.6088125
0 0.4875078125000001 0.5467395833333333 0.068078125 0.16785416666666664
0 0.5348125 0.5350208333333333 0.06565625000000001 0.15591666666666668
0 0.11882031250000001 0.4393229166666667 0.07582812500000001 0.12810416666666666
0 0.185515625 0.3191875 0.05031250000000001 0.11016666666666668
0 0.2869140625 0.32256250000000003 0.056234375 0.107125
0 0.8098359374999999 0.2460625 0.042140625 0.096625
0 0.8880625000000001 0.4688541666666667 0.047218750000000004 0.14620833333333336
0 0.3593906250000001 0.25234375 0.048406250000000005 0.08802083333333333
0 0.8283281250000001 0.373375 0.031125000000000003 0.08549999999999999
0 0.6026875 0.32848958333333333 0.05040625 0.1463125
0 0.6718984375 0.31454166666666666 0.046046875 0.09208333333333334
0 0.49843750000000003 0.35833333333333334 0.99375 0.6791666666666667
