0 0.7029375 0.7227230046948356 0.06146875000000001 0.09568075117370892
0 0.675234375 0.7359859154929579 0.02409375 0.08173708920187793
0 0.5028281250000001 0.758474178403756 0.022156250000000002 0.10009389671361503
0 0.180515625 0.8006338028169014 0.01384375 0.051079812206572775
0 0.799484375 0.750293427230047 0.040781250000000005 0.043169014084507046
0 0.90278125 0.6655281690140845 0.01984375 0.04002347417840376
0 0.8641796875000001 0.6790140845070423 0.019359375 0.03718309859154929
0 0.9373281250000002 0.6706103286384977 0.020125000000000004 0.07492957746478873
0 0.8451953125 0.6852464788732395 0.022671875 0.025140845070422538
0 0.7128671875000001 0.6785446009389672 0.011953125000000002 0.04666666666666667
0 0.9656640625 0.690680751173709 0.056828125 0.09727699530516432
