0 0.5682578125000001 0.5044895833333333 0.8634843750000001 0.9865208333333333
0 0.26207812500000005 0.24363541666666666 0.31853125000000004 0.4872708333333333
0 0.5224765625000001 0.205625 0.138203125 0.40225
0 0.7390468750000001 0.19888541666666665 0.3926875 0.3842708333333333
0 0.05899218750000001 0.7595520833333332 0.11798437500000002 0.45393749999999994
0 0.1269609375 0.11237499999999999 0.07904687500000002 0.21524999999999997
0 0.1947890625 0.07009375000000001 0.11754687500000001 0.14018750000000002
0 0.9535937500000001 0.20701041666666664 0.0928125 0.4140208333333333
0 0.039679687500000005 0.10880208333333334 0.077890625 0.21522916666666667
0 0.432859375 0.20229166666666668 0.07487500000000001 0.36995833333333333
0 0.42894531250000006 0.19935416666666667 0.049171875000000004 0.20541666666666666
0 0.01603125 0.26207291666666666 0.02665625 0.1446875
