0 0.48661000000000004 0.5865970149253731 0.15630000000000002 0.5320597014925373
0 0.26936000000000004 0.3693731343283582 0.06792000000000001 0.35808955223880595
0 0.5786100000000001 0.4255074626865672 0.0627 0.2526268656716418
0 0.39896000000000004 0.29797014925373133 0.05448 0.07743283582089552
0 0.44114000000000003 0.3683134328358209 0.04096 0.1495223880597015
0 0.5920500000000001 0.37555223880597016 0.07342 0.2773731343283582
0 0.6370500000000001 0.3632238805970149 0.041420000000000005 0.23116417910447762
0 0.22826 0.4008656716417911 0.06132 0.27217910447761196
0 0.94498 0.3668358208955224 0.03404 0.14847761194029852
0 0.41214999999999996 0.41386567164179106 0.03638 0.2326268656716418
0 0.37106 0.41567164179104477 0.048240000000000005 0.23217910447761195
0 0.32771 0.4431044776119403 0.047420000000000004 0.20686567164179104
0 0.85238 0.3488955223880597 0.03648 0.08829850746268657
0 0.47100000000000003 0.591044776119403 0.9420000000000001 0.7402985074626866
