0 0.516390625 0.772752403846154 0.02978125 0.11290865384615385
0 0.45042187499999997 0.7770072115384615 0.036687500000000005 0.11040865384615385
0 0.3991328125 0.808545673076923 0.024359375000000003 0.11247596153846154
0 0.3766640625 0.7896995192307692 0.025296875000000003 0.11180288461538462
0 0.31000000000000005 0.7313221153846153 0.022750000000000003 0.08750000000000001
0 0.367140625 0.6621874999999999 0.012875000000000001 0.07971153846153846
0 0.4025625 0.6530649038461539 0.0118125 0.05766826923076923
0 0.4273515625 0.6732451923076923 0.017703125 0.07884615384615384
0 0.40192187500000004 0.7109735576923077 0.026312500000000003 0.09060096153846153
0 0.45622656250000004 0.6485336538461538 0.018546875 0.06591346153846155
0 0.6322578125 0.7782451923076924 0.036296875 0.12673076923076923
0 0.5606093750000001 0.8181490384615384 0.019343750000000003 0.08932692307692307
0 0.6768281250000001 0.7375 0.02765625 0.09884615384615385
0 0.515625 0.6694711538461539 0.9281250000000001 0.6033653846153847
