0 0.803984375 0.5456924882629107 0.38740625 0.6561737089201878
0 0.716484375 0.37940140845070425 0.19146875000000002 0.2606807511737089
0 0.49655468750000004 0.4005985915492958 0.122265625 0.2414319248826291
0 0.3564453125 0.44504694835680747 0.144609375 0.4437558685446009
0 0.3849296875 0.2982863849765258 0.140265625 0.2743192488262911
0 0.42830468750000006 0.3660446009389671 0.030921875 0.0826056338028169
0 0.254546875 0.38204225352112675 0.02496875 0.1047887323943662
0 0.184734375 0.6292136150234741 0.36646875 0.7190845070422535
0 0.203046875 0.3350117370892019 0.0511875 0.1801173708920188
0 0.26432031250000004 0.3166431924882629 0.047421875 0.09680751173708921
0 0.55409375 0.396255868544601 0.0418125 0.07068075117370892
