0 0.5096478873239437 0.564703125 0.5642253521126761 0.8705937499999999
0 0.851924882629108 0.41844531250000006 0.1891549295774648 0.28532812500000004
0 0.8282981220657276 0.7432265625000001 0.3434037558685446 0.35092187500000005
0 0.14666666666666667 0.6824765625000001 0.29333333333333333 0.27082812500000003
0 0.3253169014084507 0.6317343750000002 0.1609154929577465 0.22215625000000003
0 0.17977699530516433 0.5188515625 0.12086854460093897 0.16442187500000002
0 0.8634389671361502 0.8396250000000001 0.27312206572769954 0.32075000000000004
0 0.06416666666666666 0.566828125 0.1266901408450704 0.1831875
0 0.25618544600938964 0.34359375 0.08124413145539906 0.11665625
0 0.29242957746478876 0.537546875 0.23795774647887324 0.14775000000000002
0 0.8292840375586854 0.6084453125 0.1305868544600939 0.13889062500000002
0 0.6564906103286384 0.306390625 0.08373239436619719 0.09234375
0 0.7050234741784037 0.34537500000000004 0.05868544600938967 0.1111875
0 0.6255868544600939 0.42109375000000004 0.744131455399061 0.3015625
