0 0.516109375 0.6485641891891892 0.02453125 0.056182432432432435
0 0.5778671875000001 0.23414695945945949 0.08314062500000001 0.15055743243243244
0 0.24842968750000002 0.359535472972973 0.173015625 0.08285472972972972
0 0.08582031250000001 0.6452618243243243 0.018546875 0.05076013513513514
0 0.7847187500000001 0.6463429054054054 0.015 0.031908783783783784
0 0.6301484375 0.6331841216216217 0.019296875 0.05234797297297297
0 0.05307031250000001 0.648445945945946 0.015171875000000001 0.04827702702702703
0 0.9663124999999999 0.3155489864864865 0.067375 0.13717905405405406
0 0.9090781250000002 0.20795608108108107 0.178875 0.1225
0 0.5519843750000001 0.6456081081081082 0.0200625 0.06199324324324325
0 0.07945312500000001 0.6195861486486487 0.010125000000000002 0.03184121621621622
0 0.8048125000000002 0.6111317567567568 0.0213125 0.023817567567567567
