0 0.35087500000000005 0.4481967213114754 0.13375 0.4526932084309134
0 0.626703125 0.5426932084309133 0.14393750000000002 0.40224824355971894
0 0.6935859375000001 0.5311475409836066 0.148203125 0.4404683840749415
0 0.240640625 0.46725995316159247 0.0391875 0.24201405152224825
0 0.17714062500000002 0.4606791569086651 0.049093750000000005 0.24838407494145198
0 0.034445312500000005 0.4552459016393443 0.019515625 0.06365339578454332
0 0.0190078125 0.46626463700234194 0.020203125000000002 0.09444964871194379
0 0.287296875 0.48011709601873537 0.048218750000000005 0.29339578454332554
0 0.4895390625 0.48372365339578455 0.064015625 0.14501170960187354
0 0.2571875 0.4687002341920375 0.067875 0.2777751756440281
0 0.05274218750000001 0.45873536299765805 0.019390625 0.05021077283372365
