0 0.6057343749999999 0.41834375 0.220625 0.21010416666666665
0 0.8317421875000002 0.33932291666666664 0.085953125 0.3865208333333333
0 0.8932578125000001 0.3831458333333333 0.094390625 0.41125
0 0.3928125 0.3988854166666666 0.06443750000000001 0.22102083333333333
0 0.888328125 0.18635416666666668 0.05128125 0.135375
0 0.4544765625 0.32177083333333334 0.040546875 0.06895833333333333
0 0.9942187500000002 0.179125 0.011562500000000002 0.11508333333333333
0 0.4191796875 0.3141666666666667 0.020171875000000002 0.056749999999999995
0 0.9558203124999999 0.21912500000000001 0.039203125000000005 0.08970833333333333
0 0.43828125 0.3179479166666666 0.03425 0.08402083333333332
0 0.8544609375000001 0.23825 0.057796875000000004 0.11283333333333333
0 0.9286875000000001 0.17372916666666666 0.043500000000000004 0.12116666666666666
0 0.9528671875000001 0.14414583333333333 0.035359375 0.07708333333333334
