0 0.659270588235294 0.5518984375000001 0.5015058823529411 0.526671875
0 0.2762941176470588 0.49971875 0.4644470588235293 0.599875
0 0.8875764705882353 0.69125 0.2248470588235294 0.40475000000000005
0 0.07498823529411765 0.7093984375 0.05981176470588235 0.11464062500000001
0 0.4984941176470588 0.7355312500000001 0.08875294117647058 0.16518750000000001
0 0.5682352941176471 0.7493203125000001 0.06795294117647058 0.13879687500000001
0 0.40241176470588236 0.77328125 0.15517647058823528 0.081875
0 0.6167058823529412 0.7621875 0.05844705882352941 0.111375
0 0.8245999999999999 0.758421875 0.03296470588235294 0.12281249999999999
0 0.09350588235294117 0.6996171875 0.04004705882352941 0.102421875
0 0.13656470588235292 0.7260546875 0.07190588235294117 0.17229687500000002
