0 0.16607390300230945 0.5550546875000001 0.03986143187066975 0.044953125000000003
0 0.2691454965357968 0.537109375 0.042263279445727484 0.03634375
0 0.2206581986143187 0.536765625 0.05628175519630485 0.0566875
0 0.05651270207852194 0.5967109375 0.036720554272517324 0.037265625000000004
0 0.11175519630484988 0.5727265625 0.03362586605080831 0.037765625000000004
0 0.4115588914549654 0.5447265625000001 0.035912240184757506 0.017109375
0 0.19490762124711314 0.55178125 0.02644341801385681 0.03109375
0 0.09632794457274826 0.5546562500000001 0.027344110854503462 0.022218750000000002
0 0.14468822170900694 0.58378125 0.031916859122401844 0.03025
0 0.13624711316397228 0.5699609375000001 0.028429561200923787 0.021234375
0 0.33725173210161663 0.53478125 0.02623556581986143 0.026812500000000003
0 0.0787066974595843 0.57284375 0.021016166281755195 0.028749999999999998
