0 0.8340625000000002 0.21363256784968682 0.0170625 0.028643006263048016
0 0.8763125 0.2223903966597077 0.019343750000000003 0.04782881002087682
0 0.6649765625 0.1960855949895616 0.007640625 0.025281837160751563
0 0.025515625 0.2070250521920668 0.0135625 0.009582463465553234
0 0.26736718750000005 0.18450939457202503 0.008453125 0.018079331941544884
0 0.65165625 0.19792275574112733 0.01040625 0.025574112734864297
0 0.6588046875 0.20259916492693109 0.006015625 0.013089770354906051
0 0.9354765624999999 0.20986430062630476 0.010703125 0.03133611691022964
0 0.18992187500000002 0.19691022964509394 0.018687500000000003 0.0304384133611691
0 0.5819062500000001 0.19812108559498953 0.00840625 0.027557411273486425
0 0.9641875000000001 0.20089770354906053 0.00653125 0.020292275574112735
0 0.6772578125000001 0.19518789144050103 0.008078125 0.024780793319415444
0 0.1819765625 0.19580375782881 0.008421875 0.039999999999999994
