0 0.55984 0.6814307692307693 0.11924 0.36464615384615384
0 0.19784 0.5647384615384616 0.1174 0.15415384615384617
0 0.06971 0.6500615384615384 0.08502 0.38104615384615387
0 0.34747 0.6996461538461538 0.12154000000000001 0.44883076923076926
0 0.8585900000000001 0.5497692307692307 0.01446 0.03966153846153846
0 0.73227 0.5561384615384616 0.03186 0.0804
0 0.84065 0.5712153846153847 0.02906 0.09153846153846154
0 0.59135 0.5529230769230769 0.03178 0.07335384615384616
0 0.58379 0.5298153846153846 0.01478 0.037476923076923074
0 0.1305 0.6789076923076922 0.12492 0.39455384615384614
