0 0.3043671875 0.5537083333333334 0.11098437500000001 0.3094166666666667
0 0.6455078125 0.3853958333333333 0.10785937500000001 0.4741666666666666
0 0.7525078125000001 0.3251041666666667 0.007140625000000001 0.049958333333333334
0 0.605609375 0.3365 0.015875 0.057416666666666664
0 0.41142187500000005 0.3407916666666666 0.009500000000000001 0.04420833333333333
0 0.38903906250000003 0.3408125 0.016953125 0.036625
0 0.34836718750000006 0.34728125000000004 0.013265625000000001 0.04552083333333334
0 0.5990703125000001 0.32880208333333333 0.008359375 0.05589583333333333
0 0.7467734375 0.32930208333333333 0.010296875 0.050020833333333334
0 0.6136328125 0.33083333333333337 0.007484375000000001 0.042666666666666665
0 0.9039453125 0.27821874999999996 0.010953125000000001 0.035645833333333335
