0 0.212609375 0.5741575492341356 0.19415625000000003 0.82472647702407
0 0.32734375000000004 0.5572975929978118 0.1733125 0.8359518599562362
0 0.5568125 0.5471881838074398 0.15725 0.8247045951859956
0 0.6885625 0.5365536105032822 0.19678125000000002 0.8281181619256017
0 0.62115625 0.10293216630196936 0.16378125 0.2048577680525164
0 0.9832812500000001 0.44144420131291023 0.0334375 0.6418818380743981
0 0.9412734375000001 0.3820240700218818 0.117453125 0.7640481400437636
0 0.427640625 0.39213347921225383 0.1524375 0.7707877461706784
0 0.811796875 0.37956236323851206 0.22765625 0.7569365426695842
0 0.177515625 0.17809628008752734 0.18181250000000002 0.32796498905908095
0 0.02765625 0.43960612691466083 0.0553125 0.6724288840262582
