0 0.8610520833333334 0.39580468750000003 0.0310625 0.027453125000000002
0 0.9557083333333334 0.31982031250000004 0.0365 0.019390625
0 0.5087708333333333 0.5286953125 0.026333333333333334 0.03282812500000001
0 0.9752708333333333 0.3104921875 0.02225 0.025203125
0 0.8942395833333333 0.3475078125 0.013520833333333334 0.014796875000000001
0 0.8852291666666666 0.35084375000000007 0.014166666666666666 0.01421875
0 0.7887916666666667 0.41996093749999996 0.025416666666666664 0.022703125
0 0.7441354166666667 0.437265625 0.030229166666666665 0.01878125
0 0.5777916666666667 0.5122265625 0.025958333333333333 0.028484375000000003
0 0.6439895833333333 0.47566406249999993 0.025979166666666668 0.023921875000000002
0 0.39401041666666664 0.9 0.11685416666666668 0.16403125000000002
0 0.5241458333333333 0.5254453125 0.01525 0.014421875
0 0.95928125 0.312640625 0.024854166666666667 0.01628125
0 0.7354166666666666 0.453125 0.3416666666666667 0.140625
