0 0.48657009345794394 0.591015625 0.231196261682243 0.77753125
0 0.1935514018691589 0.5606796875000001 0.23656074766355142 0.586515625
0 0.10561682242990654 0.3116640625 0.05246728971962617 0.09154687500000001
0 0.7004299065420562 0.49704687500000005 0.13218691588785048 0.460375
0 0.8066168224299066 0.3634140625 0.09880373831775702 0.165203125
0 0.9688598130841123 0.44736718750000004 0.062280373831775704 0.231078125
0 0.29232710280373836 0.32657812500000005 0.08353271028037383 0.13287500000000002
0 0.0912429906542056 0.6391796875000001 0.1824859813084112 0.721640625
0 0.8521869158878504 0.27141406250000005 0.028373831775700936 0.016796875
0 0.1402803738317757 0.26925781249999997 0.033457943925233644 0.030078125
0 0.9175887850467289 0.3642265625000001 0.0771588785046729 0.20657812500000003
0 0.6216728971962616 0.357734375 0.049364485981308416 0.135
0 0.9626168224299065 0.37240625000000005 0.07061682242990655 0.20246875000000003
