0 0.2729849137931034 0.367640625 0.08816810344827586 0.11221874999999999
0 0.34392241379310345 0.43679687500000003 0.09224137931034482 0.18159375
0 0.15375 0.377375 0.07448275862068966 0.09037500000000001
0 0.3582112068965517 0.32499218750000003 0.05077586206896551 0.047515625000000006
0 0.08913793103448275 0.361734375 0.06573275862068965 0.109375
0 0.20529094827586206 0.3956171875000001 0.05178879310344828 0.059828125
0 0.3550862068965517 0.420140625 0.07581896551724138 0.179625
0 0.31558189655172414 0.3256640625 0.0334051724137931 0.06539062500000001
0 0.02646551724137931 0.3544921875 0.05293103448275862 0.086234375
0 0.11935344827586206 0.37035937500000005 0.059181034482758625 0.07940625000000001
0 0.02734913793103448 0.3856171875 0.05469827586206896 0.10429687500000001
0 0.3940301724137931 0.34509375000000003 0.04482758620689655 0.04459375
0 0.23207974137931034 0.365890625 0.046745689655172416 0.09834375000000001
