0 0.6661250000000001 0.6863239074550128 0.028749999999999998 0.14411311053984574
0 0.70340625 0.6595629820051413 0.06343750000000001 0.20704370179948586
0 0.6133203125000001 0.6602699228791774 0.046203125000000005 0.18578406169665806
0 0.5004140625 0.487892030848329 0.032484375 0.11876606683804627
0 0.5557890625 0.555745501285347 0.035015625 0.1686632390745501
0 0.4701640625000001 0.4375321336760925 0.027859375 0.0948586118251928
0 0.6713046875 0.6306683804627249 0.026234375 0.15254498714652956
0 0.4447421875 0.42079691516709505 0.022859375 0.14611825192802055
0 0.46614843750000007 0.4873521850899743 0.037078125 0.10519280205655526
0 0.6560781250000001 0.6020437017994859 0.022593750000000003 0.1017223650385604
0 0.610359375 0.5683547557840617 0.01615625 0.05892030848329049
