0 0.4820078125 0.6043905817174515 0.067984375 0.3891689750692521
0 0.7193359375 0.6045013850415513 0.08492187500000001 0.4269529085872576
0 0.8701796875 0.6112326869806094 0.067171875 0.4314404432132964
0 0.6909140625000001 0.5736703601108032 0.03804687500000001 0.36351800554016617
0 0.955109375 0.5842797783933519 0.06971875 0.37753462603878113
0 0.15235937500000002 0.4736565096952909 0.058062499999999996 0.1971191135734072
0 0.33176562500000006 0.5061772853185595 0.04453125 0.26747922437673133
0 0.54825 0.5905263157894737 0.065375 0.31650969529085876
0 0.39690625 0.5587396121883657 0.02334375 0.19891966759002772
0 0.26878125 0.541606648199446 0.065625 0.37135734072022164
0 0.4311953125 0.51297783933518 0.063546875 0.4047368421052632
0 0.2200546875 0.4621191135734072 0.047359375 0.260415512465374
0 0.6551953125000001 0.5088781163434902 0.058328125 0.3600831024930748
0 0.69296875 0.5664819944598338 0.2421875 0.3684210526315789
