0 0.13187500000000002 0.7662820512820513 0.12325 0.3505698005698006
0 0.7243750000000001 0.6829059829059829 0.074625 0.1997150997150997
0 0.8608437499999999 0.6895868945868947 0.07128125 0.24851851851851856
0 0.965265625 0.6610541310541311 0.04615625 0.17897435897435898
0 0.3815390625 0.6754131054131054 0.07832812500000001 0.17606837606837608
0 0.7668828125 0.6300427350427351 0.027671875000000002 0.12743589743589742
0 0.5871015625 0.7587179487179487 0.11785937500000002 0.3568660968660969
0 0.25328125 0.6966666666666667 0.08934375 0.19703703703703704
0 0.4719609375 0.6424358974358975 0.08010937500000001 0.1311965811965812
0 0.9368203125000001 0.6044586894586895 0.025359375000000003 0.07985754985754986
0 0.830703125 0.6049715099715101 0.030156250000000002 0.05991452991452992
0 0.6505624999999999 0.6215242165242165 0.031125000000000003 0.0935897435897436
0 0.5179375 0.6046296296296296 0.01753125 0.041851851851851855
0 0.50546875 0.6552706552706553 0.9859375 0.29629629629629634
