0 0.21916406249999998 0.44143691588785045 0.05745312500000001 0.22278037383177568
0 0.7723749999999999 0.27968457943925235 0.4329375 0.5054439252336449
0 0.3418125 0.4158878504672897 0.02484375 0.12584112149532709
0 0.374109375 0.4307242990654206 0.056999999999999995 0.17663551401869157
0 0.45199999999999996 0.47598130841121483 0.04515625 0.23401869158878502
0 0.8380468750000001 0.5849883177570093 0.09696875 0.45324766355140184
0 0.8559843750000001 0.5806191588785046 0.13087500000000002 0.45796728971962614
0 0.1098515625 0.41676401869158874 0.024796875 0.12492990654205606
0 0.27275781250000003 0.42584112149532705 0.028546875 0.12359813084112148
0 0.310140625 0.43491822429906535 0.046125 0.16988317757009344
0 0.0702109375 0.4125116822429906 0.030734375000000005 0.12936915887850467
