0 0.1853203125 0.5603271028037382 0.17985937500000002 0.6116822429906542
0 0.7251562500000001 0.4335046728971963 0.011500000000000002 0.041728971962616816
0 0.754921875 0.43276869158878506 0.01503125 0.03820093457943925
0 0.56178125 0.5462733644859813 0.193 0.7964252336448597
0 0.9450546875000001 0.41010514018691585 0.010421875 0.05586448598130841
0 0.9674999999999999 0.38529205607476624 0.013406250000000001 0.024602803738317754
0 0.7173046875000001 0.4410280373831776 0.006953125000000001 0.023598130841121494
0 0.7467890625 0.43536214953271024 0.006921875 0.01941588785046729
0 0.4736406250000001 0.48656542056074764 0.029406250000000002 0.1866822429906542
0 0.035835937500000005 0.524018691588785 0.031421875 0.16411214953271025
0 0.6546875000000001 0.44072429906542054 0.013750000000000002 0.03757009345794392
0 0.3526171875 0.5688200934579438 0.17023437500000002 0.7532476635514018
0 0.690484375 0.43557242990654205 0.014249999999999999 0.042453271028037386
0 0.73203125 0.43224299065420557 0.1484375 0.04672897196261682
