0 0.41444531250000005 0.4047083333333334 0.21832812499999998 0.5533333333333333
0 0.6320234375 0.5258437499999999 0.30335937500000004 0.6426875
0 0.10208593750000002 0.2730104166666667 0.11151562500000001 0.35702083333333334
0 0.2705078125 0.17064583333333336 0.040734375 0.059291666666666666
0 0.17211718750000002 0.3476458333333333 0.129546875 0.3919166666666667
0 0.3243046875 0.17233333333333334 0.043359375000000006 0.10458333333333333
0 0.28084375 0.38521875 0.20299999999999999 0.47852083333333334
0 0.15144531250000004 0.32047916666666665 0.088359375 0.3292083333333333
0 0.8819687500000001 0.7417916666666666 0.23606250000000004 0.5148333333333334
0 0.04974218750000001 0.3286979166666667 0.096703125 0.2955625
0 0.026796874999999998 0.19342708333333333 0.05028125 0.12477083333333333
