0 0.6088398692810458 0.5345098039215687 0.05183006535947712 0.1307516339869281
0 0.6887990196078431 0.513218954248366 0.056454248366013066 0.08594771241830065
0 0.8316911764705883 0.5214542483660131 0.07498366013071896 0.09915032679738563
0 0.9408660130718953 0.5156781045751635 0.04428104575163399 0.10263071895424837
0 0.1826470588235294 0.5028104575163398 0.03016339869281046 0.08133986928104575
0 0.5016993464052287 0.4851143790849673 0.03235294117647059 0.07722222222222222
0 0.4189705882352941 0.49789215686274507 0.04643790849673203 0.08032679738562092
0 0.3964460784313726 0.4978921568627452 0.03573529411764706 0.07852941176470589
0 0.2627124183006536 0.48645424836601314 0.05562091503267974 0.06859477124183007
0 0.7616176470588236 0.8612745098039216 0.16738562091503267 0.265718954248366
0 0.24050653594771243 0.4714052287581699 0.017254901960784316 0.028529411764705883
0 0.7772794117647059 0.4632843137254903 0.015441176470588234 0.04490196078431373
0 0.526936274509804 0.47151960784313723 0.025767973856209152 0.056143790849673206
0 0.4991830065359477 0.38153594771241833 0.9983660130718954 0.30228758169934644
