0 0.8184984520123839 0.63802 0.0711764705882353 0.0596
0 0.9166873065015482 0.65425 0.049783281733746125 0.04194
0 0.5777554179566563 0.6493 0.037616099071207436 0.039560000000000005
0 0.46286377708978327 0.6488200000000001 0.03854489164086687 0.03976
0 0.4014551083591331 0.6470400000000001 0.028421052631578948 0.03516
0 0.6935758513931889 0.65483 0.04219814241486069 0.03918
0 0.5180650154798762 0.6478700000000001 0.055820433436532514 0.04318
0 0.10212074303405573 0.6349 0.034705882352941184 0.03072
0 0.6420433436532508 0.6532899999999999 0.044272445820433444 0.03822
0 0.7705882352941176 0.6474099999999999 0.03065015479876161 0.0297
