0 0.3792109375 0.6235937500000001 0.508984375 0.6494375
0 0.5850546875 0.5025416666666667 0.038234375 0.0555
0 0.49615624999999997 0.5204166666666666 0.042625 0.17045833333333332
0 0.574953125 0.58496875 0.077625 0.15302083333333333
0 0.433046875 0.5371354166666666 0.01584375 0.023395833333333334
0 0.5302734375 0.56275 0.045296875 0.057125
0 0.78440625 0.5701979166666666 0.026812500000000003 0.0375625
0 0.7671484375000001 0.5633645833333334 0.010546875 0.017479166666666667
0 0.40992968750000003 0.5284583333333334 0.023984375000000002 0.037875
0 0.1445546875 0.5408020833333333 0.030015625000000004 0.0609375
0 0.4582890625 0.50015625 0.029984375000000004 0.1563125
0 0.16242968750000003 0.51240625 0.007109375 0.020979166666666667
0 0.6871406250000001 0.5891979166666667 0.13568750000000002 0.26135416666666667
