0 0.46392968749999997 0.657751756440281 0.10101562500000001 0.28740046838407496
0 0.7182734375000001 0.6055971896955504 0.31067187500000004 0.6460889929742388
0 0.9250546875000002 0.7056206088992975 0.14989062500000003 0.42248243559718973
0 0.327328125 0.4046018735362998 0.10028125000000002 0.11430913348946137
0 0.054015625000000005 0.6707025761124121 0.10803125000000001 0.26913348946135834
0 0.11228906250000002 0.42618266978922714 0.098828125 0.06266978922716628
0 0.21034375000000002 0.4202810304449649 0.0859375 0.08168618266978923
0 0.10055468750000002 0.2980913348946136 0.10504687500000001 0.12161592505854801
0 0.5286484375 0.41114754098360656 0.077921875 0.1068384074941452
0 0.9625781250000002 0.2960772833723654 0.06621875 0.1716393442622951
0 0.44467187500000005 0.4171662763466042 0.080625 0.0966744730679157
0 0.8065781250000001 0.31388758782201404 0.106375 0.14669789227166277
0 0.118359375 0.370327868852459 0.07265625 0.13700234192037472
0 0.49921875000000004 0.4215456674473068 0.9984375000000001 0.8430913348946136
