0 0.270890625 0.5295667447306791 0.01903125 0.052763466042154566
0 0.29926562500000004 0.4974707259953162 0.02421875 0.11105386416861827
0 0.8968281250000001 0.5617915690866511 0.03900000000000001 0.18601873536299768
0 0.7497890625000001 0.46144028103044493 0.021296875000000003 0.09238875878220142
0 0.1614140625 0.49466042154566753 0.029703125000000004 0.14454332552693208
0 0.1007890625 0.4258782201405152 0.021421875000000003 0.08477751756440281
0 0.8470234375000001 0.47556206088992975 0.030390625 0.0919672131147541
0 0.8278203125000001 0.46941451990632316 0.024171875000000002 0.09442622950819672
0 0.7677578125000001 0.4588173302107728 0.017421875 0.0879391100702576
0 0.2260703125 0.5870140515222483 0.061640625000000004 0.22967213114754098
0 0.37979687500000003 0.45819672131147543 0.0249375 0.10229508196721311
0 0.17443750000000002 0.4852224824355972 0.017812500000000002 0.11395784543325527
0 0.79721875 0.46296252927400466 0.018625 0.08166276346604215
0 0.53671875 0.4519906323185012 0.5640625 0.1405152224824356
