0 0.05564843750000001 0.41376530612244905 0.11029687500000002 0.3492040816326531
0 0.6082578125000001 0.3541020408163266 0.073546875 0.15685714285714286
0 0.542953125 0.3814795918367347 0.05775 0.13777551020408166
0 0.65609375 0.3418367346938776 0.0421875 0.14334693877551022
0 0.8334765625000001 0.25269387755102046 0.057703125 0.08697959183673469
0 0.7061328125 0.36256122448979594 0.047671875 0.08006122448979591
0 0.36417968750000007 0.3774183673469388 0.043921875 0.07924489795918367
0 0.68359375 0.35919387755102045 0.02796875 0.08879591836734695
0 0.7365390625 0.3435 0.019359375 0.06544897959183674
0 0.5751484375 0.38434693877551024 0.015671875 0.09232653061224491
0 0.014851562500000002 0.4634285714285715 0.029703125000000004 0.19767346938775512
