0 0.35796875 0.18701041666666668 0.02909375 0.035520833333333335
0 0.90240625 0.2538645833333333 0.02496875 0.03472916666666667
0 0.758234375 0.6850833333333334 0.18506250000000002 0.38245833333333334
0 0.4386328125000001 0.07333333333333333 0.030859375 0.05054166666666667
0 0.6598359375 0.7078645833333332 0.11629687500000002 0.31460416666666663
0 0.5292109375 0.44044791666666666 0.08426562500000001 0.2786458333333333
0 0.23228125 0.36884374999999997 0.063375 0.1943125
0 0.28314062500000003 0.7595520833333332 0.12809375 0.4629375
0 0.44271875 0.30863541666666666 0.03184375 0.04672916666666667
0 0.5497890625 0.18717708333333333 0.031234374999999998 0.042104166666666665
0 0.6029921874999999 0.2540520833333333 0.036203125 0.04472916666666667
0 0.1392421875 0.14656249999999998 0.032953125 0.06691666666666667
0 0.4344765625 0.23975 0.023171875 0.05645833333333333
0 0.49921875000000004 0.22083333333333333 0.9984375000000001 0.44166666666666665
