0 0.6172291666666666 0.8481328124999999 0.06591666666666667 0.114234375
0 0.43678125 0.8452890625 0.059520833333333335 0.12435937500000001
0 0.12414583333333334 0.9424453125000002 0.11641666666666667 0.10607812500000001
0 0.059333333333333335 0.964875 0.11866666666666667 0.0696875
0 0.6323333333333333 0.9497890625000001 0.044875 0.039171875
0 0.4617604166666666 0.82584375 0.0408125 0.10700000000000001
0 0.33096875000000003 0.976609375 0.10427083333333333 0.04678125
0 0.22161458333333334 0.851609375 0.05422916666666667 0.12071875000000001
0 0.12296875000000002 0.8977656249999999 0.06547916666666667 0.06409375
0 0.25083333333333335 0.850015625 0.03741666666666667 0.08296875000000001
