0 0.6608750000000001 0.8105156250000001 0.050875000000000004 0.10765625000000001
0 0.7168515625 0.783 0.018984375 0.047093750000000004
0 0.037953125000000004 0.80309375 0.02321875 0.06634375
0 0.8607421875000001 0.7835624999999999 0.030828125 0.04540625
0 0.23011718750000001 0.7377734375 0.009234375000000001 0.018640625
0 0.056046874999999996 0.8088828125000002 0.025093749999999998 0.074109375
0 0.9491875000000001 0.7357421875000001 0.008968750000000001 0.027484375000000002
0 0.278640625 0.8001718750000001 0.01009375 0.017906250000000002
0 0.898546875 0.7348046875 0.00946875 0.020234375
0 0.32644531250000003 0.804296875 0.018359375 0.043750000000000004
0 0.34775781250000004 0.8000390625 0.022015625 0.053734375
