0 0.3943125 0.5057611241217799 0.5247499999999999 0.8898829039812647
0 0.709421875 0.5660655737704917 0.038375 0.18388758782201403
0 0.09957031250000001 0.6832552693208431 0.027296874999999998 0.10988290398126464
0 0.049570312500000005 0.7013583138173303 0.044890625 0.09798594847775176
0 0.9863671875 0.5729391100702576 0.025109375000000003 0.08761124121779859
0 0.9621875 0.5863583138173302 0.038000000000000006 0.08222482435597189
0 0.54484375 0.6150585480093677 0.03925000000000001 0.1418735362997658
0 0.698734375 0.6138524590163935 0.0328125 0.0890632318501171
0 0.9035000000000001 0.6004449648711944 0.015437500000000002 0.06402810304449649
0 0.952203125 0.5526112412177986 0.06959375 0.15098360655737705
0 0.8606484375000001 0.5352927400468384 0.05807812500000001 0.21255269320843093
