0 0.5030281690140845 0.888765625 0.3308450704225352 0.22246875
0 0.15530516431924882 0.8842734375 0.2970892018779343 0.231453125
0 0.965469483568075 0.899 0.06906103286384976 0.19346875
0 0.3001643192488263 0.8036250000000001 0.2139906103286385 0.39225
0 0.19849765258215962 0.6377578125000001 0.17938967136150236 0.135953125
0 0.0357981220657277 0.742234375 0.0715962441314554 0.135
0 0.5503051643192488 0.511234375 0.4523943661971831 0.5505625000000001
0 0.8696830985915494 0.7573046875 0.2606338028169014 0.328078125
0 0.027769953051643193 0.62090625 0.055539906103286386 0.13615625
0 0.88018779342723 0.9596718750000002 0.22924882629107982 0.07728125000000001
0 0.6836032863849766 0.8476015625000001 0.44997652582159625 0.304796875
