0 0.0889140625 0.4860208333333333 0.018484375 0.10408333333333333
0 0.17811718750000002 0.48019791666666667 0.032859375 0.11789583333333334
0 0.2022421875 0.47629166666666667 0.03282812500000001 0.108
0 0.2283984375 0.4819583333333333 0.028359375 0.11833333333333333
0 0.07290624999999999 0.4843229166666667 0.02471875 0.10514583333333333
0 0.041640625 0.4821354166666667 0.021375 0.10089583333333334
0 0.9194375000000001 0.48153125 0.0373125 0.12456249999999999
0 0.1115390625 0.48666666666666664 0.025046875000000003 0.09829166666666667
0 0.9542734375 0.47901041666666666 0.032296875 0.13002083333333334
0 0.41890625 0.37390625000000005 0.09753125000000001 0.1275625
0 0.0126171875 0.4860833333333333 0.025234375 0.08325
0 0.05508593750000001 0.48457291666666663 0.021515625 0.10635416666666665
0 0.6465546875 0.38015625 0.097515625 0.13227083333333334
0 0.6156250000000001 0.48333333333333334 0.7375 0.11666666666666667
