0 0.6724375 0.25954332552693204 0.08846875 0.267423887587822
0 0.8435859375 0.24322014051522245 0.079484375 0.29098360655737704
0 0.0421953125 0.38525761124121777 0.041109375000000004 0.09880562060889929
0 0.9853046875000001 0.29703747072599535 0.029390625 0.19758782201405153
0 0.9346875000000001 0.3402107728337236 0.019343750000000003 0.08070257611241217
0 0.9098203125000002 0.3441217798594848 0.011171875000000001 0.0663231850117096
0 0.769953125 0.22282201405152227 0.07840625000000001 0.19791569086651056
0 0.8771562500000001 0.32048009367681496 0.009500000000000001 0.042131147540983606
0 0.8887500000000002 0.33230679156908666 0.013218750000000001 0.0602576112412178
0 0.19868750000000002 0.3148594847775176 0.04265625000000001 0.0788056206088993
