0 0.0898711943793911 0.8186484374999999 0.12161592505854801 0.246484375
0 0.13688524590163936 0.7018203125 0.04215456674473068 0.048671875
0 0.29807962529274007 0.1449453125 0.13807962529274004 0.195515625
0 0.40255269320843096 0.1498984375 0.11854800936768149 0.178265625
0 0.850374707259953 0.279484375 0.07156908665105387 0.10640625
0 0.9049063231850116 0.283265625 0.12105386416861826 0.10187500000000001
0 0.49951990632318505 0.1213984375 0.18789227166276348 0.177640625
0 0.7003395784543326 0.090484375 0.1964168618266979 0.18096875
0 0.16360655737704918 0.8034218750000002 0.0746135831381733 0.18271875
0 0.041030444964871196 0.839125 0.08206088992974239 0.21846875
0 0.9858196721311475 0.2063046875 0.028360655737704916 0.115484375
0 0.14870023419203748 0.7224140625 0.03210772833723654 0.04220312500000001
0 0.5339110070257611 0.9407187499999999 0.12037470725995315 0.09843750000000001
