0 0.24324218750000004 0.6970729166666667 0.368234375 0.4414375
0 0.0664765625 0.5541979166666666 0.131765625 0.3798958333333333
0 0.7289296875 0.5797708333333333 0.36235937500000004 0.6427083333333333
0 0.5818984374999999 0.48146875000000006 0.11864062500000001 0.3673541666666667
0 0.3922109375 0.3107083333333333 0.104546875 0.26137499999999997
0 0.32996875 0.2726770833333333 0.08840625 0.3205208333333333
0 0.2276953125 0.27406250000000004 0.187359375 0.30825
0 0.0811796875 0.29882291666666666 0.148234375 0.33410416666666665
0 0.21067187499999998 0.43819791666666663 0.17865625000000002 0.2921458333333333
0 0.4061796875 0.4696666666666667 0.12807812500000001 0.305625
