0 0.3916875 0.5523194444444445 0.02009375 0.08241666666666668
0 0.773203125 0.5568611111111111 0.009437500000000001 0.043888888888888894
0 0.8860078124999999 0.5569305555555556 0.013734375 0.04669444444444444
0 0.5770468750000001 0.5672777777777778 0.00803125 0.03861111111111112
0 0.8094843750000001 0.5549444444444445 0.01128125 0.03777777777777778
0 0.6678828125 0.5853472222222222 0.013109375000000001 0.02386111111111111
0 0.41048437500000007 0.5442083333333333 0.026875 0.08347222222222223
0 0.6336171875000001 0.572513888888889 0.020640625000000003 0.022861111111111113
0 0.9119296875 0.5646666666666667 0.0073593750000000005 0.02377777777777778
0 0.015312500000000001 0.53675 0.01578125 0.033555555555555554
0 0.7523046875 0.5389305555555556 0.008296875 0.021194444444444446
0 0.5674218750000001 0.5560694444444444 0.01709375 0.04608333333333334
