0 0.8141250000000001 0.6100546875 0.019708333333333335 0.021046875000000003
0 0.6342291666666666 0.6778437500000001 0.020666666666666667 0.040125
0 0.58309375 0.9023125000000001 0.0334375 0.09793750000000001
0 0.5387708333333333 0.9030546875000001 0.041958333333333334 0.094421875
0 0.6366979166666666 0.9089921875 0.0449375 0.105609375
0 0.4134270833333334 0.9217031250000001 0.0403125 0.10046875
0 0.673375 0.6413671875000001 0.022500000000000003 0.05410937500000001
0 0.289 0.6695781250000001 0.017708333333333333 0.031187500000000003
0 0.8064895833333333 0.6361953125 0.020604166666666666 0.044515625
0 0.29733333333333334 0.9231015625 0.04616666666666667 0.09848437500000001
0 0.7560520833333333 0.6532109375 0.0231875 0.025046875000000003
