0 0.40512000000000004 0.6413466666666666 0.01508 0.04461333333333333
0 0.6077299999999999 0.7028266666666666 0.07386 0.48533333333333334
0 0.6624200000000001 0.751 0.07987999999999999 0.3949066666666667
0 0.9334 0.7120133333333333 0.13319999999999999 0.4503733333333333
0 0.52446 0.6384133333333333 0.0132 0.046959999999999995
0 0.14192 0.7249866666666667 0.11492000000000001 0.47711999999999993
0 0.36481 0.721 0.1037 0.4790133333333333
0 0.24188 0.7286933333333333 0.1564 0.46559999999999996
0 0.06473999999999999 0.7286133333333333 0.05212 0.14746666666666666
0 0.04215 0.6569733333333333 0.01486 0.05293333333333333
0 0.8016900000000001 0.7261333333333333 0.1667 0.4293866666666667
0 0.44753 0.7169866666666667 0.13090000000000002 0.5023466666666666
0 0.43273 0.7049733333333333 0.022940000000000002 0.07746666666666667
