0 0.45117 0.5334472934472935 0.23662 0.9325925925925925
0 0.30167000000000005 0.35116809116809117 0.11218000000000002 0.3025641025641026
0 0.20271 0.8123646723646724 0.13094 0.35282051282051285
0 0.72301 0.2958547008547009 0.11774 0.25433048433048433
0 0.6269499999999999 0.5201424501424502 0.0583 0.2586324786324786
0 0.34893 0.25626780626780626 0.052700000000000004 0.1617094017094017
0 0.0828 0.28279202279202276 0.05404 0.22022792022792023
0 0.93499 0.40465811965811965 0.1243 0.4313675213675214
0 0.61039 0.4138888888888889 0.09434000000000001 0.43581196581196585
0 0.8147000000000001 0.5458831908831909 0.28396 0.9082336182336184
0 0.19003 0.26727920227920227 0.05546 0.17706552706552708
0 0.059849999999999993 0.30421652421652423 0.05762 0.2304843304843305
0 0.38361 0.2348005698005698 0.032979999999999995 0.08282051282051282
0 0.484 0.3005698005698006 0.936 0.31054131054131057
