0 0.2238359375 0.6747916666666667 0.060734375 0.24654166666666666
0 0.30691406250000003 0.67421875 0.07279687500000001 0.14452083333333335
0 0.38191406250000004 0.7713229166666666 0.058453124999999995 0.10256249999999999
0 0.0906640625 0.7680104166666666 0.044578125 0.10439583333333333
0 0.084515625 0.73865625 0.04665625 0.13806249999999998
0 0.1386875 0.7720416666666667 0.06315625000000001 0.11608333333333333
0 0.9502578125000002 0.6571874999999999 0.045953125000000004 0.06366666666666666
0 0.34151562500000004 0.7877291666666667 0.12565625 0.105
0 0.2458046875 0.7888645833333333 0.079890625 0.12760416666666666
0 0.28871875 0.6453541666666668 0.05396875 0.11008333333333334
