0 0.7783828125000001 0.4977400468384075 0.35464062500000004 0.9842388758782201
0 0.2955234375 0.4654332552693209 0.31739062500000004 0.6983138173302108
0 0.389765625 0.33570257611241217 0.19628125000000002 0.6714051522248243
0 0.924640625 0.14509367681498828 0.1026875 0.29018735362997655
0 0.85103125 0.053442622950819675 0.05253125 0.10688524590163935
0 0.7859140625000001 0.04738875878220141 0.087109375 0.09163934426229509
0 0.132234375 0.04920374707259953 0.05 0.09831381733021076
0 0.17082812500000003 0.11408665105386417 0.08371875000000001 0.22784543325526935
0 0.064171875 0.13639344262295083 0.12834375 0.27278688524590167
0 0.2249140625 0.042049180327868856 0.085109375 0.08185011709601875
0 0.0762890625 0.39708430913348947 0.14660937500000001 0.2690632318501171
0 0.023921875000000002 0.07581967213114754 0.04731250000000001 0.1481264637002342
