0 0.5205505952380952 0.43355 0.3125297619047619 0.44777999999999996
0 0.03822916666666667 0.47464 0.07645833333333334 0.21280000000000002
0 0.6575148809523809 0.66018 0.06145833333333332 0.0626
0 0.08245535714285714 0.5189199999999999 0.07985119047619046 0.12028
0 0.12766369047619044 0.51838 0.07747023809523809 0.08876
0 0.7732886904761904 0.68362 0.039732142857142855 0.0574
0 0.8365029761904761 0.7029500000000001 0.05895833333333333 0.04802000000000001
0 0.7503869047619047 0.67051 0.04684523809523809 0.07438
0 0.5537202380952381 0.6400600000000001 0.05672619047619047 0.0724
0 0.029747023809523807 0.5344800000000001 0.05949404761904761 0.10728
0 0.9506547619047617 0.65226 0.0975595238095238 0.22340000000000002
0 0.5221428571428571 0.6375000000000001 0.04964285714285714 0.0712
