0 0.7506372549019608 0.5083415032679739 0.09990196078431372 0.29227124183006536
0 0.8859967320261438 0.49462418300653604 0.13950980392156861 0.3186274509803922
0 0.6113153594771242 0.48613562091503265 0.04001633986928104 0.1032516339869281
0 0.688921568627451 0.5196078431372549 0.04274509803921569 0.1268954248366013
0 0.6454084967320262 0.5171895424836601 0.017745098039215687 0.06209150326797386
0 0.977107843137255 0.5354330065359476 0.036045751633986926 0.08629084967320262
0 0.8293627450980392 0.5278104575163398 0.03199346405228758 0.12218954248366014
0 0.9642238562091504 0.5093218954248366 0.014166666666666668 0.023872549019607843
0 0.6029248366013071 0.5158905228758169 0.12323529411764707 0.15263071895424837
0 0.6573856209150327 0.5186437908496733 0.018660130718954247 0.06490196078431372
