0 0.40745312499999997 0.9034577114427861 0.0766875 0.12945273631840795
0 0.27125 0.7591044776119402 0.06378125 0.20970149253731343
0 0.08351562500000001 0.7149129353233832 0.055343750000000004 0.1439054726368159
0 0.23852343750000002 0.6360696517412935 0.027859375 0.1673134328358209
0 0.6923984375000001 0.7797512437810945 0.033234375000000003 0.04567164179104478
0 0.7834375 0.6493905472636816 0.035375000000000004 0.13748756218905472
0 0.7208203125 0.6345398009950249 0.033640625 0.15360696517412936
0 0.6640703125 0.6437686567164179 0.031828125000000006 0.11291044776119404
0 0.7381406250000001 0.7708830845771144 0.024 0.06201492537313433
0 0.255953125 0.6341791044776119 0.032125 0.18218905472636815
0 0.36899218749999996 0.74431592039801 0.024265625 0.043756218905472634
0 0.7544375 0.7985447761194029 0.0310625 0.050074626865671636
0 0.9171953125000001 0.6427487562189055 0.037171875 0.1256467661691542
0 0.54453125 0.6181592039800995 0.33906250000000004 0.14676616915422885
