0 0.5982500000000001 0.3360304449648712 0.11584375000000001 0.29065573770491804
0 0.9763359375 0.3854098360655738 0.046296875 0.12871194379391102
0 0.896859375 0.38154566744730684 0.02296875 0.08688524590163935
0 0.8734921875 0.41464871194379394 0.037578125000000004 0.14381733021077284
0 0.8471015625000002 0.40988290398126465 0.040046875 0.12131147540983606
0 0.8113359375 0.4088056206088993 0.040796875 0.11765807962529275
0 0.0845859375 0.3768969555035129 0.028328125 0.07491803278688525
0 0.12703125 0.3781147540983606 0.050375 0.072903981264637
0 0.9383906250000001 0.38710772833723656 0.03746875 0.13562060889929742
0 0.06171093750000001 0.38183840749414516 0.024890625 0.07028103044496488
0 0.9480468750000001 0.4457728337236534 0.022906250000000003 0.09627634660421545
0 0.1892421875 0.3909953161592506 0.040296875 0.07814988290398125
0 0.7663515625000001 0.3763231850117096 0.036859375 0.08740046838407495
0 0.46796875000000004 0.4238875878220141 0.9328125 0.2154566744730679
