0 0.7206718750000001 0.786435294117647 0.03 0.13230588235294116
0 0.6476250000000001 0.8336823529411764 0.0363125 0.1620470588235294
0 0.6964062500000001 0.7424941176470587 0.03740625 0.07703529411764706
0 0.6850937500000001 0.8338470588235293 0.035562500000000004 0.1480705882352941
0 0.697828125 0.7024352941176469 0.02865625 0.04915294117647059
0 0.6267109375 0.7958352941176471 0.027828125 0.13990588235294116
0 0.6684765625 0.7637882352941177 0.020765625 0.11289411764705881
0 0.6790625000000001 0.7291411764705882 0.018875000000000003 0.06703529411764705
0 0.5810234375000001 0.758270588235294 0.020140625000000002 0.03936470588235294
0 0.582703125 0.8168117647058823 0.022281250000000002 0.1452
0 0.6501875 0.7491058823529412 0.019500000000000003 0.06414117647058823
