0 0.521796875 0.5587395833333333 0.07334375 0.15518749999999998
0 0.7690390625000001 0.5404791666666666 0.032109375 0.14216666666666666
0 0.7128828125000001 0.5360312500000001 0.032421875 0.13872916666666668
0 0.94334375 0.5433958333333333 0.03425 0.142
0 0.434125 0.5503541666666666 0.0615625 0.13920833333333332
0 0.9224609375 0.5329583333333333 0.023359375 0.139375
0 0.83421875 0.5475416666666666 0.02896875 0.13495833333333335
0 0.8872265625 0.5426979166666667 0.034046875 0.1564375
0 0.30010156250000003 0.5535729166666666 0.063734375 0.14681249999999998
0 0.1383125 0.5548854166666667 0.06493750000000001 0.1508125
0 0.990640625 0.54534375 0.018718750000000003 0.1430625
0 0.9794453124999999 0.5369479166666666 0.019640625000000002 0.1333125
0 0.8176171875 0.5336979166666667 0.027859375 0.1431458333333333
0 0.44140625 0.5447916666666667 0.8703125 0.16875
