0 0.6441211401425179 0.35757031250000004 0.5993586698337293 0.38198437500000004
0 0.31238717339667454 0.5060546875 0.5533729216152019 0.399640625
0 0.3640855106888361 0.642203125 0.14019002375296913 0.132625
0 0.487790973871734 0.6441953125 0.111353919239905 0.089296875
0 0.6227790973871734 0.6616796875000001 0.0684560570071259 0.042296875000000005
0 0.13323040380047507 0.6179765625 0.07515439429928741 0.08089062500000001
0 0.8235866983372923 0.6197890625 0.15976247030878862 0.127609375
0 0.9589073634204276 0.5895703125 0.07781472684085511 0.08364062500000001
0 0.8694418052256532 0.5857578125 0.044916864608076014 0.042234375000000005
0 0.4473634204275534 0.6000234375 0.08351543942992874 0.075078125
0 0.9376484560570072 0.5453046875 0.04142517814726841 0.042578125
0 0.6699287410926367 0.6357265625 0.08137767220902613 0.07732812500000001
0 0.9004750593824229 0.5821796875 0.03553444180522566 0.036296875
0 0.4833729216152019 0.6140625000000001 0.9572446555819478 0.125
