0 0.81752 0.8022405063291139 0.03728 0.1258481012658228
0 0.74522 0.7613037974683544 0.01052 0.050962025316455696
0 0.7220500000000001 0.757240506329114 0.01018 0.035037974683544304
0 0.58989 0.7542658227848101 0.0175 0.05349367088607595
0 0.40208 0.7518101265822785 0.016120000000000002 0.055974683544303794
0 0.35895 0.755253164556962 0.0131 0.06837974683544304
0 0.15079000000000004 0.7682911392405064 0.027420000000000003 0.1088354430379747
0 0.76324 0.7553544303797469 0.017079999999999998 0.05926582278481013
0 0.124 0.7698987341772151 0.0148 0.09377215189873418
0 0.27271999999999996 0.7678860759493671 0.02688 0.07278481012658228
0 0.34606 0.7575063291139241 0.02156 0.0738987341772152
0 0.33202 0.7597594936708861 0.01764 0.0729873417721519
0 0.32223 0.7832658227848102 0.03494 0.10217721518987342
0 0.443 0.7443037974683544 0.626 0.1468354430379747
