0 0.6040700000000001 0.5767417417417418 0.03222 0.12273273273273272
0 0.48220999999999997 0.5667717717717718 0.02254 0.09342342342342343
0 0.54551 0.5587537537537537 0.02486 0.051441441441441436
0 0.58147 0.5414714714714715 0.01846 0.044924924924924926
0 0.67399 0.5948048048048048 0.030260000000000002 0.13483483483483483
0 0.5168400000000001 0.5384384384384384 0.01484 0.052732732732732726
0 0.66513 0.5172672672672672 0.01906 0.0609009009009009
0 0.6544800000000001 0.49785285285285286 0.01548 0.03888888888888889
0 0.62536 0.5885135135135134 0.01332 0.12123123123123122
0 0.50464 0.5621321321321322 0.015560000000000001 0.07705705705705705
