0 0.6835 0.5009250585480093 0.22309375 0.4533255269320843
0 0.4835234375 0.557295081967213 0.232390625 0.43594847775175644
0 0.2080546875 0.5797306791569087 0.280921875 0.3751053864168618
0 0.48768750000000005 0.05121779859484778 0.045500000000000006 0.07929742388758781
0 0.39039843750000003 0.27079625292740045 0.082203125 0.19911007025761124
0 0.471703125 0.2633957845433255 0.0900625 0.18585480093676815
0 0.2911015625 0.11637002341920374 0.026140625 0.04426229508196721
0 0.2575703125 0.10724824355971897 0.04170312500000001 0.06859484777517565
0 0.5950624999999999 0.09797423887587822 0.048093750000000005 0.0630679156908665
0 0.8439375 0.25750585480093674 0.02371875 0.1060655737704918
0 0.7020703125000001 0.09421545667447306 0.038109375 0.05400468384074941
0 0.687671875 0.24414519906323184 0.0779375 0.18154566744730677
0 0.030718750000000003 0.28187353629976575 0.06015625 0.2472599531615925
0 0.49921875000000004 0.28688524590163933 0.9984375000000001 0.5737704918032787
