0 0.62140625 0.66925 0.11100000000000002 0.464625
0 0.8589453125000001 0.6858124999999999 0.265203125 0.5765833333333333
0 0.6976875000000001 0.439625 0.008749999999999999 0.022541666666666668
0 0.6808281250000001 0.44485416666666666 0.009125 0.029083333333333336
0 0.6532109374999999 0.43466666666666665 0.012984375000000001 0.021625000000000002
0 0.3793125 0.5029375 0.013906250000000002 0.03175
0 0.0155703125 0.5123020833333334 0.014953125000000001 0.017437499999999998
0 0.030515625000000005 0.5095625 0.0134375 0.019791666666666666
0 0.047609375 0.5029270833333332 0.009875000000000002 0.0374375
0 0.33855468750000006 0.470375 0.013078125 0.043000000000000003
0 0.167 0.50809375 0.0128125 0.025479166666666667
0 0.30846875 0.4716666666666667 0.0131875 0.03766666666666666
