0 0.8070308788598575 0.6531328125 0.01971496437054632 0.026453125
0 0.784144893111639 0.6515312500000001 0.016935866983372922 0.0269375
0 0.8271971496437055 0.6520546875000001 0.03225653206650832 0.029078125
0 0.7544893111638955 0.6546015625 0.01995249406175772 0.021890625
0 0.9362589073634204 0.6522421875000001 0.025629453681710213 0.040734375
0 0.9107363420427554 0.6563046875 0.03947743467933492 0.032796874999999996
0 0.7591686460807602 0.6494609375000001 0.010688836104513065 0.017140625000000003
0 0.6562114014251782 0.6508203125 0.02819477434679335 0.017359375
0 0.7963064133016626 0.6541953125000001 0.01646080760095012 0.024953125000000003
0 0.768064133016627 0.6530390625 0.014085510688836105 0.025578125000000004
