0 0.2553359375 0.6649062499999999 0.345515625 0.6696458333333334
0 0.6115 0.7104583333333333 0.38759375 0.5790833333333333
0 0.8103750000000001 0.49541666666666667 0.256375 0.5004583333333333
0 0.9146093750000001 0.74425 0.17078125 0.4696666666666667
0 0.5702734374999999 0.46427083333333335 0.228734375 0.45745833333333336
0 0.3716328125 0.5123541666666667 0.19382812500000002 0.59775
0 0.24283593750000004 0.29834374999999996 0.15517187500000001 0.2000625
0 0.11165625 0.31753125 0.10875 0.18852083333333333
0 0.0748203125 0.5147708333333333 0.102859375 0.6956666666666667
0 0.58240625 0.21125000000000002 0.08259375000000001 0.12158333333333333
0 0.688109375 0.30364583333333334 0.16584375 0.24333333333333332
0 0.866453125 0.28910416666666666 0.124125 0.19216666666666665
0 0.7637812500000001 0.25526041666666666 0.09175 0.22872916666666668
0 0.49921875000000004 0.49895833333333334 0.9984375000000001 0.9979166666666667
