0 0.4688984375 0.5035000000000001 0.042828125 0.07116666666666666
0 0.37942968750000006 0.5223854166666667 0.060328125 0.056812499999999995
0 0.8290625 0.42492708333333334 0.0236875 0.08814583333333334
0 0.9010312500000002 0.50525 0.037750000000000006 0.12454166666666666
0 0.26599999999999996 0.4833958333333333 0.05384375 0.12308333333333332
0 0.4649609375 0.19404166666666667 0.012296875 0.018416666666666665
0 0.4853750000000001 0.20413541666666665 0.008125 0.010187499999999999
0 0.42995312500000005 0.21307291666666664 0.0088125 0.010187499999999999
0 0.967796875 0.09255208333333334 0.01646875 0.027104166666666665
0 0.6170390625 0.2071666666666667 0.011421875 0.018791666666666665
0 0.2383046875 0.19035416666666669 0.012109375 0.019375
0 0.28788281250000003 0.18701041666666668 0.014015625000000002 0.0255625
0 0.5313984374999999 0.16684375 0.013296875 0.031104166666666665
0 0.5078125 0.1625 0.978125 0.3208333333333333
