0 0.3766875 0.44607291666666665 0.17696875 0.5505625
0 0.6820078125000001 0.52184375 0.24951562500000002 0.6468958333333333
0 0.17229687500000002 0.621625 0.21284375 0.7364999999999999
0 0.1621171875 0.2884895833333333 0.044578125 0.10364583333333333
0 0.44598437499999993 0.2710104166666667 0.0528125 0.08510416666666668
0 0.8582578125 0.5640729166666667 0.283484375 0.8688541666666667
0 0.5079921875000001 0.2685625 0.025546875000000004 0.052375
0 0.20796875 0.2485208333333333 0.02384375 0.04520833333333333
0 0.10697656250000001 0.25238541666666664 0.020109375 0.03510416666666667
0 0.048453125 0.3722291666666667 0.07490625 0.3055833333333333
0 0.096609375 0.3210729166666667 0.0428125 0.15464583333333334
0 0.26872656250000004 0.26368749999999996 0.043609375000000006 0.053875
