0 0.7730520833333333 0.6554296875 0.0220625 0.044203125
0 0.5614166666666667 0.65334375 0.025 0.04831250000000001
0 0.5605416666666667 0.766515625 0.03125 0.10990625000000001
0 0.911 0.6697500000000001 0.03275 0.053125000000000006
0 0.13316666666666666 0.7841796875 0.06 0.11610937500000001
0 0.18689583333333332 0.6913750000000001 0.038875 0.05159375000000001
0 0.6270625 0.8554843750000001 0.09366666666666666 0.17471875
0 0.84153125 0.7856562500000001 0.050104166666666665 0.10353125000000002
0 0.48299999999999993 0.7665546875000001 0.054875 0.11889062500000001
0 0.42692708333333335 0.7724453125 0.04714583333333333 0.116578125
0 0.38308333333333333 0.7583984375 0.043250000000000004 0.10607812500000001
0 0.3134375 0.7502109375 0.03766666666666666 0.10723437499999999
0 0.4322916666666667 0.6570312500000001 0.8604166666666666 0.3296875
