0 0.4061796875 0.5026979166666667 0.262921875 0.5977708333333334
0 0.7542343750000001 0.5344270833333333 0.48250000000000004 0.9311458333333333
0 0.924578125 0.2448125 0.10787500000000001 0.17529166666666668
0 0.8918906249999999 0.1925 0.035687500000000004 0.048666666666666664
0 0.3153984375 0.13960416666666667 0.014203125 0.048749999999999995
0 0.3664140625 0.11783333333333332 0.012234375 0.04558333333333333
0 0.3469453125 0.12009374999999999 0.010265625 0.04622916666666667
0 0.7008593750000001 0.19067708333333333 0.01584375 0.03897916666666667
0 0.5742109375000001 0.11597916666666665 0.006171875 0.020874999999999998
0 0.3566796875 0.11264583333333333 0.012796875 0.034375
