0 0.3776206140350877 0.59903125 0.748969298245614 0.6345312500000001
0 0.686688596491228 0.28680468750000004 0.15749999999999997 0.323140625
0 0.35237938596491225 0.2388125 0.1175657894736842 0.18440625
0 0.22336622807017545 0.08554687500000001 0.04967105263157894 0.09690625000000001
0 0.7624342105263158 0.29192968750000003 0.10995614035087718 0.26620312500000004
0 0.852828947368421 0.08583593750000001 0.08153508771929824 0.10520312500000001
0 0.51 0.10290625 0.037192982456140354 0.0673125
0 0.27287280701754385 0.10212500000000001 0.036008771929824566 0.064875
0 0.17035087719298242 0.08121093750000001 0.059166666666666666 0.09585937500000001
0 0.529594298245614 0.30800000000000005 0.3106359649122807 0.38134375000000004
0 0.4042214912280702 0.10196875 0.054232456140350875 0.0721875
