0 0.2414864864864865 0.44404000000000005 0.14177177177177178 0.21796000000000001
0 0.5382132132132131 0.55355 0.5791291291291291 0.6998200000000001
0 0.8645345345345344 0.33931 0.04732732732732733 0.054020000000000006
0 0.15561561561561563 0.41897 0.05795795795795796 0.12869999999999998
0 0.04003003003003003 0.34253 0.07567567567567567 0.08802
0 0.7326876876876877 0.45571999999999996 0.06237237237237237 0.13552
0 0.6825225225225224 0.44474 0.062402402402402406 0.15248
0 0.719009009009009 0.42635 0.06432432432432433 0.13606000000000001
0 0.9533033033033033 0.34424 0.046546546546546545 0.049600000000000005
0 0.9177327327327326 0.43626 0.09618618618618618 0.12232
0 0.3646546546546547 0.43203 0.07597597597597598 0.11334000000000001
0 0.3081681681681681 0.43169 0.023483483483483485 0.07698
0 0.8393393393393394 0.432 0.2012012012012012 0.20800000000000002
