0 0.5474140625 0.9244953051643192 0.066140625 0.08537558685446009
0 0.8138437500000001 0.8321713615023474 0.022375000000000003 0.10049295774647889
0 0.9820156250000001 0.8117253521126762 0.021906250000000002 0.09115023474178403
0 0.867546875 0.8198474178403756 0.015125 0.0681924882629108
0 0.8979296875 0.8299530516431923 0.015015625 0.06352112676056337
0 0.3719921875 0.8135798122065727 0.028953125000000003 0.08166666666666667
0 0.8830546875 0.8118427230046947 0.017921875 0.07931924882629109
0 0.5409140625000001 0.7968544600938967 0.026640625 0.09746478873239438
0 0.34729687500000006 0.8219483568075117 0.014718750000000001 0.038262910798122066
0 0.2583359375 0.7984154929577465 0.006578125000000001 0.031384976525821597
0 0.27861718750000003 0.7845422535211268 0.007046875 0.03950704225352113
0 0.9252187500000002 0.8503403755868545 0.047093750000000004 0.12002347417840377
0 0.46171093750000003 0.9250352112676057 0.047984375 0.07208920187793427
0 0.49375 0.7852112676056339 0.978125 0.11502347417840376
