0 0.27638 0.5742942942942942 0.05468 0.12018018018018019
0 0.035840000000000004 0.5602702702702702 0.0332 0.1612012012012012
0 0.80765 0.5823423423423423 0.02678 0.06738738738738739
0 0.24116000000000004 0.5776726726726727 0.03984000000000001 0.10531531531531532
0 0.3312 0.5584384384384384 0.036840000000000005 0.07561561561561561
0 0.34792999999999996 0.5474624624624624 0.0343 0.16039039039039038
0 0.74972 0.5448048048048049 0.037520000000000005 0.15837837837837837
0 0.38595000000000007 0.6024624624624625 0.15630000000000002 0.4664264264264264
0 0.5476899999999999 0.543948948948949 0.0351 0.15564564564564565
0 0.58342 0.5548498498498498 0.0262 0.14345345345345345
0 0.81975 0.5814714714714715 0.03454 0.06666666666666667
0 0.61552 0.542957957957958 0.04556 0.16099099099099098
0 0.6341500000000001 0.5377627627627627 0.01966 0.11600600600600601
0 0.505 0.6081081081081081 0.914 0.44144144144144143
