0 0.7428337236533957 0.378765625 0.5043559718969556 0.59671875
0 0.27113583138173303 0.5415703125 0.5287822014051522 0.916859375
0 0.3823653395784543 0.3683359375 0.29362997658079626 0.270609375
0 0.7376229508196721 0.3561796875 0.21557377049180326 0.24945312500000003
0 0.6568852459016393 0.3365390625 0.17672131147540981 0.201609375
0 0.20574941451990633 0.2006171875 0.06578454332552693 0.154796875
0 0.5934192037470727 0.23113281250000003 0.07564402810304449 0.160921875
0 0.4212177985948478 0.22128125 0.12023419203747074 0.28365625
0 0.6984777517564403 0.194 0.09419203747072599 0.16140625
0 0.32166276346604217 0.14382031250000002 0.18524590163934426 0.22473437500000004
0 0.36907494145199066 0.3228203125 0.18447306791569085 0.18729687500000003
0 0.8159953161592505 0.13539062500000001 0.055456674473067916 0.07112500000000001
