0 0.354015625 0.36825227963525836 0.0631875 0.31808510638297877
0 0.28475781250000004 0.07191489361702127 0.040421875 0.14382978723404255
0 0.557875 0.4206838905775076 0.06625 0.35285714285714287
0 0.4406640625 0.09074468085106382 0.058796875000000005 0.1813677811550152
0 0.14084375000000002 0.06904255319148936 0.058687500000000004 0.12908814589665654
0 0.042874999999999996 0.06521276595744681 0.06596875 0.13042553191489362
0 0.529 0.08110942249240122 0.06253125000000001 0.14641337386018238
0 0.8559375 0.16664133738601825 0.05196875 0.09492401215805471
0 0.6194999999999999 0.09372340425531915 0.09284375 0.15838905775075987
0 0.08628125 0.06221884498480243 0.047468750000000004 0.12443768996960486
