0 0.9394339622641509 0.39742187500000004 0.021745283018867925 0.027250000000000003
0 0.9138915094339622 0.39097656250000007 0.01938679245283019 0.036484375000000006
0 0.29823113207547164 0.35142968750000003 0.008726415094339622 0.013859375
0 0.24603773584905658 0.351796875 0.008349056603773585 0.014875
0 0.835625 0.386046875 0.018183962264150942 0.0223125
0 0.7924056603773585 0.382453125 0.016556603773584904 0.02140625
0 0.3747995283018868 0.3584609375 0.010495283018867924 0.021671875
0 0.23755896226415096 0.35208593750000006 0.010872641509433963 0.015984375000000002
0 0.8976061320754716 0.38959375 0.018938679245283016 0.034625
0 0.43341981132075463 0.6123671875 0.3139150943396226 0.567671875
0 0.8916863207547169 0.361390625 0.00535377358490566 0.007625
0 0.44527122641509437 0.3643515625 0.04356132075471698 0.057703125
