0 0.30176562500000004 0.5022887323943662 0.464375 0.9903521126760563
0 0.679140625 0.6258450704225352 0.222375 0.3544131455399061
0 0.7154609375000001 0.4149765258215963 0.17739062500000002 0.37056338028169017
0 0.8829296875000001 0.4184037558685446 0.193359375 0.4107042253521127
0 0.49421093750000006 0.4921361502347417 0.22923437500000002 0.46018779342723004
0 0.062078125 0.3876408450704225 0.12415625 0.3752816901408451
0 0.158203125 0.2354225352112676 0.1611875 0.3901408450704225
0 0.9235078125000001 0.308556338028169 0.152984375 0.5202582159624413
0 0.5856875 0.30163145539906105 0.17625000000000002 0.37100938967136154
0 0.23700000000000002 0.29024647887323946 0.08415625 0.1925586854460094
0 0.9496640625000001 0.877605633802817 0.10067187500000002 0.24478873239436622
0 0.889984375 0.9233685446009389 0.0925625 0.15326291079812207
