0 0.60033 0.527463768115942 0.14498 0.7793236714975845
0 0.80567 0.6258454106280193 0.24934 0.7258454106280193
0 0.82047 0.28143719806763284 0.1787 0.26065217391304346
0 0.40589 0.33991545893719805 0.08586 0.3560628019323671
0 0.48516 0.3330555555555555 0.0698 0.38499999999999995
0 0.31237000000000004 0.31554347826086954 0.10166 0.3402173913043478
0 0.37466000000000005 0.22850241545893718 0.04572 0.12676328502415457
0 0.22035 0.30913043478260865 0.07318000000000001 0.31516908212560385
0 0.0991 0.3125 0.09816 0.38702898550724635
0 0.9540000000000001 0.36966183574879224 0.092 0.42922705314009657
0 0.7429600000000001 0.2668599033816425 0.07552 0.20115942028985506
0 0.46052000000000004 0.21909420289855075 0.05396 0.12359903381642512
0 0.51812 0.4194806763285024 0.11644 0.4746618357487922
0 0.191 0.30917874396135264 0.33 0.35265700483091783
