0 0.6599218750000001 0.57534375 0.04646875 0.15552083333333333
0 0.29978125 0.8178749999999999 0.1404375 0.25779166666666664
0 0.9084765625000002 0.46851041666666665 0.022203125000000004 0.08127083333333333
0 0.931625 0.4579895833333333 0.022625000000000003 0.08297916666666666
0 0.17443750000000002 0.41784375 0.007593750000000001 0.03252083333333333
0 0.985 0.47442708333333333 0.03 0.07127083333333334
0 0.5387890625 0.44161458333333337 0.019984375 0.01922916666666667
0 0.4120078125 0.4342604166666667 0.022640625 0.021437499999999998
0 0.49195312500000005 0.42533333333333334 0.012687499999999999 0.04958333333333333
0 0.4267265625000001 0.4161875 0.011515625000000002 0.03904166666666666
0 0.4813750000000001 0.4333854166666667 0.00990625 0.024770833333333336
0 0.47341406249999995 0.42901041666666667 0.008078125 0.0146875
0 0.5629375000000001 0.4415104166666666 0.01865625 0.016854166666666667
0 0.5 0.5135416666666667 0.9968750000000001 0.4979166666666667
