0 0.2197890625 0.9471077283372364 0.07029687500000001 0.10578454332552693
0 0.2618984375 0.9265339578454332 0.047640625 0.10459016393442622
0 0.6119609375000001 0.9533489461358314 0.078671875 0.09330210772833725
0 0.97796875 0.9428805620608899 0.044062500000000004 0.11311475409836065
0 0.91525 0.9348243559718968 0.02890625 0.06337236533957845
0 0.05203125 0.9421896955503513 0.06509374999999999 0.11562060889929741
0 0.8860703124999999 0.9358079625292739 0.029046875 0.08201405152224825
0 0.387828125 0.9358430913348946 0.019343750000000003 0.08306791569086651
0 0.7198046874999999 0.9410421545667448 0.022359375 0.08475409836065573
0 0.6919843750000001 0.9266744730679157 0.0244375 0.05423887587822014
0 0.1835078125 0.9309016393442623 0.018359375 0.051405152224824356
0 0.7915468750000001 0.9168384074941452 0.0173125 0.045292740046838406
0 0.8681015625000001 0.916463700234192 0.027953125000000002 0.03409836065573771
0 0.56015625 0.9437939110070258 0.8015625000000001 0.10772833723653395
