0 0.49471875000000004 0.5326525821596244 0.38978125 0.8175586854460093
0 0.143171875 0.7027112676056338 0.28334375 0.5495539906103287
0 0.142234375 0.3390023474178404 0.15671875000000002 0.33147887323943664
0 0.35681250000000003 0.04158450704225352 0.0533125 0.06392018779342723
0 0.47943750000000007 0.03373239436619718 0.0615 0.06746478873239437
0 0.6137343749999999 0.037640845070422535 0.04675000000000001 0.06692488262910799
0 0.9648203125000001 0.3566197183098592 0.070359375 0.15061032863849766
0 0.6550781250000001 0.3039906103286385 0.044000000000000004 0.06807511737089202
0 0.245171875 0.03285211267605634 0.12028125 0.0573943661971831
0 0.41039062500000006 0.039530516431924886 0.054125000000000006 0.07032863849765258
0 0.817265625 0.03411971830985916 0.10078125 0.06823943661971832
0 0.11446875 0.03585680751173709 0.061625 0.0665962441314554
0 0.16711718750000001 0.03477699530516432 0.047578125 0.05753521126760564
0 0.49921875000000004 0.31103286384976525 0.9984375000000001 0.6220657276995305
