0 0.9742740046838407 0.6878437500000001 0.04836065573770491 0.0955
0 0.5874707259953162 0.702515625 0.04838407494145199 0.10534375000000001
0 0.9023419203747073 0.6772109374999999 0.034004683840749415 0.063171875
0 0.8701288056206089 0.6773750000000001 0.037400468384074945 0.06325
0 0.5547306791569087 0.7000078125 0.034707259953161596 0.110453125
0 0.9571311475409836 0.6778437500000001 0.02639344262295082 0.08496875000000001
0 0.9305737704918032 0.6861562500000001 0.027283372365339578 0.03996875
0 0.3102341920374707 0.6776093750000001 0.01747072599531616 0.03615625
0 0.20209601873536298 0.6825078124999999 0.025644028103044496 0.043453125
0 0.22798594847775175 0.684890625 0.027259953161592507 0.040843750000000005
0 0.502903981264637 0.699671875 0.0375175644028103 0.047625
