0 0.664671875 0.8541875 0.0119375 0.033833333333333326
0 0.8017578125 0.8852916666666667 0.013453125 0.024333333333333332
0 0.694015625 0.8743333333333333 0.01940625 0.03045833333333333
0 0.6441015625 0.84621875 0.014140625000000002 0.04052083333333333
0 0.7611328125000001 0.8774270833333334 0.011234375000000001 0.03139583333333333
0 0.4216015625 0.8229375 0.006234375 0.020083333333333335
0 0.7826328125 0.86315625 0.013953125 0.023770833333333335
0 0.3387578125 0.96453125 0.010390625 0.07093749999999999
0 0.13661718750000001 0.9687395833333333 0.026390625 0.06252083333333333
0 0.8635390625 0.8746458333333332 0.012265625 0.05
0 0.7925234375 0.8753958333333333 0.009984375 0.03820833333333333
0 0.9368124999999999 0.8653854166666667 0.013281250000000001 0.0280625
