0 0.4716484375000001 0.34538641686182675 0.084390625 0.2696018735362998
0 0.2104921875 0.37480093676814985 0.027234375 0.10426229508196722
0 0.23712500000000003 0.3803864168618267 0.024875 0.10330210772833724
0 0.0686015625 0.3788056206088993 0.033203125 0.09676814988290398
0 0.258421875 0.38304449648711947 0.029281249999999998 0.10131147540983607
0 0.3150078125 0.38336065573770495 0.027171875 0.09084309133489461
0 0.29192968750000003 0.384519906323185 0.024765625 0.10562060889929743
0 0.33901562500000004 0.38903981264637005 0.034531250000000006 0.08730679156908665
0 0.2749921875 0.3887002341920375 0.024453125000000003 0.08887587822014052
0 0.3674921875 0.3829391100702576 0.030546875 0.08723653395784543
0 0.8092734374999999 0.39936768149882906 0.032359375 0.14037470725995316
0 0.8560468750000001 0.3896487119437939 0.03409375 0.09601873536299765
0 0.9889921875 0.4265222482435597 0.022015625 0.0924824355971897
0 0.49921875000000004 0.44730679156908665 0.9984375000000001 0.2529274004683841
