0 0.17293749999999997 0.6687031250000001 0.11354166666666667 0.10643750000000002
0 0.22526041666666666 0.6570312500000001 0.036520833333333336 0.04831250000000001
0 0.26219791666666664 0.6665703125000001 0.05210416666666667 0.080296875
0 0.3407083333333334 0.7254453125 0.18404166666666666 0.20460937499999998
0 0.9259583333333333 0.6741953125 0.057916666666666665 0.089921875
0 0.9791770833333333 0.6622187500000001 0.041645833333333326 0.09871875000000001
0 0.05239583333333333 0.7602656250000001 0.10479166666666666 0.079375
0 0.2381875 0.6782812500000001 0.04283333333333333 0.038000000000000006
0 0.19684374999999998 0.7970390625000001 0.26385416666666667 0.20579687500000002
0 0.39480208333333333 0.651953125 0.5748958333333333 0.6649375000000001
