0 0.35320312500000006 0.5461682242990653 0.0466875 0.18018691588785046
0 0.45023437499999996 0.541518691588785 0.060437500000000005 0.18112149532710278
0 0.274703125 0.7443574766355139 0.10400000000000001 0.5092757009345794
0 0.2416640625 0.7670677570093457 0.09357812500000001 0.46586448598130836
0 0.195359375 0.742698598130841 0.1653125 0.48764018691588784
0 0.5871953125 0.5098130841121494 0.034796875 0.12649532710280373
0 0.7822109375 0.5668457943925233 0.142765625 0.2786448598130841
0 0.8363281250000001 0.4824299065420561 0.050937500000000004 0.09649532710280373
0 0.8917812500000001 0.5660864485981308 0.09484375 0.27095794392523365
0 0.388109375 0.520911214953271 0.044250000000000005 0.12401869158878503
0 0.6584921875 0.6408644859813083 0.14270312500000001 0.46672897196261676
0 0.9719062500000002 0.5586098130841121 0.03853125 0.2611448598130841
0 0.72375 0.4704088785046729 0.0223125 0.051191588785046725
0 0.4890625 0.5490654205607476 0.434375 0.1822429906542056
