0 0.22957031250000004 0.4961438679245283 0.016984375 0.05025943396226414
0 0.1147265625 0.9663561320754717 0.050828125 0.0672877358490566
0 0.38103125 0.47455188679245275 0.014687500000000001 0.04028301886792452
0 0.4243359375 0.4476061320754717 0.018953125 0.043891509433962264
0 0.53375 0.34803066037735847 0.0090625 0.016108490566037737
0 0.4332500000000001 0.7167688679245282 0.0363125 0.10056603773584906
0 0.35683593750000003 0.4390683962264151 0.020921875000000003 0.08139150943396226
0 0.22487500000000005 0.4006603773584906 0.01178125 0.013349056603773585
0 0.9953125 0.6975825471698113 0.009375000000000001 0.13794811320754716
0 0.376921875 0.412311320754717 0.009875000000000002 0.03443396226415094
0 0.312140625 0.31838443396226407 0.010000000000000002 0.020400943396226414
0 0.292328125 0.31389150943396227 0.010062500000000002 0.014056603773584905
0 0.24539062500000003 0.27744103773584905 0.007781250000000001 0.022570754716981133
0 0.49921875000000004 0.5577830188679245 0.9984375000000001 0.8797169811320754
