0 0.28516239316239317 0.6998671875000001 0.10591452991452992 0.160703125
0 0.6183760683760684 0.6336015625 0.13651282051282052 0.195859375
0 0.4883675213675214 0.6799921875000001 0.13376068376068376 0.18095312500000002
0 0.4265470085470085 0.7280937500000001 0.11555555555555555 0.20225
0 0.6803846153846155 0.5013828125 0.013623931623931624 0.016171875
0 0.2484786324786325 0.5238515625 0.09514529914529914 0.201265625
0 0.6552393162393162 0.49809375 0.03317948717948718 0.0295
0 0.8335213675213675 0.499625 0.030051282051282047 0.03671875
0 0.788051282051282 0.502078125 0.02393162393162393 0.025656250000000005
0 0.4642820512820513 0.5952421875000001 0.056017094017094024 0.071203125
