0 0.082703125 0.6482159090909091 0.11696875000000001 0.45411363636363633
0 0.502140625 0.6344772727272726 0.1450625 0.2838181818181818
0 0.6110234375000001 0.6382045454545454 0.270359375 0.4314545454545454
0 0.18384375 0.6460681818181817 0.10196875000000001 0.3977727272727273
0 0.2219296875 0.5144886363636363 0.09017187500000001 0.29574999999999996
0 0.0571640625 0.35970454545454544 0.114328125 0.18427272727272725
0 0.5416406250000001 0.37544318181818176 0.030375000000000003 0.06802272727272726
0 0.15052343750000002 0.2776363636363636 0.036265625 0.08650000000000001
0 0.6996328125000001 0.2440113636363636 0.040546875 0.14779545454545454
0 0.7761171875000001 0.35227272727272724 0.048171875 0.07186363636363637
0 0.13871875 0.34552272727272726 0.06553125 0.18563636363636365
0 0.5698437500000001 0.23448863636363634 0.049125 0.12143181818181817
0 0.8772734375000001 0.25798863636363634 0.046140625000000005 0.12306818181818181
0 0.509375 0.3693181818181818 0.978125 0.33409090909090905
