0 0.36711000000000005 0.5192942942942942 0.01986 0.02897897897897898
0 0.45621999999999996 0.535990990990991 0.013800000000000002 0.05756756756756757
0 0.64371 0.4629279279279279 0.00966 0.043813813813813815
0 0.62655 0.4641441441441441 0.006900000000000001 0.049909909909909914
0 0.28203000000000006 0.5837537537537538 0.0167 0.026786786786786785
0 0.26072 0.5857957957957959 0.008 0.028288288288288287
0 0.14512 0.5998948948948949 0.0116 0.04801801801801802
0 0.12390999999999999 0.607987987987988 0.01314 0.03213213213213213
0 0.63426 0.4629279279279279 0.00936 0.048618618618618624
0 0.5172300000000001 0.48825825825825825 0.014580000000000001 0.04258258258258258
0 0.13731000000000002 0.6041591591591592 0.007940000000000001 0.04657657657657657
0 0.42902 0.4891441441441441 0.00976 0.03264264264264264
0 0.37785 0.4838588588588589 0.0097 0.01876876876876877
0 0.562 0.4894894894894895 0.704 0.29429429429429427
