0 0.5855707762557077 0.7161674528301886 0.11036529680365297 0.18525943396226413
0 0.8488926940639269 0.6221816037735849 0.11883561643835615 0.1871933962264151
0 0.6709817351598173 0.2744221698113207 0.10908675799086757 0.2072877358490566
0 0.7782762557077625 0.8390094339622641 0.18015981735159817 0.24372641509433962
0 0.963310502283105 0.7488679245283019 0.07337899543378995 0.2342452830188679
0 0.5963812785388127 0.6148938679245284 0.11897260273972601 0.20030660377358492
0 0.5289041095890411 0.5848702830188679 0.0873972602739726 0.24516509433962264
0 0.36996575342465754 0.4438915094339622 0.10979452054794521 0.16650943396226414
0 0.6515296803652968 0.40113207547169805 0.10223744292237442 0.15056603773584906
0 0.7281506849315068 0.3869811320754717 0.09397260273972602 0.16863207547169812
0 0.3331849315068493 0.8447759433962263 0.11787671232876712 0.2360141509433962
0 0.18591324200913242 0.5405306603773585 0.0789041095890411 0.13016509433962264
0 0.8024086757990867 0.4182900943396226 0.09993150684931507 0.2272877358490566
0 0.49885844748858443 0.4893867924528302 0.9977168949771689 0.9787735849056604
