0 0.8003903903903903 0.53362 0.3992192192192192 0.89888
0 0.2508108108108108 0.52795 0.5016216216216216 0.9441
0 0.5182582582582582 0.16507999999999998 0.1374774774774775 0.07672
0 0.7028228228228228 0.14576999999999998 0.16156156156156154 0.12706
0 0.5220270270270271 0.048560000000000006 0.09216216216216216 0.09712000000000001
0 0.9576276276276275 0.058960000000000005 0.08474474474474473 0.09792000000000001
0 0.7458558558558559 0.047420000000000004 0.15921921921921922 0.09484000000000001
0 0.07001501501501502 0.08726 0.11840840840840841 0.14896
0 0.6405405405405405 0.16833 0.07657657657657657 0.0643
0 0.9178228228228228 0.06683 0.09654654654654654 0.07046
