0 0.16131 0.8095733333333334 0.06545999999999999 0.12527999999999997
0 0.8802 0.7315600000000001 0.02236 0.036186666666666666
0 0.92884 0.7341466666666666 0.01504 0.033626666666666666
0 0.9094099999999999 0.7372933333333334 0.024579999999999998 0.062373333333333336
0 0.535 0.7457199999999999 0.02116 0.03997333333333333
0 0.6340399999999999 0.7492266666666666 0.020079999999999997 0.027786666666666664
0 0.89162 0.7310133333333333 0.01504 0.036213333333333333
0 0.59512 0.7546133333333334 0.01908 0.03562666666666666
0 0.5178400000000001 0.7493333333333333 0.02672 0.04224
0 0.10198 0.75924 0.021 0.04290666666666666
0 0.84102 0.7390399999999999 0.026600000000000002 0.04997333333333333
