0 0.39094 0.29272000000000004 0.21684 0.41514666666666666
0 0.97839 0.04825333333333333 0.0423 0.09085333333333333
0 0.16612000000000002 0.16381333333333334 0.1238 0.22373333333333334
0 0.06404000000000001 0.20224 0.12472 0.3370666666666667
0 0.26415 0.7617733333333334 0.22906 0.47143999999999997
0 0.6168600000000001 0.7749066666666667 0.23932 0.4269866666666667
0 0.7275 0.7684266666666666 0.1786 0.3151466666666667
0 0.6918500000000001 0.2550666666666666 0.35898 0.5011199999999999
0 0.07961 0.7353733333333333 0.14942 0.19816
0 0.67489 0.47187999999999997 0.65022 0.8600266666666666
0 0.36994 0.6921333333333334 0.07584 0.13034666666666667
0 0.27268000000000003 0.14181333333333332 0.11976 0.20618666666666663
0 0.8725 0.05757333333333333 0.05404 0.06384000000000001
0 0.554 0.3733333333333333 0.888 0.7466666666666666
