0 0.12609375 0.72967362924282 0.16425 0.5406527415143603
0 0.2235390625 0.5557441253263709 0.105890625 0.32125326370757185
0 0.4682890625 0.5126109660574412 0.100953125 0.4639164490861619
0 0.590890625 0.3789947780678851 0.07690625000000001 0.2692167101827676
0 0.6738515625 0.38193211488250656 0.061015625 0.23822454308093993
0 0.84278125 0.3812924281984334 0.058750000000000004 0.2650913838120105
0 0.782 0.5303394255874674 0.09009375 0.45394255874673634
0 0.05209375000000001 0.37455613577023494 0.05559375 0.21214099216710183
0 0.9156875 0.4339033942558747 0.08253125 0.3560574412532637
0 0.10533593749999999 0.3572715404699739 0.066484375 0.20315926892950392
0 0.5795546874999999 0.5423629242819843 0.09848437500000001 0.272976501305483
0 0.3085 0.5758616187989556 0.08737500000000001 0.24216710182767626
0 0.3952734375 0.4356266318537859 0.048734375 0.13950391644908616
0 0.5 0.4308093994778068 0.9968750000000001 0.4804177545691906
