0 0.3346328125 0.515734649122807 0.320234375 0.7258552631578947
0 0.19909375 0.5465350877192982 0.1985625 0.5729824561403508
0 0.6597578125000001 0.7336293859649123 0.058328125 0.23703947368421052
0 0.5193046874999999 0.6583552631578946 0.037171875 0.0869736842105263
0 0.5717265625 0.5902741228070175 0.034265625 0.05945175438596491
0 0.9278515624999999 0.5740899122807018 0.036828125 0.1662938596491228
0 0.7730312500000001 0.7734649122807018 0.067 0.16021929824561404
0 0.8187890625 0.6925767543859649 0.041296875000000004 0.08563596491228069
0 0.8686953125000001 0.5819517543859649 0.029328125 0.13109649122807018
0 0.4006015625 0.7727302631578947 0.044140625 0.15164473684210528
0 0.9491796875 0.7783114035087719 0.08273437500000001 0.14903508771929821
0 0.756421875 0.602905701754386 0.0229375 0.13651315789473684
0 0.7854453125 0.6114692982456139 0.041015625 0.09469298245614034
0 0.5 0.6743421052631579 0.9968750000000001 0.4320175438596491
