0 0.314609375 0.6895520833333334 0.07415625 0.2283125
0 0.37321875 0.6287083333333333 0.046312500000000006 0.11045833333333334
0 0.34952343750000003 0.55415625 0.06760937500000001 0.12514583333333335
0 0.614671875 0.58515625 0.041593750000000006 0.1698125
0 0.516828125 0.5500208333333333 0.022906250000000003 0.10758333333333334
0 0.46316406250000003 0.5581770833333334 0.027171875 0.13777083333333331
0 0.06782031250000001 0.6501041666666666 0.043453125 0.13758333333333334
0 0.43724999999999997 0.5188958333333333 0.02975 0.052125
0 0.3838203125 0.57853125 0.023078125 0.04702083333333333
0 0.5290390625000001 0.5328020833333333 0.009890625 0.06347916666666667
0 0.4784765625 0.5445208333333333 0.024265625 0.11345833333333333
0 0.056054687500000006 0.58959375 0.054828125000000005 0.18052083333333335
