0 0.1115234375 0.7073472222222222 0.036578125 0.16008333333333336
0 0.0611796875 0.6763194444444445 0.019609375000000002 0.06130555555555556
0 0.4819453125 0.6694027777777778 0.018015625 0.09352777777777779
0 0.50978125 0.6829444444444445 0.013375000000000001 0.03188888888888889
0 0.5932578125 0.6952361111111112 0.006515625000000001 0.026583333333333334
0 0.17443750000000002 0.6824583333333334 0.030343750000000003 0.13036111111111112
0 0.6954765625000001 0.6956249999999999 0.007921875 0.02225
0 0.8338437500000002 0.6890138888888889 0.00803125 0.026694444444444444
0 0.4992109375 0.6765277777777777 0.009828125 0.0815
0 0.5463125 0.6972361111111112 0.01153125 0.03530555555555556
0 0.43153125000000003 0.6900833333333334 0.00865625 0.03744444444444445
0 0.7014453125000001 0.6387916666666666 0.006609375000000001 0.020527777777777777
0 0.230421875 0.7638333333333334 0.09743750000000001 0.4718333333333334
0 0.38984375000000004 0.6472222222222223 0.5453125 0.22777777777777777
