0 0.3596328125 0.6032916666666667 0.179015625 0.2680416666666667
0 0.4261796875 0.4987083333333333 0.11989062500000001 0.18304166666666666
0 0.472390625 0.439375 0.12487500000000001 0.17425
0 0.46671875 0.38989583333333333 0.0658125 0.1557083333333333
0 0.6551562500000001 0.36191666666666666 0.07421875 0.10020833333333333
0 0.7207890625000001 0.7528333333333334 0.340453125 0.49433333333333335
0 0.4318203125 0.8070624999999999 0.434109375 0.382875
0 0.6832500000000001 0.5862291666666666 0.1481875 0.27975
0 0.18335937500000002 0.74771875 0.28909375000000004 0.5045625
0 0.5587500000000001 0.41998958333333336 0.07790625000000001 0.1158125
0 0.5420468749999999 0.353375 0.06290625 0.12183333333333332
0 0.73203125 0.36585416666666665 0.05196875 0.06254166666666666
0 0.6023437500000001 0.3645833333333333 0.7921875 0.35
