0 0.24271784232365143 0.6809375000000001 0.03390041493775934 0.0425
0 0.32381742738589214 0.6767265625 0.024232365145228214 0.029765625000000004
0 0.3882261410788382 0.7057421875000001 0.041639004149377594 0.035015625
0 0.44484439834024897 0.7042890625 0.02595435684647303 0.029734375000000004
0 0.5152074688796681 0.7040703125000001 0.036846473029045645 0.037453125
0 0.6391390041493776 0.6804218750000001 0.0529253112033195 0.054062500000000006
0 0.708298755186722 0.69459375 0.04941908713692946 0.07803125
0 0.9412448132780084 0.7113671875 0.0383402489626556 0.033453125
0 0.6075933609958507 0.6757578125000001 0.031950207468879666 0.042484375000000005
0 0.8730497925311204 0.7076718750000001 0.04410788381742739 0.0456875
0 0.915363070539419 0.6893203125 0.032800829875518675 0.042359375000000005
0 0.8561929460580913 0.6722578125 0.02483402489626556 0.027546875
0 0.8939834024896265 0.672 0.02153526970954357 0.027500000000000004
0 0.529045643153527 0.721875 0.9377593360995851 0.17500000000000002
