0 0.3804296875 0.3594967880085653 0.131578125 0.452355460385439
0 0.7674062500000001 0.528083511777302 0.1049375 0.44494646680942185
0 0.014890625 0.51796573875803 0.02978125 0.3217987152034261
0 0.19228125 0.49774089935760174 0.078875 0.37612419700214134
0 0.6619375000000001 0.627730192719486 0.164875 0.5570449678800856
0 0.9461953125000001 0.5448501070663812 0.10620312500000001 0.4736402569593148
0 0.9678593750000002 0.8264668094218416 0.06428125 0.32471092077087793
0 0.08066406250000001 0.4083832976445396 0.016171875 0.14940042826552463
0 0.035312500000000004 0.4180942184154176 0.01225 0.10792291220556746
0 0.8618750000000001 0.6584903640256959 0.25065624999999997 0.5815203426124197
0 0.8686640625000002 0.3517023554603855 0.044015625 0.04563169164882227
0 0.6434765625000001 0.39052462526766596 0.032765625 0.11098501070663812
0 0.10477343750000001 0.5414132762312635 0.092515625 0.1916916488222698
0 0.48750000000000004 0.576017130620985 0.9656250000000001 0.4967880085653105
