0 0.09980000000000001 0.57488 0.02364 0.10741333333333333
0 0.40970999999999996 0.6179466666666666 0.044020000000000004 0.15802666666666665
0 0.58386 0.5858266666666666 0.04516 0.10439999999999999
0 0.12240000000000001 0.5661333333333334 0.032920000000000005 0.06517333333333333
0 0.1145 0.5394666666666666 0.00948 0.039626666666666664
0 0.2047 0.5485866666666667 0.008 0.02768
0 0.25699 0.5440933333333333 0.007980000000000001 0.02216
0 0.18542 0.5486933333333333 0.00852 0.03488
0 0.08555 0.5748666666666667 0.0169 0.10546666666666665
0 0.6513399999999999 0.5593466666666667 0.02436 0.07576
0 0.0246 0.6329066666666666 0.0492 0.26896
0 0.2404 0.5359200000000001 0.012920000000000001 0.04058666666666667
