0 0.41640000000000005 0.45122023809523804 0.05172 0.08154761904761904
0 0.5458299999999999 0.45046130952380947 0.0511 0.08407738095238095
0 0.6291800000000001 0.4538839285714285 0.08592000000000001 0.08383928571428571
0 0.7446999999999999 0.4558333333333333 0.04028 0.0788095238095238
0 0.47261000000000003 0.44991071428571433 0.0709 0.08220238095238096
0 0.5831900000000001 0.46976190476190477 0.0195 0.04607142857142857
0 0.79056 0.4590625 0.03996 0.060982142857142846
0 0.35825 0.44690476190476186 0.040299999999999996 0.0913095238095238
0 0.6978800000000001 0.47205357142857135 0.03972 0.04857142857142857
0 0.83902 0.4562053571428571 0.07088 0.10080357142857141
0 0.51192 0.44437499999999996 0.024399999999999998 0.09970238095238095
0 0.28548 0.5360863095238095 0.01576 0.045089285714285714
0 0.8893300000000001 0.4619047619047618 0.05442 0.06535714285714285
0 0.506 0.44791666666666663 0.844 0.22916666666666666
