0 0.8662425149700599 0.7550500000000001 0.2523053892215569 0.46742
0 0.3328443113772455 0.63741 0.18796407185628744 0.2907
0 0.6895808383233534 0.5371800000000001 0.08263473053892216 0.14588
0 0.7763922155688623 0.54579 0.045838323353293416 0.06881999999999999
0 0.8000898203592816 0.5017199999999999 0.025868263473053897 0.06440000000000001
0 0.8509730538922156 0.51169 0.018892215568862277 0.05618
0 0.3965568862275449 0.50426 0.03952095808383234 0.0626
0 0.35399700598802397 0.49608 0.03931137724550899 0.07640000000000001
0 0.03582335329341318 0.5147999999999999 0.06955089820359282 0.11868000000000001
0 0.8205988023952095 0.51577 0.037604790419161684 0.0843
0 0.5074700598802395 0.50163 0.024161676646706588 0.052700000000000004
0 0.5528892215568862 0.51117 0.045 0.08034000000000001
0 0.5307934131736527 0.49388 0.017574850299401198 0.039
0 0.5254491017964072 0.506 0.9431137724550899 0.124
