0 0.502265625 0.6 0.30884375000000003 0.6696487119437939
0 0.8393359375 0.6787002341920375 0.22907812500000002 0.4349648711943794
0 0.671171875 0.29483606557377046 0.104375 0.17711943793911006
0 0.927921875 0.09969555035128806 0.07834375 0.15737704918032788
0 0.8023828125 0.17024590163934425 0.146359375 0.3404918032786885
0 0.7203671875000001 0.1598126463700234 0.06270312500000001 0.2795784543325527
0 0.1383828125 0.3358665105386417 0.11095312500000001 0.4839110070257611
0 0.9598125 0.2987822014051522 0.080375 0.20515222482435597
0 0.5128046875 0.26991803278688525 0.11801562500000001 0.19187353629976583
0 0.7573359375000001 0.35078454332552694 0.077078125 0.08873536299765808
