0 0.6261406250000001 0.637801204819277 0.02046875 0.09588353413654617
0 0.605796875 0.6360341365461847 0.02409375 0.09664658634538152
0 0.5300546875000001 0.6271184738955823 0.033140625 0.10969879518072288
0 0.57934375 0.6345783132530121 0.03103125 0.09831325301204819
0 0.3502890625 0.6115160642570281 0.015484375000000002 0.07680722891566265
0 0.36628125 0.6155722891566264 0.02090625 0.08359437751004016
0 0.315640625 0.6095582329317268 0.0213125 0.07313253012048193
0 0.063578125 0.6064859437751003 0.029875000000000002 0.0791164658634538
0 0.2946875 0.6097389558232931 0.017906250000000002 0.07108433734939758
0 0.016039062500000003 0.5954518072289157 0.016609375000000003 0.08905622489959839
0 0.04733593750000001 0.603734939759036 0.018390625 0.07690763052208834
0 0.041109375000000004 0.600933734939759 0.01971875 0.06728915662650602
0 0.7195859375 0.6458433734939758 0.026390625 0.0893172690763052
0 0.6648437500000001 0.6365461847389557 0.2609375 0.11244979919678713
