0 0.6720600000000001 0.45486522911051214 0.25672000000000006 0.7766307277628033
0 0.41201 0.5524932614555257 0.20886000000000002 0.2895148247978437
0 0.18354 0.424177897574124 0.08752 0.15385444743935311
0 0.5310400000000001 0.2914150943396227 0.05364 0.19371967654986524
0 0.24139999999999998 0.25729110512129383 0.01896 0.06056603773584906
0 0.8154399999999999 0.3205525606469003 0.08436 0.1605121293800539
0 0.20419000000000004 0.2506469002695418 0.00966 0.037897574123989225
0 0.09554 0.26315363881401616 0.009640000000000001 0.032506738544474396
0 0.19505000000000003 0.25556603773584907 0.01018 0.0316711590296496
0 0.44654 0.29706199460916444 0.05704 0.1695956873315364
