0 0.39375000000000004 0.41797222222222224 0.19087500000000002 0.6651666666666667
0 0.4140859375 0.6621527777777778 0.205609375 0.3818611111111111
0 0.2566015625 0.6528055555555555 0.103640625 0.6584444444444445
0 0.21522656250000002 0.42088888888888887 0.14789062500000003 0.6760555555555555
0 0.105546875 0.6636666666666667 0.19593750000000001 0.4966111111111111
0 0.7884140625000001 0.671875 0.080578125 0.21941666666666665
0 0.5670234375 0.6430138888888889 0.082703125 0.22691666666666666
0 0.5051328125000001 0.5763055555555556 0.048984375000000004 0.3446666666666667
0 0.96446875 0.6730277777777778 0.07078125 0.28538888888888886
0 0.022578125 0.6748611111111111 0.04515625 0.12005555555555555
