0 0.7792265625 0.618235294117647 0.23929687500000002 0.7252235294117647
0 0.4404296875 0.7141882352941176 0.126828125 0.5716235294117646
0 0.2521953125 0.8617999999999999 0.18204687500000002 0.2764
0 0.525109375 0.46788235294117647 0.12559375 0.36512941176470587
0 0.661828125 0.8703411764705881 0.15071875 0.23145882352941174
0 0.34421875 0.6904941176470587 0.07843750000000001 0.4579764705882352
0 0.2804296875 0.7356941176470588 0.10045312500000002 0.47981176470588227
0 0.6093203125 0.34311764705882347 0.067765625 0.16901176470588233
0 0.6095937500000002 0.5101058823529411 0.097 0.22472941176470587
0 0.919921875 0.6124823529411765 0.1593125 0.661435294117647
0 0.97459375 0.32857647058823525 0.05081250000000001 0.24199999999999997
0 0.7711171875 0.22929411764705881 0.050859375 0.09284705882352941
0 0.09975 0.4766117647058823 0.106625 0.532235294117647
0 0.49921875000000004 0.5199999999999999 0.9984375000000001 0.9552941176470587
