0 0.3223515625 0.49257611241217797 0.584734375 0.9775175644028102
0 0.5618046875 0.9183372365339578 0.06810937500000001 0.15578454332552694
0 0.28571875 0.8770257611241218 0.07525 0.24594847775175643
0 0.40249218750000004 0.8993325526932084 0.058140625 0.20133489461358314
0 0.1394296875 0.8611241217798594 0.170921875 0.23597189695550352
0 0.10935937500000002 0.9692505854800937 0.065375 0.06149882903981265
0 0.835375 0.9371311475409836 0.08862500000000001 0.1257377049180328
0 0.8880390625000001 0.9386182669789226 0.061734375 0.12276346604215457
0 0.03975000000000001 0.918665105386417 0.07950000000000002 0.16266978922716627
0 0.6272500000000001 0.9397775175644028 0.0636875 0.12044496487119438
0 0.7592578125 0.9013466042154566 0.09207812500000001 0.19730679156908665
0 0.35883593750000004 0.941463700234192 0.034578125 0.11707259953161593
0 0.9525000000000001 0.9436533957845433 0.07215625 0.10964871194379391
0 0.18359375 0.9578454332552693 0.0421875 0.02810304449648712
