0 0.5367578125000001 0.24353124999999998 0.054828125000000005 0.06385416666666666
0 0.40170312500000005 0.288875 0.02521875 0.043333333333333335
0 0.3666953125 0.30440625 0.032171875 0.03864583333333334
0 0.43388281250000005 0.2760416666666667 0.038390625000000005 0.058333333333333334
0 0.437359375 0.5504374999999999 0.04415625000000001 0.05266666666666667
0 0.2490390625 0.34154166666666663 0.014390625000000002 0.032125
0 0.46977343750000006 0.2653333333333333 0.024953125000000003 0.0565
0 0.31536718750000003 0.323875 0.019203125 0.029541666666666664
0 0.2722890625 0.33481249999999996 0.024265625 0.04041666666666666
0 0.1840703125 0.5660624999999999 0.017921875 0.02795833333333333
0 0.177109375 0.5633020833333333 0.007375 0.02272916666666667
0 0.2013359375 0.5844270833333333 0.012046875 0.05935416666666666
