0 0.3435625 0.4144496487119438 0.17521875 0.18046838407494145
0 0.5321640625 0.37995316159250586 0.07570312500000001 0.2044496487119438
0 0.63665625 0.4439812646370024 0.05525 0.12309133489461359
0 0.1500078125 0.4944496487119438 0.140203125 0.36927400468384075
0 0.5750234375 0.41859484777517564 0.11864062500000001 0.17302107728337235
0 0.11003125000000001 0.4176697892271663 0.08762500000000001 0.2298126463700234
0 0.32834375 0.32583138173302106 0.047968750000000004 0.09887587822014052
0 0.7026015625 0.44175644028103045 0.023984375000000002 0.11348946135831382
0 0.40112500000000006 0.3445433255269321 0.05712500000000001 0.1320374707259953
0 0.39149218750000003 0.6485480093676815 0.094296875 0.2532552693208431
