0 0.3631796875 0.53153125 0.135140625 0.5247708333333333
0 0.616890625 0.4091979166666667 0.0685 0.051770833333333335
0 0.4303203125000001 0.23592708333333334 0.017484375 0.0608125
0 0.445453125 0.24126041666666667 0.0205 0.0521875
0 0.9901484374999999 0.4021770833333333 0.019703125000000002 0.0513125
0 0.4673828125 0.24066666666666667 0.024328125000000003 0.03716666666666667
0 0.6383281250000001 0.4029375 0.0409375 0.05945833333333333
0 0.43828125 0.43757291666666664 0.06009375 0.06989583333333332
0 0.5598203125 0.4161875 0.043234375000000005 0.034375
0 0.21359375 0.20932291666666666 0.023156250000000003 0.06310416666666667
