0 0.846125 0.7561764705882352 0.27159375 0.4876470588235294
0 0.06565625 0.550564705882353 0.12534375 0.8629176470588235
0 0.4130546875000001 0.4683176470588235 0.068734375 0.1340941176470588
0 0.5722890625 0.5741529411764705 0.285015625 0.7797882352941177
0 0.7662890625000001 0.40562352941176466 0.076109375 0.29887058823529405
0 0.9058125000000001 0.5488823529411765 0.14028125 0.5123529411764706
0 0.7344843750000001 0.3740235294117647 0.048906250000000005 0.14174117647058823
0 0.7001015625000001 0.457435294117647 0.065140625 0.1892235294117647
0 0.316015625 0.578235294117647 0.29765625 0.8435294117647059
0 0.1540546875 0.5738705882352941 0.079015625 0.35117647058823526
0 0.8566484375000001 0.4106941176470588 0.066859375 0.26948235294117645
0 0.9801562500000002 0.48570588235294115 0.0396875 0.3026588235294117
0 0.7015625000000001 0.9341176470588235 0.259375 0.12705882352941175
