0 0.043914062499999997 0.28489977728285076 0.031234374999999998 0.0935857461024499
0 0.9042500000000001 0.4394877505567929 0.05762500000000001 0.153630289532294
0 0.8567421875 0.3580066815144766 0.040265625 0.13391982182628062
0 0.87384375 0.44761692650334073 0.06899999999999999 0.15327394209354117
0 0.70059375 0.30141425389755006 0.02896875 0.08518930957683742
0 0.443296875 0.2718596881959911 0.02090625 0.02287305122494432
0 0.0276328125 0.26169265033407574 0.014828125000000001 0.0756347438752784
0 0.7319921875000001 0.3020489977728285 0.027484375000000002 0.08089086859688195
0 0.05836718750000001 0.26629175946547884 0.013984375 0.07040089086859688
0 0.5157734375 0.45002227171492204 0.08173437500000001 0.15732739420935413
