0 0.512609375 0.761354401805869 0.0496875 0.12288939051918735
0 0.5300078125 0.7087020316027088 0.016265625000000002 0.04309255079006771
0 0.36761718750000005 0.7292663656884876 0.027546875 0.10390519187358915
0 0.08646875000000001 0.7164334085778781 0.050937500000000004 0.1800451467268623
0 0.014953125000000001 0.744943566591422 0.029906250000000002 0.1937246049661399
0 0.32517968750000004 0.6976410835214446 0.009671875000000002 0.042370203160270875
0 0.336421875 0.696060948081264 0.014499999999999999 0.02295711060948081
0 0.24842968750000002 0.7151693002257336 0.026859375000000005 0.10437923250564334
0 0.8939765625 0.7976185101580134 0.041578125 0.12896162528216704
0 0.21428125000000003 0.6467494356659143 0.02284375 0.053498871331828436
0 0.4761484375 0.7001241534988712 0.015609375000000002 0.02200902934537246
0 0.46240625 0.7116365688487584 0.014124999999999999 0.06972911963882618
0 0.9209687500000001 0.6732731376975168 0.017781250000000002 0.01656884875846501
