0 0.312640625 0.6134895833333334 0.11628125 0.48089583333333336
0 0.8817812500000001 0.6835520833333334 0.01609375 0.03647916666666667
0 0.9147421875000001 0.68853125 0.007390625000000001 0.021854166666666668
0 0.5277734374999999 0.6533020833333333 0.011203125000000001 0.0289375
0 0.505046875 0.6500625000000001 0.010000000000000002 0.027583333333333335
0 0.8969375000000002 0.68978125 0.010812500000000001 0.030645833333333334
0 0.5750625 0.66646875 0.018093750000000002 0.027479166666666666
0 0.39987500000000004 0.6267708333333334 0.10687500000000001 0.4766666666666667
0 0.6598359375 0.6664270833333334 0.055328125 0.044145833333333336
0 0.64203125 0.65959375 0.0240625 0.04572916666666667
0 0.8546953125000001 0.7021041666666666 0.014953125000000001 0.03
0 0.838703125 0.6881354166666667 0.0063750000000000005 0.02002083333333333
0 0.8208593750000001 0.6822291666666666 0.0088125 0.031625
