0 0.24859375 0.6640416666666666 0.21740625 0.4382083333333333
0 0.487703125 0.43811458333333336 0.13565625 0.5722708333333333
0 0.75 0.52471875 0.25281250000000005 0.7078541666666667
0 0.5915703125 0.32809374999999996 0.15504687500000003 0.6471874999999999
0 0.983109375 0.47635416666666663 0.033781250000000006 0.4639583333333333
0 0.08725000000000001 0.45675 0.067125 0.5302083333333333
0 0.064046875 0.40561458333333333 0.12809375 0.7078541666666667
0 0.828375 0.29213541666666665 0.12640625000000003 0.48089583333333336
0 0.438375 0.6157604166666667 0.20978125 0.22822916666666665
0 0.6801406249999999 0.45197916666666665 0.10106250000000001 0.525125
