0 0.08426562500000001 0.638203125 0.15056250000000002 0.494375
0 0.9020390625 0.732640625 0.15942187500000002 0.4845312500000001
0 0.64290625 0.49449218750000007 0.043937500000000004 0.08135937500000001
0 0.4152421875 0.5505 0.057828125 0.18203125
0 0.58025 0.5771171875000001 0.07871875 0.23554687500000002
0 0.3215234375 0.5380859375 0.043234375000000005 0.15435937500000002
0 0.5110156250000001 0.5548281250000001 0.08078125000000001 0.21259375000000003
0 0.6891406250000001 0.5969453124999999 0.07121875 0.330578125
0 0.2548828125 0.5604921875000001 0.080203125 0.23279687500000001
0 0.8098671875000001 0.6714453125000001 0.058421875000000005 0.21267187500000004
0 0.18834375 0.5809765625 0.08071875 0.228703125
0 0.8593125000000001 0.6485546875 0.13096875 0.433828125
0 0.80909375 0.5371015625000001 0.06171875 0.172609375
0 0.5867187500000001 0.6156250000000001 0.8140625 0.34687500000000004
