0 0.6538671875000001 0.4739778325123153 0.10048437500000001 0.42844827586206896
0 0.62275 0.40412561576354683 0.0708125 0.1080049261083744
0 0.578296875 0.5248399014778324 0.1454375 0.5127339901477832
0 0.5524062500000001 0.4516871921182266 0.0898125 0.11687192118226601
0 0.6365078125000001 0.9238546798029558 0.095109375 0.15229064039408866
0 0.45485156250000003 0.46665024630541874 0.11495312499999999 0.2975369458128079
0 0.8695937499999999 0.9224137931034483 0.057031250000000006 0.09886699507389163
0 0.03565625 0.8697290640394089 0.04828125 0.0803448275862069
0 0.8351171875000001 0.9177955665024631 0.032859375 0.10135467980295566
0 0.02196875 0.8474137931034483 0.012843750000000001 0.032807881773399016
0 0.11852343750000001 0.8748399014778325 0.031890625 0.06283251231527094
0 0.0723046875 0.877807881773399 0.035390625 0.06566502463054187
0 0.09996875000000001 0.8722290640394089 0.03565625 0.064064039408867
