0 0.4637002341920375 0.5696093750000001 0.7991100702576113 0.75184375
0 0.28259953161592505 0.47695312500000003 0.17437939110070255 0.13803125000000002
0 0.33215456674473065 0.41578125000000005 0.09189695550351289 0.11875000000000001
0 0.059777517564402805 0.4059296875 0.11955503512880561 0.113453125
0 0.7949882903981266 0.46734374999999995 0.12491803278688525 0.09909375000000001
0 0.9080327868852459 0.49228906249999993 0.18 0.12198437499999999
0 0.18918032786885247 0.408109375 0.1493208430913349 0.1403125
0 0.05152224824355972 0.502625 0.09892271662763466 0.07750000000000001
0 0.17495316159250585 0.49755468750000004 0.16021077283372365 0.087703125
0 0.09413348946135831 0.462734375 0.12133489461358314 0.10790625000000001
