0 0.61596875 0.15963700234192038 0.03853125 0.08882903981264637
0 0.5288906250000001 0.23461358313817332 0.03884375 0.17882903981264636
0 0.3212421875 0.6958313817330211 0.039515625 0.23030444964871194
0 0.21937500000000001 0.7143793911007025 0.05034375 0.2806088992974239
0 0.16853125000000002 0.7275058548009368 0.051437500000000004 0.30540983606557376
0 0.6876875 0.7430679156908664 0.07528125000000001 0.3195316159250585
0 0.061507812499999995 0.7368852459016393 0.059328125 0.31302107728337236
0 0.355921875 0.6884660421545667 0.0405625 0.2211943793911007
0 0.25753125 0.7092388758782202 0.050249999999999996 0.25042154566744734
0 0.7567265625 0.7479742388758782 0.074171875 0.3770257611241218
0 0.37024999999999997 0.6263583138173302 0.02640625 0.12695550351288057
0 0.341140625 0.5337470725995317 0.015437500000000002 0.03199063231850117
0 0.8669296875000001 0.7688173302107728 0.072890625 0.38686182669789226
0 0.49921875000000004 0.5175644028103045 0.9984375000000001 0.8149882903981265
