0 0.3643671875 0.5218641390205372 0.12254687500000001 0.1353870458135861
0 0.0742890625 0.5147946287519747 0.148578125 0.45290679304897313
0 0.753796875 0.37481832543443916 0.02496875 0.056808846761453397
0 0.5360312500000001 0.46338072669826225 0.10159375 0.32963665086887833
0 0.30128125 0.4895260663507109 0.08571875000000001 0.1183570300157978
0 0.4931015625 0.35924170616113743 0.04610937500000001 0.07248025276461295
0 0.15563281250000002 0.44740916271721953 0.072265625 0.12448657187993681
0 0.638484375 0.4980963665086888 0.066 0.1058609794628752
0 0.263484375 0.3133649289099526 0.0139375 0.013080568720379146
0 0.45903906250000004 0.34511058451816745 0.05367187500000001 0.04636650868878357
0 0.4903203125 0.5972985781990522 0.115390625 0.1765244865718799
0 0.26248437500000005 0.4727172195892575 0.05346875 0.0714691943127962
0 0.0099296875 0.33342022116903636 0.017890625 0.054265402843601894
0 0.8484375000000001 0.5687203791469194 0.234375 0.4296998420221169
