0 0.5529921875 0.601132530120482 0.179234375 0.775277108433735
0 0.8735703125 0.4224698795180723 0.094703125 0.3100963855421687
0 0.8098203125 0.6283734939759036 0.15626562500000002 0.7229638554216867
0 0.9361640625000001 0.633987951807229 0.127671875 0.7320240963855423
0 0.3923203125 0.648409638554217 0.18060937500000002 0.6758072289156627
0 0.23606250000000004 0.6449397590361445 0.17193750000000002 0.7101204819277109
0 0.1805078125 0.39330120481927716 0.09107812500000001 0.19190361445783136
0 0.088890625 0.6617951807228916 0.17193750000000002 0.6584337349397591
0 0.0413046875 0.40296385542168683 0.082609375 0.24014457831325303
0 0.6997421875000001 0.6268192771084338 0.15567187500000002 0.7379277108433736
0 0.18002343750000002 0.3463012048192771 0.11664062500000001 0.17298795180722895
