0 0.24187500000000003 0.6729895833333333 0.08065625 0.5266458333333333
0 0.3063125 0.7108854166666667 0.14325000000000002 0.5782291666666667
0 0.4797265625 0.7488750000000001 0.168921875 0.48200000000000004
0 0.7726484375 0.6053645833333334 0.169453125 0.7226041666666667
0 0.9140078125 0.6650625 0.16848437500000002 0.522875
0 0.7719140625 0.23789583333333333 0.034296875 0.09908333333333334
0 0.8563750000000001 0.2732291666666667 0.06203125000000001 0.1835
0 0.5626171875 0.36270833333333335 0.086890625 0.38266666666666665
0 0.5322265625 0.48163541666666665 0.12567187500000002 0.4056875
0 0.5962968750000001 0.7950625 0.28146875 0.38516666666666666
0 0.662953125 0.3746145833333333 0.11021875000000002 0.22272916666666664
0 0.3213828125 0.2612083333333334 0.083546875 0.15766666666666668
0 0.057671875 0.25997916666666665 0.06359375 0.1515
0 0.49921875000000004 0.625 0.9984375000000001 0.7458333333333333
