0 0.74073 0.8101200000000001 0.19046000000000002 0.35730666666666666
0 0.79697 0.26410666666666666 0.05958 0.13525333333333334
0 0.40759 0.37627999999999995 0.0455 0.1617333333333333
0 0.6872400000000001 0.40134666666666663 0.05368 0.18525333333333333
0 0.42732 0.33425333333333335 0.07272 0.24717333333333333
0 0.90266 0.4379866666666667 0.04224 0.26466666666666666
0 0.73785 0.31892 0.05954 0.15874666666666667
0 0.91685 0.25056 0.04046 0.08314666666666666
0 0.041 0.3201733333333333 0.03572 0.19159999999999996
0 0.96666 0.2798533333333333 0.02956 0.17330666666666664
0 0.76662 0.2150133333333333 0.06056 0.09589333333333333
0 0.86144 0.42418666666666666 0.06876 0.16005333333333333
0 0.5692200000000001 0.22845333333333329 0.05144 0.07696
0 0.554 0.3506666666666667 0.8240000000000001 0.472
