0 0.46517000000000003 0.58988 0.29662 0.62696
0 0.17306000000000002 0.48024 0.08656 0.28661333333333333
0 0.21631 0.46819999999999995 0.040100000000000004 0.2129333333333333
0 0.27918000000000004 0.48774666666666666 0.07100000000000001 0.17469333333333334
0 0.6312700000000001 0.5056533333333333 0.0479 0.07797333333333333
0 0.01825 0.42744000000000004 0.03578 0.11295999999999999
0 0.03846 0.4056533333333333 0.04172 0.09093333333333334
0 0.06431 0.40052 0.0469 0.08402666666666667
0 0.55183 0.5156666666666666 0.04070000000000001 0.07528
0 0.32247000000000003 0.42550666666666664 0.04522 0.2068533333333333
