0 0.5646953125 0.1955503512880562 0.24720312500000002 0.33072599531615926
0 0.10296093750000002 0.6657728337236535 0.10826562500000002 0.23646370023419203
0 0.24925000000000003 0.4822014051522248 0.02525 0.06824355971896956
0 0.23429687500000004 0.49224824355971897 0.02459375 0.06782201405152224
0 0.27235156250000003 0.4632084309133489 0.023796875000000002 0.061077283372365336
0 0.373703125 0.378583138173302 0.028875 0.06199063231850117
0 0.32157812500000005 0.409672131147541 0.021968750000000002 0.04637002341920375
0 0.143734375 0.5840281030444965 0.017249999999999998 0.042903981264637
0 0.9597499999999999 0.14436768149882906 0.01775 0.06559718969555035
0 0.9409921875 0.12283372365339577 0.013546875 0.024121779859484778
0 0.8023125000000001 0.2314519906323185 0.02309375 0.05489461358313818
0 0.2893203125 0.45338407494145205 0.026765625 0.0748711943793911
0 0.29653906250000006 0.4439344262295082 0.018703125 0.05882903981264637
