0 0.34707031250000003 0.8687236533957845 0.057921875000000005 0.2625526932084309
0 0.14767187499999998 0.5108548009367682 0.03834375 0.14175644028103046
0 0.1940546875 0.9300819672131148 0.054078125000000005 0.1388992974238876
0 0.1966171875 0.8322131147540984 0.057046875 0.15913348946135833
0 0.2901796875 0.8602224824355972 0.07932812500000001 0.1226463700234192
0 0.5948671875 0.22661592505854802 0.014453125 0.028079625292740048
0 0.20993750000000003 0.5083957845433256 0.02915625 0.12615925058548008
0 0.6841718750000001 0.2293091334894614 0.01215625 0.03810304449648712
0 0.12378125000000001 0.48963700234192037 0.02640625 0.12414519906323185
0 0.45117968750000004 0.8014519906323184 0.063890625 0.21723653395784545
0 0.1893828125 0.6886533957845433 0.052046875000000006 0.10508196721311475
0 0.35135156250000005 0.5057377049180327 0.035265625 0.08992974238875878
0 0.3065703125 0.6585128805620609 0.016640625000000003 0.1207728337236534
0 0.521875 0.5995316159250585 0.86875 0.7962529274004684
