0 0.6553046875 0.2865105386416862 0.037578125000000004 0.15985948477751757
0 0.5534609375 0.6550468384074941 0.069078125 0.18180327868852458
0 0.6176718750000001 0.33443793911007025 0.023781250000000004 0.0991334894613583
0 0.7609609375 0.44765807962529275 0.060953125 0.1781264637002342
0 0.7675546875000001 0.47234192037470724 0.052140624999999996 0.11152224824355972
0 0.15967187500000002 0.9146018735362997 0.07646875 0.14381733021077284
0 0.6899296875 0.627552693208431 0.06704687499999999 0.20447306791569086
0 0.49198437500000003 0.5226814988290398 0.05253125 0.14002341920374706
0 0.40512499999999996 0.4185245901639344 0.049406250000000006 0.19456674473067914
0 0.36921875000000004 0.3116627634660421 0.0390625 0.06960187353629976
0 0.3523359375 0.2919906323185012 0.033828125 0.11934426229508197
0 0.6999531250000001 0.3189695550351288 0.021656250000000002 0.15161592505854798
0 0.5334765625000001 0.20947306791569084 0.018296875 0.15252927400468383
0 0.43281250000000004 0.5714285714285714 0.696875 0.7915690866510539
