0 0.48118 0.66292 0.25448 0.6471733333333333
0 0.96665 0.53608 0.06670000000000001 0.2636266666666667
0 0.70139 0.7302399999999999 0.09774 0.30176
0 0.5912200000000001 0.6677866666666666 0.18919999999999998 0.6396266666666667
0 0.32126 0.4998533333333333 0.08376 0.2044
0 0.20607999999999999 0.6047333333333332 0.19596000000000002 0.6351199999999999
0 0.05189 0.5133866666666667 0.10318000000000001 0.28661333333333333
0 0.80237 0.6768 0.15202000000000002 0.6238933333333333
0 0.31686000000000003 0.5741466666666666 0.10112 0.15954666666666667
0 0.09966 0.8186933333333333 0.19932 0.33557333333333333
0 0.92787 0.7057466666666665 0.10774 0.3393333333333333
0 0.90325 0.9359333333333334 0.1935 0.12727999999999998
