0 0.6050078125 0.7260304449648711 0.043828125 0.22601873536299766
0 0.290625 0.7282786885245902 0.04665625 0.22526932084309134
0 0.25121093749999995 0.7294028103044498 0.046515625000000005 0.22911007025761124
0 0.918890625 0.7553161592505856 0.03721875 0.13072599531615925
0 0.9555312499999999 0.7576463700234192 0.021968750000000002 0.11355971896955504
0 0.9729218750000002 0.7518149882903981 0.024031250000000004 0.13065573770491803
0 0.9543046875000001 0.7159016393442623 0.017140625000000003 0.040983606557377046
0 0.9319531250000002 0.7640866510538641 0.0244375 0.11505854800936768
0 0.7571484375 0.7494379391100703 0.017984375 0.04721311475409836
0 0.8869843750000002 0.7235480093676815 0.026468750000000003 0.05416861826697892
0 0.9931875 0.7160538641686183 0.013625000000000002 0.03861826697892271
0 0.718265625 0.7365573770491803 0.01065625 0.041686182669789226
0 0.68278125 0.7403395784543325 0.01625 0.0694847775175644
0 0.49765625 0.6042154566744731 0.9921875 0.43559718969555034
