0 0.5999583333333334 0.5553203125 0.22120833333333334 0.202984375
0 0.5498125 0.3033671875 0.15879166666666666 0.13482812500000002
0 0.6818229166666667 0.9679375000000001 0.08277083333333332 0.064125
0 0.4364895833333334 0.5020234375 0.0993125 0.121421875
0 0.29810416666666667 0.517109375 0.232875 0.21290625
0 0.5859062500000001 0.8701093750000001 0.21064583333333334 0.21709375
0 0.40803124999999996 0.8372031250000002 0.19860416666666666 0.10025
0 0.46138541666666666 0.2459296875 0.15768749999999998 0.129296875
0 0.4726354166666667 0.0590703125 0.13964583333333333 0.08714062500000001
0 0.5129479166666666 0.0336796875 0.07943750000000001 0.056984375000000004
0 0.2916458333333333 0.8286406250000001 0.0925 0.06643750000000001
