0 0.4365390625 0.4150139275766017 0.098828125 0.35855153203342616
0 0.5431796875 0.741991643454039 0.286734375 0.22064066852367686
0 0.34966406250000004 0.521100278551532 0.114703125 0.47757660167130916
0 0.7323750000000001 0.43639275766016716 0.0605 0.3572980501392758
0 0.21839843750000001 0.4011838440111421 0.073515625 0.3238718662952646
0 0.58396875 0.3518802228412256 0.0175625 0.14286908077994429
0 0.0668125 0.46629526462395543 0.12353125000000001 0.4291922005571031
0 0.8594140625 0.4145125348189415 0.034328125 0.06986072423398328
0 0.813875 0.4385793871866296 0.068125 0.14724233983286908
0 0.15895312500000003 0.3024373259052925 0.0118125 0.06805013927576602
0 0.11058593750000001 0.3012952646239554 0.010640625 0.048328690807799446
0 0.5637265625000001 0.35101671309192195 0.029203125000000003 0.16030640668523677
0 0.7974687500000001 0.3786211699164346 0.0329375 0.21479108635097494
0 0.9203125000000001 0.3467966573816156 0.1125 0.0807799442896936
