0 0.3989453125 0.22965654952076675 0.173640625 0.34381789137380186
0 0.8848515625000002 0.5857268370607028 0.093328125 0.2799520766773163
0 0.9647812500000001 0.6263338658146965 0.061625 0.22321086261980827
0 0.7883515625 0.6134424920127795 0.05176562500000001 0.18068690095846646
0 0.13171875 0.5784744408945687 0.069375 0.18349840255591054
0 0.17116406250000002 0.5922044728434505 0.033671875000000004 0.17977635782747603
0 0.8657656250000001 0.5785063897763578 0.03771875 0.24222044728434503
0 0.4033359375 0.6668849840255591 0.07270312500000001 0.11738019169329074
0 0.32803906250000003 0.642891373801917 0.042765625 0.08578274760383386
0 0.0958515625 0.5773961661341852 0.028171875000000002 0.1611182108626198
0 0.9286953124999999 0.5811980830670926 0.042765625 0.21584664536741213
0 0.6278671875000001 0.6056948881789137 0.071234375 0.28669329073482425
0 0.7343359375 0.5889776357827476 0.083171875 0.2185623003194888
