0 0.9418500000000001 0.3209571788413098 0.07690000000000001 0.27027707808564233
0 0.91856 0.47580604534005033 0.08048000000000001 0.12722921914357682
0 0.97672 0.4756926952141058 0.046560000000000004 0.08624685138539043
0 0.7424100000000001 0.46889168765743067 0.04438 0.06382871536523929
0 0.6929700000000001 0.46688916876574305 0.036180000000000004 0.05811083123425693
0 0.6726600000000001 0.3848110831234257 0.05264 0.24453400503778336
0 0.06265 0.46482367758186394 0.11366 0.1607808564231738
0 0.50382 0.4163350125944585 0.03748 0.08697732997481109
0 0.54739 0.43268261964735516 0.01998 0.06778337531486146
0 0.7075 0.42492443324937024 0.020280000000000003 0.06939546599496221
0 0.12074000000000001 0.4513853904282115 0.028120000000000003 0.03511335012594458
0 0.97956 0.4293198992443325 0.023760000000000003 0.022670025188916875
0 0.32605 0.46164987405541563 0.10838 0.14471032745591939
0 0.531 0.4105793450881612 0.934 0.2468513853904282
