0 0.46489062500000006 0.6491649269311064 0.047406250000000004 0.14279749478079332
0 0.7078671875 0.6496450939457202 0.025796875000000004 0.03878914405010438
0 0.6881640625000001 0.6284968684759915 0.059109375 0.09561586638830896
0 0.7576406250000001 0.6160960334029227 0.051437500000000004 0.0950313152400835
0 0.8321093749999999 0.6017536534446764 0.027031250000000003 0.08050104384133612
0 0.8489453125000002 0.6020563674321502 0.026796874999999998 0.07613778705636742
0 0.9205937500000001 0.5950939457202503 0.031218750000000003 0.056200417536534444
0 0.5067656250000001 0.6495407098121084 0.04153125 0.12133611691022962
0 0.6994218750000001 0.6218267223382046 0.03409375 0.09730688935281837
0 0.8826640625 0.6012004175365343 0.035578125 0.06507306889352818
0 0.7447109375000001 0.6008559498956159 0.023421875 0.09711899791231733
