0 0.6495781250000001 0.4712147505422994 0.6617812500000001 0.47856832971800434
0 0.8546328125000001 0.2772017353579176 0.024953125000000003 0.07783080260303689
0 0.59546875 0.35607375271149677 0.061375000000000006 0.11088937093275487
0 0.51434375 0.32185466377440347 0.00865625 0.024446854663774404
0 0.284578125 0.4002603036876356 0.0668125 0.22529284164859004
0 0.32778125 0.44663774403470713 0.10196875000000001 0.17752711496746204
0 0.5376093750000001 0.3408568329718004 0.028375 0.060672451193058564
0 0.905359375 0.268590021691974 0.02909375 0.08459869848156182
0 0.058882812500000006 0.4299783080260304 0.050640624999999995 0.12516268980477224
0 0.0968828125 0.4468004338394795 0.020953125000000003 0.05364425162689805
0 0.2200078125 0.40530368763557484 0.032859375 0.0809761388286334
0 0.9213125 0.20335140997830803 0.0051875 0.023579175704989155
0 0.13973437500000002 0.43368763557483736 0.025875 0.05314533622559653
