0 0.22264062500000004 0.8012529274004684 0.10425000000000001 0.11585480093676814
0 0.7842421875 0.802096018735363 0.05417187500000001 0.06405152224824356
0 0.444140625 0.39511709601873535 0.0135625 0.027096018735363
0 0.5926875 0.8116393442622951 0.030937500000000003 0.07723653395784542
0 0.8830390625 0.8297189695550352 0.13739062500000002 0.09564402810304451
0 0.7325546875 0.7427166276346604 0.068953125 0.13039812646370022
0 0.6654609375000001 0.7953395784543326 0.073171875 0.1243559718969555
0 0.5497109375 0.816615925058548 0.034796875 0.08611241217798596
0 0.7646640625000001 0.5283723653395784 0.032578125000000006 0.06334894613583138
0 0.5116796874999999 0.8150819672131148 0.065859375 0.09508196721311475
0 0.33337500000000003 0.6189344262295082 0.0651875 0.11337236533957845
