0 0.9705444126074497 0.1502109375 0.05891117478510028 0.144359375
0 0.38713467048710604 0.08153125 0.1056160458452722 0.09915625
0 0.8073925501432664 0.0901953125 0.09501432664756446 0.089296875
0 0.17606017191977075 0.0883046875 0.11401146131805157 0.10735937499999999
0 0.23240687679083094 0.0804921875 0.03553008595988539 0.032859375
0 0.2892550143266475 0.0912109375 0.0492836676217765 0.071265625
0 0.6701575931232091 0.084015625 0.09739255014326648 0.07906250000000001
0 0.9177077363896847 0.11720312500000002 0.1067621776504298 0.17040625
0 0.4249140401146132 0.068171875 0.032693409742120344 0.029468750000000002
0 0.10820916905444126 0.07818750000000001 0.07418338108882522 0.06556250000000001
0 0.05643266475644699 0.06255468750000001 0.024613180515759312 0.013859375
0 0.4808022922636103 0.0949921875 0.10469914040114613 0.10729687500000001
0 0.19710601719197704 0.0703046875 0.041489971346704874 0.034453125
0 0.45272206303724927 0.12187500000000001 0.9054441260744985 0.15937500000000002
