0 0.20173437500000002 0.8932708333333333 0.11153125 0.2134583333333333
0 0.42595312500000004 0.8349375 0.021656250000000002 0.07279166666666666
0 0.79240625 0.8308749999999999 0.03846875 0.04029166666666666
0 0.3600234375 0.8259375 0.018640625 0.04566666666666667
0 0.323171875 0.83684375 0.029437500000000002 0.06822916666666666
0 0.29168750000000004 0.8253124999999999 0.015343750000000001 0.04825
0 0.3023046875 0.8151562499999999 0.011640625000000002 0.042270833333333334
0 0.2539140625 0.8278541666666667 0.015046875000000001 0.059625000000000004
0 0.1183359375 0.718 0.006703125000000001 0.03283333333333333
0 0.8950703124999999 0.84346875 0.022390625 0.0681875
0 0.1509375 0.9080729166666667 0.08525 0.18060416666666665
