0 0.9868359375 0.7282943925233645 0.026328125000000004 0.2796261682242991
0 0.10820312500000001 0.7067056074766356 0.029343750000000002 0.09168224299065421
0 0.18057812500000003 0.7058878504672896 0.027781250000000004 0.0961214953271028
0 0.136578125 0.7082710280373831 0.02796875 0.0892056074766355
0 0.9677656250000001 0.6636214953271028 0.01640625 0.06710280373831774
0 0.9492109375000001 0.6592640186915887 0.011390625000000001 0.07577102803738317
0 0.9332578125000002 0.6368691588785046 0.015109375000000001 0.05383177570093457
0 0.9807890625 0.6527686915887849 0.014953125000000001 0.04829439252336449
0 0.020648437500000002 0.700268691588785 0.013359375000000001 0.020677570093457942
0 0.6561640625 0.5903738317757009 0.044703125 0.14186915887850465
0 0.9178515625000001 0.7688317757009345 0.091265625 0.26845794392523364
0 0.9589140624999999 0.6360514018691589 0.008359375 0.015046728971962617
0 0.011234375 0.6999182242990654 0.008875 0.0233411214953271
