0 0.455671875 0.6250625 0.30184375 0.5883333333333333
0 0.6486953125 0.7042916666666666 0.169046875 0.3763333333333333
0 0.9188203125000002 0.6920833333333333 0.162359375 0.44566666666666666
0 0.26169531250000005 0.2674270833333333 0.262515625 0.5206041666666666
0 0.7220546875 0.17429166666666665 0.08585937500000002 0.07775
0 0.5395703125 0.09192708333333333 0.15660937500000002 0.10260416666666666
0 0.676578125 0.1164375 0.09315625 0.15458333333333335
0 0.04534375 0.06520833333333334 0.0906875 0.13041666666666668
0 0.9411562500000001 0.19347916666666667 0.07918750000000001 0.08258333333333333
0 0.4117265625 0.046489583333333334 0.129328125 0.0903125
0 0.8368984375 0.18217708333333332 0.073140625 0.07360416666666666
