0 0.6027031250000001 0.6221990740740739 0.1703125 0.49337962962962956
0 0.46365625000000005 0.4241550925925926 0.17450000000000002 0.5385879629629629
0 0.800140625 0.5337152777777777 0.24725000000000003 0.5775231481481481
0 0.9049765625000001 0.38122685185185184 0.084984375 0.14310185185185184
0 0.35494531250000005 0.523587962962963 0.22751562500000003 0.6292129629629629
0 0.5357421875 0.14532407407407408 0.083890625 0.15921296296296295
0 0.7158515625 0.1670949074074074 0.061796875 0.1580324074074074
0 0.826203125 0.14538194444444444 0.01915625 0.10141203703703704
0 0.6870781250000001 0.2720254629629629 0.07853125 0.09618055555555555
0 0.60659375 0.1087962962962963 0.026437500000000003 0.07347222222222222
0 0.63725 0.11373842592592594 0.023125000000000003 0.07025462962962963
0 0.6945078125 0.09854166666666667 0.017765625 0.05171296296296296
0 0.47410937500000006 0.10582175925925927 0.0219375 0.08168981481481481
0 0.6984375 0.10995370370370369 0.515625 0.14583333333333331
