0 0.7146640625 0.342618025751073 0.25639062500000004 0.4196137339055794
0 0.8802968750000002 0.1494420600858369 0.11781250000000001 0.2943776824034335
0 0.7290234375000001 0.0777038626609442 0.08917187500000001 0.15145922746781115
0 0.13601562500000003 0.2492489270386266 0.12528125 0.4984978540772532
0 0.295578125 0.21894849785407725 0.080625 0.39184549356223175
0 0.3667734375 0.20680257510729613 0.08435937500000001 0.41360515021459227
0 0.47643749999999996 0.22915236051502144 0.096375 0.4583047210300429
0 0.529328125 0.21685622317596567 0.06381250000000001 0.37976394849785405
0 0.6014375 0.19301502145922744 0.080125 0.37401287553648066
0 0.65728125 0.09677038626609442 0.060875000000000005 0.18049356223175966
0 0.9688203125000001 0.24324034334763947 0.062359374999999995 0.48648068669527894
0 0.25417187500000005 0.24232832618025751 0.07153125 0.3546995708154506
0 0.7733828125 0.07766094420600858 0.059046875 0.15532188841201716
0 0.478125 0.22103004291845493 0.95625 0.44206008583690987
