0 0.8033984375 0.5140140845070422 0.07904687500000002 0.32244131455399067
0 0.8977187500000001 0.528838028169014 0.05890625000000001 0.3852347417840376
0 0.6468281250000001 0.44794600938967133 0.02140625 0.09805164319248827
0 0.7457421875000001 0.5224882629107981 0.046390625000000005 0.2974178403755869
0 0.6973359375000001 0.42205399061032867 0.043265625 0.11992957746478874
0 0.23122656250000004 0.4843427230046949 0.048421875 0.19816901408450704
0 0.17865625000000002 0.4820774647887324 0.04978125 0.21809859154929578
0 0.11602343749999999 0.48333333333333334 0.098328125 0.41342723004694837
0 0.0268828125 0.5575586854460094 0.053765625 0.33103286384976527
0 0.9536093750000001 0.5419835680751174 0.09278125000000001 0.5357981220657277
0 0.30965625 0.555868544600939 0.0965625 0.5215023474178404
0 0.37393750000000003 0.5789553990610329 0.061937500000000006 0.4147183098591549
0 0.6052968750000001 0.38911971830985914 0.0045625 0.012230046948356808
0 0.6000000000000001 0.6525821596244131 0.546875 0.6901408450704225
