0 0.5580147058823529 0.70959375 0.028125 0.03465625
0 0.6395588235294117 0.1970859375 0.4053308823529412 0.268453125
0 0.6504503676470589 0.6838046875 0.0259375 0.030359375
0 0.14625919117647057 0.4759140625 0.030974264705882354 0.085578125
0 0.7095863970588235 0.6195 0.0234375 0.023781250000000004
0 0.7712408088235293 0.591 0.023768382352941174 0.048125
0 0.8386488970588235 0.5984765625 0.020863970588235293 0.043359375000000006
0 0.17265624999999998 0.47731250000000003 0.04123161764705882 0.09584375
0 0.8762591911764706 0.6875234375 0.029908088235294117 0.032484375
0 0.3330330882352941 0.702359375 0.031066176470588232 0.039875
0 0.8511213235294117 0.7178593750000001 0.031029411764705882 0.043500000000000004
0 0.43529411764705883 0.6838828125 0.02889705882352941 0.074359375
0 0.7488970588235293 0.690203125 0.030551470588235295 0.032468750000000005
0 0.5 0.64609375 0.9963235294117647 0.4703125
