0 0.7026718750000001 0.5280729166666667 0.01165625 0.0171875
0 0.24626562500000004 0.49266666666666664 0.025781250000000002 0.0205
0 0.936390625 0.5226979166666667 0.02503125 0.0190625
0 0.5327109375 0.4871770833333333 0.009859375 0.019854166666666666
0 0.0653671875 0.5252291666666666 0.019265625 0.0375
0 0.39003906250000003 0.45492708333333337 0.007015625000000001 0.012770833333333334
0 0.5266171875000001 0.46278125 0.008015625 0.0140625
0 0.042484375000000005 0.4603854166666667 0.00953125 0.0078125
0 0.10397656250000001 0.48496875 0.011484375 0.012104166666666666
0 0.526921875 0.48490625 0.008843750000000001 0.020979166666666667
