0 0.5611250000000001 0.43902343749999995 0.04754166666666667 0.09207812500000001
0 0.5261770833333334 0.4344140625 0.035770833333333335 0.054140625
0 0.4570104166666667 0.43459375 0.03327083333333333 0.05865625
0 0.3227916666666667 0.43413281249999996 0.023375 0.05120312500000001
0 0.3496770833333333 0.428609375 0.013020833333333334 0.022281250000000002
0 0.37229166666666663 0.4330312500000001 0.01933333333333333 0.03725
0 0.7498229166666666 0.43149218749999996 0.09152083333333333 0.137296875
0 0.4148125 0.431578125 0.01825 0.04221875
0 0.27925 0.4308515625 0.011208333333333332 0.019046875
0 0.34234374999999995 0.7437109375 0.25460416666666663 0.510203125
