0 0.40512499999999996 0.544367681498829 0.228375 0.8358079625292739
0 0.23560937500000004 0.523536299765808 0.2109375 0.7914754098360656
0 0.6528828125000001 0.34819672131147544 0.058734375000000005 0.3002341920374707
0 0.5760859375 0.33463700234192034 0.099078125 0.2852927400468384
0 0.7647187500000001 0.24895784543325525 0.018 0.06873536299765809
0 0.1077265625 0.26511709601873534 0.023609375000000002 0.09416861826697892
0 0.279046875 0.26186182669789226 0.01221875 0.0485480093676815
0 0.089859375 0.2674355971896955 0.026375 0.09210772833723653
0 0.331984375 0.25627634660421544 0.012718750000000001 0.0703512880562061
0 0.7796015625 0.24340749414519902 0.019859375000000002 0.07131147540983607
0 0.05396875 0.2839695550351288 0.030625000000000003 0.06278688524590163
0 0.35046875000000005 0.24749414519906324 0.026375 0.0809367681498829
