0 0.3665234375 0.8017564402810305 0.065921875 0.24355971896955503
0 0.141578125 0.8154215456674473 0.077625 0.2796487119437939
0 0.38998437500000005 0.7162177985948478 0.03503125000000001 0.13613583138173302
0 0.3012890625 0.7550000000000001 0.073640625 0.27477751756440283
0 0.09371093750000001 0.7285245901639343 0.022484375 0.13259953161592505
0 0.5236875000000001 0.7049531615925059 0.01953125 0.0968384074941452
0 0.1095 0.6358782201405153 0.017687500000000002 0.05433255269320843
0 0.48203125 0.7033255269320843 0.02103125 0.09662763466042154
0 0.20087500000000003 0.7362295081967213 0.0365 0.1535831381733021
0 0.08333593750000001 0.7174121779859485 0.025171875 0.13173302107728338
0 0.2550625 0.7847540983606558 0.06343750000000001 0.24992974238875879
0 0.0488515625 0.7231030444964871 0.041421875000000004 0.15585480093676815
0 0.5055312500000001 0.7083372365339577 0.0175625 0.08852459016393442
