0 0.41560937500000006 0.5251594533029613 0.02496875 0.09505694760820044
0 0.36939062500000003 0.5135421412300682 0.02146875 0.08690205011389521
0 0.27815625000000005 0.5127107061503416 0.026468750000000003 0.10510250569476082
0 0.8097421875 0.5209339407744874 0.022578125 0.08423690205011389
0 0.98340625 0.5307630979498861 0.029281249999999998 0.08813211845102505
0 0.9048203125000001 0.5300113895216401 0.013515625000000002 0.05879271070615034
0 0.5087890625 0.519772209567198 0.022890625 0.06227790432801822
0 0.4933671875 0.5171753986332575 0.013453125 0.056309794988610475
0 0.920296875 0.5258656036446469 0.02034375 0.06863325740318905
0 0.3018515625 0.5174487471526196 0.013609375000000002 0.061640091116173114
0 0.47861718750000004 0.5158314350797266 0.016171875 0.05740318906605922
0 0.44478906250000005 0.5206036446469248 0.019671875000000002 0.09
0 0.9351171875000001 0.5234510250569475 0.011296875000000001 0.07920273348519362
