0 0.2717421875 0.5085483870967742 0.05695312500000001 0.12531182795698925
0 0.366140625 0.4190322580645161 0.0396875 0.1098494623655914
0 0.5771640625 0.3629247311827957 0.044078125 0.0741505376344086
0 0.6873046875000001 0.4156989247311828 0.048484375 0.10133333333333333
0 0.816015625 0.47584946236559145 0.030687500000000003 0.08034408602150538
0 0.9644609375000001 0.505247311827957 0.036515625 0.08361290322580646
0 0.46657812500000007 0.3788494623655914 0.04365625000000001 0.08058064516129032
0 0.45371875 0.5321935483870968 0.0235 0.03789247311827957
0 0.15878906250000002 0.5865376344086022 0.04120312500000001 0.05724731182795699
0 0.0326328125 0.6543763440860214 0.035078125 0.05120430107526881
0 0.39607812500000006 0.5272258064516129 0.025750000000000002 0.060043010752688177
0 0.4197656250000001 0.5303440860215053 0.022000000000000002 0.047870967741935486
