0 0.17346604215456674 0.3937109375 0.22566744730679156 0.46967187499999996
0 0.26524590163934425 0.3813515625 0.14023419203747073 0.37429687500000003
0 0.38132318501170964 0.3969921875 0.14105386416861826 0.219109375
0 0.38242388758782203 0.31434375000000003 0.10288056206088993 0.09275
0 0.942224824355972 0.36599218750000007 0.11555035128805621 0.504515625
0 0.727903981264637 0.29499218750000006 0.06372365339578455 0.068546875
0 0.6389344262295081 0.32221875 0.08105386416861826 0.09346875
0 0.5488407494145199 0.3313125 0.1071896955503513 0.11640625
0 0.7922833723653396 0.3933046875 0.3650351288056206 0.39548437500000005
0 0.48236533957845434 0.3543046875 0.10421545667447307 0.137578125
