0 0.6758984375 0.6790416666666667 0.071171875 0.2758333333333333
0 0.5505468750000001 0.7210104166666668 0.09659375 0.17364583333333333
0 0.44508593750000003 0.7648229166666667 0.140703125 0.26197916666666665
0 0.296546875 0.8759374999999999 0.14803125 0.24812499999999998
0 0.97190625 0.6071770833333333 0.0561875 0.1505625
0 0.23621875000000003 0.6963229166666667 0.1225625 0.17072916666666668
0 0.9177890625 0.6867291666666666 0.044484375 0.1275
0 0.8005078124999999 0.69884375 0.050921875000000005 0.23089583333333333
0 0.39663281250000004 0.7901666666666667 0.08626562500000001 0.14445833333333333
0 0.28195312499999997 0.5463958333333333 0.01865625 0.029208333333333333
0 0.9783359375 0.72153125 0.043328125 0.09927083333333334
0 0.845171875 0.6584687499999999 0.0696875 0.18585416666666665
0 0.21457812500000004 0.62628125 0.040406250000000005 0.047562499999999994
