0 0.6351328125000001 0.23957291666666666 0.166515625 0.23468750000000002
0 0.9197890625 0.6339791666666665 0.041828125 0.08216666666666667
0 0.8200156250000001 0.6736666666666666 0.03771875 0.08424999999999999
0 0.7478281250000001 0.6984375 0.0324375 0.07808333333333332
0 0.679671875 0.7251979166666666 0.0411875 0.07110416666666668
0 0.6156953125000001 0.7377291666666667 0.033703125 0.07829166666666666
0 0.57371875 0.7526458333333332 0.0335625 0.065875
0 0.4552968750000001 0.771875 0.025687500000000002 0.07420833333333332
0 0.42553906249999995 0.7826666666666666 0.030734375000000005 0.05333333333333334
0 0.29717187500000003 0.7931354166666666 0.027531250000000004 0.06535416666666667
0 0.341265625 0.7879479166666666 0.0271875 0.06514583333333333
0 0.319 0.793875 0.022625000000000003 0.05733333333333333
0 0.5300703125 0.7563333333333334 0.042015625 0.07733333333333332
0 0.2609375 0.7854166666666667 0.51875 0.12083333333333333
