0 0.036140625 0.7512083333333334 0.045187500000000005 0.28747222222222224
0 0.9677578124999999 0.7678750000000001 0.027515625000000002 0.08019444444444446
0 0.1123359375 0.7578194444444445 0.039015625 0.18291666666666664
0 0.3458593750000001 0.7515416666666667 0.058062499999999996 0.2696388888888889
0 0.4273203125 0.7385 0.05310937500000001 0.20127777777777778
0 0.38393750000000004 0.7397638888888889 0.03540625 0.20058333333333334
0 0.617125 0.779986111111111 0.07928125000000001 0.23647222222222222
0 0.8176953124999999 0.783763888888889 0.015421875 0.05408333333333333
0 0.6790546875000001 0.7758611111111111 0.08085937500000001 0.23283333333333334
0 0.0936640625 0.7494027777777778 0.058734375000000005 0.2893611111111111
0 0.4893984375 0.7492361111111112 0.06901562500000001 0.24830555555555556
0 0.756515625 0.7589305555555556 0.0875625 0.38102777777777774
0 0.43882812500000007 0.7817638888888889 0.006937500000000001 0.06463888888888888
0 0.70078125 0.7680555555555556 0.49531250000000004 0.10833333333333334
