0 0.2408828125 0.5282426303854876 0.105640625 0.4751700680272109
0 0.315109375 0.48539682539682544 0.10375000000000001 0.4494331065759637
0 0.40071875 0.5094557823129252 0.10746875 0.40199546485260773
0 0.5049140625 0.3931179138321996 0.09398437500000001 0.266734693877551
0 0.6482656250000001 0.6556009070294785 0.11378125 0.6690702947845806
0 0.75409375 0.5157256235827664 0.096 0.4876417233560091
0 0.8377187500000001 0.45843537414965985 0.12696875000000002 0.31011337868480726
0 0.5540390625000001 0.4954875283446712 0.099328125 0.35360544217687073
0 0.15985156250000002 0.46396825396825403 0.11795312499999999 0.5382766439909297
0 0.0392890625 0.4113265306122449 0.078578125 0.5485034013605442
0 0.67884375 0.41834467120181407 0.08659375000000001 0.33387755102040817
0 0.623359375 0.33859410430839004 0.041843750000000006 0.1090249433106576
0 0.7123203125 0.49439909297052154 0.063546875 0.48263038548752835
0 0.96796875 0.47392290249433106 0.060937500000000006 0.3129251700680272
