0 0.6571354166666666 0.8147500000000001 0.0498125 0.0733125
0 0.7289583333333333 0.7991171875 0.028208333333333332 0.07270312500000001
0 0.7683958333333334 0.8188359374999999 0.0525 0.12067187500000001
0 0.858 0.8242109375000001 0.05420833333333333 0.131015625
0 0.8116354166666667 0.8329843750000001 0.04264583333333333 0.1025
0 0.49985416666666665 0.7784062500000001 0.009375 0.03390625
0 0.37809374999999995 0.7835859375 0.023979166666666666 0.056703125
0 0.3460104166666666 0.7815468750000001 0.0314375 0.0561875
0 0.09534375 0.8318593750000001 0.0830625 0.1374375
0 0.55403125 0.7795859375 0.02727083333333333 0.046859375
0 0.519875 0.7791250000000001 0.015125 0.0395625
0 0.052520833333333336 0.8573906250000001 0.07420833333333332 0.10303125
