0 0.10507812500000001 0.745388888888889 0.04153125 0.15661111111111112
0 0.32804687500000007 0.7208611111111111 0.015593750000000002 0.043333333333333335
0 0.36114843750000003 0.7346388888888888 0.016828125 0.042166666666666665
0 0.2769765625 0.67125 0.06460937500000001 0.1987777777777778
0 0.298171875 0.7335416666666666 0.013906250000000002 0.06880555555555555
0 0.3390234375000001 0.6332361111111111 0.0054218750000000005 0.024472222222222225
0 0.32482031250000004 0.6314722222222222 0.004171875 0.020555555555555556
0 0.4891015625000001 0.7148472222222222 0.013234375000000001 0.030305555555555558
0 0.5896250000000001 0.6701805555555556 0.00525 0.012194444444444444
0 0.6603359375000001 0.6371388888888889 0.0044843750000000005 0.018000000000000002
0 0.44966406249999996 0.6630416666666668 0.010796875000000001 0.036583333333333336
