0 0.7829921875000001 0.7959456264775414 0.030671875 0.1468794326241135
0 0.8287734375 0.7911938534278959 0.037578125000000004 0.168628841607565
0 0.91859375 0.810047281323877 0.0211875 0.13659574468085106
0 0.4122265625 0.6760638297872341 0.046296875 0.07004728132387707
0 0.7388125 0.7906855791962175 0.03675 0.17508274231678486
0 0.759953125 0.7926477541371159 0.026437500000000003 0.1819858156028369
0 0.8057500000000002 0.7987470449172577 0.0201875 0.14174940898345154
0 0.8521875 0.8062293144208037 0.01996875 0.12919621749408983
0 0.8690937500000001 0.8018203309692672 0.03628125 0.1461465721040189
0 0.6570156250000001 0.7729078014184397 0.041031250000000005 0.1895981087470449
0 0.6880625 0.7761820330969268 0.04521875 0.1806855791962175
