0 0.8111484375 0.3337671232876712 0.045203125000000004 0.21263013698630137
0 0.2763203125 0.31632876712328767 0.049640625 0.20345205479452055
0 0.9660625 0.39402739726027397 0.059 0.1370958904109589
0 0.25596875 0.23556164383561645 0.05115625000000001 0.14263013698630136
0 0.14520312500000002 0.2766986301369863 0.049875 0.2731232876712329
0 0.90390625 0.3848219178082192 0.03878125 0.13534246575342465
0 0.022500000000000003 0.29126027397260273 0.045000000000000005 0.2784109589041096
0 0.5793359375 0.31680821917808216 0.037890625000000004 0.1341095890410959
0 0.11407031249999999 0.27605479452054793 0.045515625000000004 0.2063013698630137
0 0.6343671875000001 0.31973972602739725 0.24373437500000003 0.3016712328767123
