0 0.7049140625000001 0.6937644341801386 0.11867187500000001 0.32739030023094684
0 0.9159687499999999 0.5717321016166281 0.038437500000000006 0.07090069284064665
0 0.6094453125000001 0.5954387990762124 0.049328125 0.13729792147806005
0 0.8010937500000002 0.5714203233256351 0.02590625 0.0569284064665127
0 0.5862890625 0.5456466512702078 0.020078125000000002 0.051293302540415704
0 0.364140625 0.5754041570438799 0.030875000000000003 0.08785219399538106
0 0.4731171875 0.609203233256351 0.067671875 0.16196304849884524
0 0.8878203124999999 0.5734180138568129 0.030578125 0.06854503464203233
0 0.3356875 0.5589953810623556 0.017656250000000002 0.058083140877598145
0 0.2988203125 0.5503464203233257 0.014921875000000001 0.04300230946882217
0 0.15321093750000003 0.5683833718244803 0.015953125000000002 0.08374133949191685
0 0.7496562500000001 0.5703810623556582 0.0214375 0.08579676674364896
0 0.35885156250000005 0.5708429561200924 0.027703125000000002 0.09521939953810622
0 0.38046875 0.558891454965358 0.2234375 0.09699769053117782
