0 0.145325 0.5943318965517241 0.05535 0.268448275862069
0 0.48059166666666675 0.6797629310344828 0.07835 0.11681034482758622
0 0.5106 0.6475215517241381 0.06603333333333333 0.10547413793103448
0 0.6830666666666667 0.6851185344827586 0.06596666666666667 0.1250646551724138
0 0.8486583333333334 0.6750754310344828 0.07338333333333334 0.13204741379310345
0 0.4165083333333333 0.6483943965517242 0.057550000000000004 0.08446120689655172
0 0.28624166666666667 0.36890086206896555 0.010883333333333335 0.03362068965517241
0 0.302775 0.36320043103448274 0.012483333333333334 0.029073275862068964
0 0.441175 0.4295581896551724 0.016283333333333334 0.030366379310344825
0 0.4521 0.42757543103448276 0.009533333333333333 0.020754310344827588
