0 0.8222421875000001 0.4026823529411764 0.170109375 0.698870588235294
0 0.032906250000000005 0.3772470588235293 0.06281250000000001 0.6644235294117646
0 0.688890625 0.13216470588235293 0.026718750000000003 0.15637647058823526
0 0.7139609375 0.14915294117647057 0.037234375 0.16037647058823526
0 0.7194296875 0.1438941176470588 0.018359375 0.16303529411764706
0 0.7362578125 0.13861176470588232 0.026140625 0.1684235294117647
0 0.753421875 0.14255294117647055 0.030656250000000003 0.17559999999999998
0 0.7836875000000001 0.12007058823529411 0.0408125 0.14541176470588232
0 0.8817734375000001 0.09829411764705881 0.042921875 0.10185882352941175
0 0.6455703125 0.1392 0.058296875000000005 0.1880941176470588
0 0.612625 0.09616470588235294 0.0475 0.10729411764705882
0 0.8694609375000001 0.06757647058823528 0.014359375 0.029317647058823528
0 0.85184375 0.06711764705882352 0.020875 0.04214117647058823
0 0.596875 0.09999999999999999 0.09062500000000001 0.14823529411764705
