0 0.61965625 0.8777395833333334 0.09734375 0.24322916666666666
0 0.8487265625 0.8500729166666666 0.133328125 0.2998541666666667
0 0.7606718750000001 0.8450833333333334 0.08840625 0.30695833333333333
0 0.7053125 0.8774270833333332 0.05084375 0.23235416666666667
0 0.4755234375 0.8561979166666667 0.12448437500000001 0.28760416666666666
0 0.3115859375 0.8323125 0.107515625 0.335375
0 0.1502265625 0.7954791666666666 0.182921875 0.40679166666666666
0 0.9636171875000001 0.8062708333333333 0.037359375 0.19841666666666666
0 0.9831484374999999 0.8440208333333333 0.033703125 0.20283333333333334
0 0.7052421875 0.7494062499999999 0.035234375000000005 0.05689583333333333
0 0.6626875000000001 0.847625 0.03534375 0.164
0 0.9413125 0.7687291666666666 0.0185 0.05479166666666667
0 0.37296093750000003 0.8557708333333333 0.06751562500000001 0.2812083333333333
0 0.478125 0.8427083333333333 0.95625 0.3104166666666667
