0 0.5688750000000001 0.33657291666666667 0.34540625 0.42697916666666663
0 0.5002812499999999 0.2814166666666667 0.18153125000000003 0.36275
0 0.168859375 0.5 0.33771875 1.0
0 0.1635234375 0.3277291666666667 0.117390625 0.26679166666666665
0 0.3101875 0.3151979166666667 0.1183125 0.2743541666666667
0 0.1793515625 0.36978125 0.064578125 0.1381875
0 0.24484375000000003 0.2986666666666667 0.021656250000000002 0.050749999999999997
0 0.2203671875 0.32948958333333334 0.022953125 0.03610416666666666
0 0.873515625 0.5088645833333333 0.25012500000000004 0.46689583333333334
0 0.23942187500000003 0.36290625 0.02846875 0.05835416666666667
