0 0.31301999999999996 0.72948 0.0308 0.07629333333333332
0 0.6949700000000001 0.64408 0.01878 0.06586666666666666
0 0.06955 0.7299333333333332 0.0313 0.06642666666666666
0 0.62866 0.6368799999999999 0.00704 0.024373333333333334
0 0.43098000000000003 0.6713866666666666 0.01852 0.037066666666666664
0 0.57158 0.67792 0.008320000000000001 0.011413333333333334
0 0.7109200000000001 0.64876 0.02116 0.041146666666666665
0 0.9733200000000001 0.60224 0.0354 0.03146666666666667
0 0.8108500000000001 0.5969333333333333 0.01238 0.039466666666666664
0 0.06858 0.6793600000000001 0.007240000000000001 0.01728
0 0.5385800000000001 0.6837866666666667 0.009519999999999999 0.021439999999999997
0 0.1933 0.7456933333333333 0.04532 0.06578666666666667
0 0.354 0.7066666666666667 0.516 0.16533333333333333
