0 0.7941121495327103 0.2333203125 0.051355140186915886 0.076796875
0 0.9755140186915888 0.250921875 0.04897196261682243 0.10800000000000001
0 0.35306074766355133 0.23459375000000005 0.07172897196261682 0.10353125000000002
0 0.7232710280373831 0.22361718750000004 0.024018691588785043 0.059546875
0 0.389018691588785 0.259984375 0.06266355140186916 0.12346875
0 0.09817757009345794 0.2081640625 0.049018691588785045 0.08264062500000001
0 0.7407126168224298 0.21937500000000001 0.02605140186915888 0.06515625000000001
0 0.5321728971962617 0.20196875000000003 0.012429906542056075 0.01128125
0 0.12135514018691587 0.1826875 0.027102803738317756 0.01746875
0 0.7797780373831775 0.232671875 0.03240654205607476 0.067125
0 0.14167056074766354 0.17846875 0.013574766355140185 0.0084375
0 0.7590420560747663 0.208078125 0.012850467289719626 0.0195625
