0 0.7929765625 0.596625 0.244390625 0.6719166666666666
0 0.08210937500000001 0.4332291666666667 0.05521875000000001 0.10570833333333333
0 0.5343984375 0.5089270833333334 0.082328125 0.22347916666666665
0 0.912796875 0.3881145833333334 0.05565625 0.11164583333333333
0 0.49869531250000004 0.4155208333333333 0.068140625 0.10391666666666667
0 0.28061718750000003 0.4550520833333333 0.085953125 0.04718749999999999
0 0.3256640625 0.4439479166666666 0.05404687500000001 0.06752083333333332
0 0.23523437500000002 0.44649999999999995 0.048625 0.07441666666666666
0 0.3967890625 0.4322708333333333 0.048640625 0.08608333333333333
0 0.253265625 0.2756875 0.027625 0.06275
0 0.8494609375 0.3979375 0.052859375 0.12512500000000001
0 0.361015625 0.45203125000000005 0.03646875 0.04539583333333333
0 0.4329921875 0.44871875 0.049578125 0.04572916666666667
0 0.496875 0.26666666666666666 0.99375 0.5333333333333333
