0 0.7159375 0.884875 0.023000000000000003 0.07408333333333333
0 0.496109375 0.8784062499999999 0.021843750000000002 0.08560416666666668
0 0.39759375 0.8634687499999999 0.02634375 0.05427083333333333
0 0.6721796875 0.9074375 0.031296875 0.09454166666666668
0 0.7377265625000001 0.8819375 0.022796875 0.07333333333333333
0 0.7008203125000001 0.8798958333333333 0.026921875 0.07625
0 0.9442734375000001 0.8142604166666667 0.018640625 0.033854166666666664
0 0.6873515625000001 0.86425 0.018859375 0.05479166666666667
0 0.91825 0.8483020833333333 0.02709375 0.058395833333333334
0 0.9662734374999999 0.8133645833333334 0.013421875 0.0410625
0 0.9847734375 0.8786458333333333 0.016234375000000002 0.08508333333333334
0 0.7875078125 0.8801354166666666 0.029171875000000003 0.0743125
0 0.3744453125 0.8649791666666666 0.027296874999999998 0.06041666666666667
0 0.5140625 0.8802083333333334 0.96875 0.10208333333333333
