0 0.19607812500000002 0.7021041666666666 0.15565625000000002 0.4199583333333334
0 0.3357421875 0.5408229166666667 0.047078125 0.2011875
0 0.43685156250000007 0.6270208333333334 0.126765625 0.3135833333333333
0 0.48600000000000004 0.589625 0.05853125000000001 0.2454583333333333
0 0.6277187500000001 0.55496875 0.06309375 0.18622916666666667
0 0.9050156250000001 0.5090520833333333 0.03653125 0.1680625
0 0.85790625 0.5046458333333333 0.04303125 0.16829166666666667
0 0.39025 0.6059791666666666 0.10009375000000001 0.274875
0 0.24989062500000003 0.5762499999999999 0.039906250000000004 0.19645833333333332
0 0.7935234375000001 0.47568750000000004 0.024515625 0.12820833333333334
0 0.050523437500000004 0.5423958333333334 0.047328125 0.16095833333333334
0 0.728796875 0.41413541666666664 0.014531250000000002 0.015604166666666667
0 0.9776015625000002 0.537875 0.038140625000000004 0.132375
0 0.52734375 0.43645833333333334 0.8484375000000001 0.13958333333333334
