0 0.3760259433962264 0.74109375 0.008419811320754715 0.010812500000000001
0 0.7293632075471698 0.756671875 0.014622641509433962 0.025093749999999998
0 0.05799528301886792 0.7585312500000001 0.012641509433962264 0.026281250000000003
0 0.3382665094339623 0.7463125000000002 0.007334905660377358 0.01028125
0 0.4045400943396226 0.7308203125 0.013844339622641508 0.025453125
0 0.2854127358490566 0.7539765625000001 0.012004716981132075 0.022203125000000004
0 0.3672169811320754 0.740609375 0.008726415094339622 0.0189375
0 0.5113561320754717 0.7615781250000001 0.01525943396226415 0.023031250000000003
0 0.3883018867924528 0.7412734375000001 0.011415094339622641 0.017484375
0 0.9389386792452831 0.7541015625 0.01712264150943396 0.016828125
0 0.18422169811320754 0.7467343750000001 0.02731132075471698 0.016
