0 0.6626250000000001 0.49437793427230053 0.03896875 0.12612676056338026
0 0.26952343749999996 0.4909272300469483 0.019078125 0.10194835680751174
0 0.2117734375 0.49517605633802814 0.028703125000000003 0.10316901408450706
0 0.2470234375 0.49639671361502347 0.024265625 0.1037793427230047
0 0.1920703125 0.48100938967136153 0.015921875 0.09056338028169014
0 0.5267968749999999 0.5136619718309859 0.019750000000000004 0.08647887323943663
0 0.902453125 0.522112676056338 0.022343750000000002 0.10455399061032863
0 0.9146015625000001 0.5197300469483568 0.009671875000000002 0.11899061032863849
0 0.60284375 0.4994600938967136 0.021812500000000002 0.11741784037558686
0 0.045796875 0.49764084507042256 0.021375 0.09509389671361503
0 0.032453125000000006 0.4969600938967136 0.01046875 0.08147887323943662
0 0.4879921875 0.4613615023474179 0.018953125 0.05539906103286386
0 0.5899609375 0.5076408450704225 0.010953125000000001 0.09561032863849765
0 0.38906250000000003 0.4870892018779343 0.39687500000000003 0.11971830985915494
