0 0.6238725490196079 0.41328431372549024 0.360359477124183 0.477483660130719
0 0.8845669934640523 0.4284967320261438 0.19995098039215686 0.4356535947712418
0 0.8445751633986929 0.32927287581699344 0.1423529411764706 0.2120751633986928
0 0.7519281045751635 0.3049591503267974 0.11320261437908498 0.15710784313725493
0 0.4143872549019608 0.37387254901960787 0.12436274509803921 0.28594771241830064
0 0.7098529411764706 0.2801143790849673 0.08189542483660131 0.10225490196078431
0 0.17816993464052286 0.2926225490196079 0.09944444444444445 0.06393790849673203
0 0.2621160130718954 0.4693300653594772 0.12155228758169935 0.25098039215686274
0 0.8169362745098039 0.22896241830065361 0.06802287581699347 0.15429738562091505
0 0.25000816993464053 0.2742075163398693 0.08204248366013073 0.09818627450980393
0 0.15858660130718955 0.2459313725490196 0.040473856209150325 0.048104575163398694
0 0.4108333333333334 0.25020424836601307 0.035490196078431374 0.04818627450980392
0 0.3816176470588235 0.286609477124183 0.06068627450980393 0.044820261437908494
