0 0.0931171875 0.9303645833333333 0.10782812500000001 0.13927083333333332
0 0.10487500000000001 0.8275625 0.04584375 0.09141666666666667
0 0.7700234375 0.82721875 0.026421875 0.09585416666666666
0 0.823828125 0.8476874999999999 0.023125000000000003 0.08962500000000001
0 0.061953125 0.8413541666666666 0.03484375 0.10841666666666666
0 0.259140625 0.82153125 0.02284375 0.07127083333333334
0 0.511671875 0.8320833333333333 0.028562500000000005 0.075
0 0.020953125000000003 0.8478541666666667 0.03950000000000001 0.12020833333333333
0 0.39467968750000004 0.8436979166666666 0.031171875 0.10714583333333333
0 0.188265625 0.84209375 0.031406250000000004 0.1113125
0 0.1726875 0.8292916666666666 0.017937500000000002 0.09016666666666667
0 0.9375 0.8703333333333333 0.044750000000000005 0.16408333333333333
0 0.28924218749999997 0.8321666666666666 0.019265625 0.077
0 0.49765625 0.8427083333333333 0.9921875 0.17291666666666666
