0 0.21687499999999998 0.4604921875000001 0.026363636363636363 0.07257812500000001
0 0.1933522727272727 0.46571875 0.025643939393939393 0.0815
0 0.05490530303030303 0.5061328125 0.04318181818181818 0.080921875
0 0.07746212121212122 0.49332812499999995 0.033522727272727273 0.08700000000000001
0 0.3078977272727273 0.409609375 0.018901515151515152 0.0481875
0 0.9025757575757576 0.7060390625 0.07912878787878788 0.155796875
0 0.851060606060606 0.6310781250000002 0.06284090909090909 0.13412500000000002
0 0.7903409090909091 0.5837890625000001 0.058143939393939394 0.11892187500000001
0 0.7540814393939395 0.5456171875 0.04448863636363636 0.10357812500000002
0 0.8769507575757576 0.5078359375 0.04049242424242424 0.093796875
0 0.8447348484848486 0.5260078125 0.03613636363636363 0.093328125
0 0.9686837121212122 0.77384375 0.06263257575757576 0.18290625000000002
0 0.9150662878787879 0.5557812500000001 0.03979166666666667 0.08996875
0 0.6429924242424243 0.50625 0.6875 0.359375
