0 0.5873599999999999 0.504223880597015 0.0526 0.2001492537313433
0 0.6836599999999999 0.4879253731343283 0.027719999999999998 0.11782089552238806
0 0.11784 0.45077611940298506 0.02768 0.19295522388059702
0 0.8000200000000001 0.576402985074627 0.08940000000000001 0.4003283582089553
0 0.9403900000000001 0.5805223880597015 0.11922 0.3393134328358209
0 0.43992 0.5427313432835821 0.09144 0.31543283582089554
0 0.25623 0.49328358208955225 0.0445 0.20692537313432835
0 0.22388 0.46453731343283583 0.03932 0.14991044776119403
0 0.53251 0.5038955223880597 0.04338 0.1984179104477612
0 0.56014 0.49755223880597016 0.02068 0.15576119402985075
0 0.8503400000000001 0.48553731343283585 0.05176 0.15161194029850747
0 0.059519999999999997 0.5574029850746269 0.06892000000000001 0.32477611940298506
0 0.36197 0.6064925373134329 0.09745999999999999 0.45973134328358206
0 0.438 0.5582089552238806 0.716 0.3761194029850746
