0 0.39021 0.4916666666666667 0.24486000000000002 0.8937681159420291
0 0.95902 0.20111594202898547 0.038759999999999996 0.14605797101449275
0 0.8403299999999999 0.12882608695652173 0.04986 0.09933333333333334
0 0.17848999999999998 0.12831884057971016 0.0349 0.07344927536231884
0 0.6061300000000001 0.20624637681159422 0.03462 0.11579710144927537
0 0.7944699999999999 0.23195652173913042 0.032619999999999996 0.06234782608695653
0 0.7427800000000001 0.13068115942028985 0.03016 0.09289855072463768
0 0.80791 0.16905797101449274 0.03302 0.09289855072463768
0 0.5072099999999999 0.08960869565217391 0.030420000000000003 0.09359420289855072
0 0.25964 0.1581304347826087 0.0246 0.06194202898550725
0 0.12135 0.06204347826086957 0.02282 0.04802898550724638
0 0.5767199999999999 0.25672463768115944 0.0506 0.05315942028985507
0 0.08618 0.20527536231884055 0.0522 0.14347826086956522
0 0.499 0.41449275362318844 0.998 0.8289855072463769
