0 0.3188524590163935 0.5063359374999999 0.2459016393442623 0.502859375
0 0.710304449648712 0.5372734375 0.10735362997658081 0.239421875
0 0.9072716627634659 0.5522421875 0.11215456674473068 0.19914062500000002
0 0.10713114754098362 0.5196484375 0.17468384074941454 0.33882812500000004
0 0.4926932084309134 0.546875 0.07152224824355971 0.12084375000000001
0 0.5767447306791569 0.551859375 0.03817330210772834 0.09481250000000001
0 0.2554566744730679 0.5135234375 0.15859484777517563 0.355328125
0 0.5543559718969555 0.5501953125 0.037142857142857144 0.081078125
0 0.8152693208430913 0.55296875 0.058407494145199065 0.08775
0 0.6455152224824355 0.5571562500000001 0.04676814988290398 0.09462500000000001
0 0.42992974238875875 0.5524765625 0.03807962529274005 0.076171875
