0 0.3604789719626168 0.855875 0.07077102803738317 0.13328125
0 0.31418224299065417 0.8067812500000001 0.021308411214953266 0.030625000000000003
0 0.3312383177570093 0.8048906250000001 0.014065420560747662 0.0346875
0 0.9027686915887851 0.8256953125000002 0.057126168224299056 0.024453125000000003
0 0.736483644859813 0.8162890625 0.013855140186915886 0.018828125
0 0.11241822429906542 0.7974140625000001 0.009929906542056074 0.019921875000000002
0 0.5928621495327102 0.8791015625 0.0805841121495327 0.053890625000000004
0 0.6968107476635513 0.8879921875 0.07792056074766354 0.139515625
0 0.6141121495327103 0.805671875 0.017102803738317757 0.029562500000000005
0 0.6614018691588786 0.879078125 0.04635514018691588 0.1056875
0 0.9126869158878503 0.8228828125000001 0.02485981308411215 0.021421875000000003
0 0.8745443925233645 0.8071953125000001 0.013294392523364486 0.022859375
0 0.386892523364486 0.8441953125 0.06728971962616823 0.147203125
0 0.5093457943925234 0.846875 0.9766355140186915 0.14375000000000002
