0 0.6901151631477928 0.72359375 0.4803071017274472 0.49887499999999996
0 0.41545105566218804 0.6494375 0.3781957773512476 0.57078125
0 0.26838771593090205 0.47834375 0.2757389635316698 0.42540625
0 0.14630518234165066 0.7202265625000001 0.2926103646833013 0.532578125
0 0.7771017274472168 0.5157578125000001 0.4457965451055662 0.512890625
0 0.8988963531669865 0.2596328125 0.15813819577735125 0.223703125
0 0.23239923224568138 0.20832812500000003 0.3928598848368522 0.37612500000000004
0 0.35057581573896346 0.10717968750000001 0.1490595009596929 0.211234375
0 0.7793474088291746 0.084109375 0.16714011516314778 0.16821875
0 0.6008541266794626 0.20964843750000003 0.4031285988483685 0.4082656250000001
0 0.4815067178502879 0.28324999999999995 0.17591170825335892 0.20959375
0 0.10826295585412668 0.42888281250000004 0.21261036468330133 0.267328125
