0 0.526609375 0.4177453027139874 0.10290625 0.2061795407098121
0 0.64728125 0.683830897703549 0.34646875000000005 0.6314613778705637
0 0.876765625 0.4602818371607515 0.12590625 0.48081419624217114
0 0.4557890625 0.3826931106471816 0.056890625 0.10697286012526096
0 0.26489843750000003 0.55580375782881 0.21360937500000002 0.3707724425887265
0 0.30442968750000005 0.37807933194154486 0.075578125 0.1042171189979123
0 0.10633593749999999 0.37411273486430063 0.052703124999999997 0.20835073068893525
0 0.39884375 0.3850521920668058 0.06281250000000001 0.08676409185803757
0 0.05795312500000001 0.405866388308977 0.06371875 0.13949895615866387
0 0.0567421875 0.5491336116910229 0.108765625 0.36933194154488513
0 0.638328125 0.443705636743215 0.1430625 0.19125260960334028
0 0.21745312500000002 0.4092275574112735 0.0754375 0.14012526096033404
0 0.207296875 0.3966283924843423 0.05096875 0.1308768267223382
