0 0.4232578125 0.5121896955503512 0.479390625 0.970327868852459
0 0.8804140625000001 0.586768149882904 0.20179687500000001 0.3839812646370024
0 0.7281718750000001 0.522271662763466 0.19584375 0.4610772833723653
0 0.8479687500000002 0.3641569086651054 0.11825000000000002 0.28658079625292743
0 0.081 0.3872365339578454 0.10931249999999999 0.2243559718969555
0 0.954984375 0.3973887587822014 0.08915625 0.2685948477751756
0 0.8890000000000001 0.15584309133489463 0.14903125 0.2597423887587822
0 0.23420312500000004 0.113864168618267 0.10543750000000002 0.2176112412177986
0 0.2868359375 0.39517564402810307 0.08464062500000001 0.22814988290398128
0 0.175796875 0.3889695550351288 0.10684375 0.20857142857142857
0 0.15051562500000004 0.05249414519906323 0.08146875 0.10498829039812646
0 0.7356328125 0.2259718969555035 0.15076562500000001 0.3844028103044496
