0 0.7728281250000001 0.6688437500000001 0.08431250000000001 0.213125
0 0.8415156250000001 0.6648281250000001 0.05334375 0.21643750000000003
0 0.7076640625000001 0.6174609375000001 0.06048437500000001 0.11264062500000001
0 0.23767187500000003 0.6385859375 0.032031250000000004 0.08060937500000001
0 0.9206640624999999 0.619984375 0.040015625 0.10259375
0 0.5005390625 0.6094921875 0.031515625000000005 0.041796875000000004
0 0.8200156250000001 0.6295000000000001 0.031875 0.15553125
0 0.6742500000000001 0.6151640625 0.0266875 0.069953125
0 0.6128203125 0.6891953125000001 0.144390625 0.23139062500000002
0 0.8236640625 0.5582812500000001 0.036484375000000006 0.079625
0 0.4497421875 0.5866953125000001 0.016421875 0.029734375000000004
0 0.45774218750000006 0.5957421875 0.007953125 0.010203125
0 0.5078671875 0.6005312500000001 0.012484375 0.02028125
0 0.5875 0.6046875 0.021875000000000002 0.046875
