0 0.5029375 0.547072599531616 0.26415625000000004 0.7984074941451991
0 0.8629609375 0.47596018735363 0.053203125 0.10039812646370022
0 0.7938750000000001 0.47234192037470724 0.07646875 0.11911007025761124
0 0.65690625 0.6021779859484777 0.06865625 0.28440281030444964
0 0.24624218750000001 0.5221077283372365 0.055140625 0.10665105386416862
0 0.9431171875 0.30279859484777516 0.054015625000000005 0.09402810304449648
0 0.35138281250000003 0.5035831381733021 0.067453125 0.11147540983606558
0 0.5835625000000001 0.4874121779859485 0.037687500000000006 0.08985948477751755
0 0.39859375 0.48926229508196717 0.052062500000000005 0.1123887587822014
0 0.17800000000000002 0.5188290398126464 0.07071875 0.11259953161592505
0 0.057609375 0.6290632318501171 0.09403125000000001 0.3363466042154567
0 0.7184843750000001 0.4901170960187354 0.08446875000000001 0.09353629976580796
