0 0.58567 0.8460666666666665 0.10954000000000001 0.30338666666666664
0 0.73972 0.3022933333333333 0.056280000000000004 0.07776
0 0.90386 0.7029200000000001 0.07995999999999999 0.35896
0 0.48281 0.8856666666666666 0.10126 0.22855999999999999
0 0.48329999999999995 0.5531333333333334 0.1008 0.2292533333333333
0 0.34183 0.58576 0.1087 0.1706133333333333
0 0.15 0.8569333333333332 0.10112 0.26741333333333334
0 0.48952 0.44692 0.08864 0.27474666666666664
0 0.7357100000000001 0.7547466666666666 0.24046 0.42378666666666664
0 0.33304 0.7059466666666667 0.1606 0.32954666666666665
0 0.87663 0.35618666666666665 0.0463 0.07317333333333334
0 0.96472 0.3562666666666666 0.07056 0.08378666666666666
0 0.61661 0.6225333333333333 0.09129999999999999 0.3048533333333333
0 0.47500000000000003 0.41466666666666663 0.9460000000000001 0.8293333333333333
