0 0.24207812500000003 0.354716796875 0.10096875000000001 0.12998046875
0 0.66534375 0.28054687500000003 0.11775000000000001 0.1365625
0 0.92225 0.391005859375 0.14021875 0.27865234375
0 0.3564453125 0.28630859375 0.096953125 0.115078125
0 0.486 0.2581640625 0.178625 0.423671875
0 0.9268046875 0.3000390625 0.130953125 0.19453125
0 0.055828125000000006 0.22185546875 0.07609375000000002 0.1310546875
0 0.150109375 0.35505859375 0.10965625000000001 0.143828125
0 0.687390625 0.347978515625 0.08828125 0.13513671875
0 0.24603125000000003 0.22515625 0.09540625000000001 0.1275390625
0 0.13939062500000002 0.279970703125 0.13112500000000002 0.13626953125
0 0.038054687499999997 0.27705078125 0.075359375 0.1419140625
0 0.6161171875000001 0.19966796875 0.08095312500000001 0.154140625
0 0.5 0.216796875 0.9968750000000001 0.43359375
