0 0.19902810304449647 0.1335859375 0.12531615925058548 0.084703125
0 0.2657845433255269 0.014234375 0.10768149882903981 0.02790625
0 0.9600117096018734 0.1485234375 0.07913348946135831 0.086484375
0 0.8389695550351288 0.10959375 0.10501170960187355 0.15153125
0 0.3021545667447307 0.10975000000000001 0.13639344262295083 0.10453125000000002
0 0.9026932084309133 0.10602343750000001 0.1033255269320843 0.073984375
0 0.14360655737704917 0.0288828125 0.11653395784543324 0.057765625
0 0.39907494145199063 0.1083984375 0.1109367681498829 0.10517187500000001
0 0.9446838407494145 0.06990625 0.10632318501170959 0.07615625000000001
0 0.38599531615925065 0.5988749999999999 0.6363466042154567 0.46340625
0 0.7355503512880563 0.045851562500000005 0.13807962529274004 0.08792187500000001
