0 0.44125 0.9505633802816902 0.07778125000000001 0.0763849765258216
0 0.3948515625 0.9726291079812207 0.024265625 0.05474178403755869
0 0.32458593750000003 0.9561854460093896 0.023921875000000002 0.0561737089201878
0 0.24494531249999998 0.9667488262910799 0.053859375 0.06589201877934273
0 0.7834609375000001 0.958262910798122 0.035953125 0.0828169014084507
0 0.191078125 0.9443427230046949 0.017875 0.03126760563380282
0 0.9486953125000002 0.9282394366197183 0.102203125 0.1435211267605634
0 0.6661875 0.9646244131455399 0.03515625 0.07075117370892019
0 0.576078125 0.9612910798122066 0.05762500000000001 0.0760093896713615
0 0.27368750000000003 0.9722769953051643 0.015468750000000002 0.05544600938967136
0 0.6555859375 0.9708920187793428 0.012265625 0.029624413145539905
0 0.21955468749999998 0.9326291079812206 0.094328125 0.1327699530516432
