0 0.07678125000000001 0.5181979166666667 0.15356250000000002 0.5583125
0 0.6560312500000001 0.5189583333333333 0.4408750000000001 0.9203749999999999
0 0.286515625 0.5404479166666666 0.1483125 0.5281041666666667
0 0.36017968750000007 0.47286458333333337 0.093140625 0.41189583333333335
0 0.5720468750000001 0.4288125 0.08368750000000001 0.47370833333333334
0 0.8496562500000002 0.44818749999999996 0.07796875 0.4031666666666667
0 0.405765625 0.5660625 0.083625 0.47733333333333333
0 0.17591406250000002 0.5370625 0.135234375 0.5061666666666667
0 0.9826875000000002 0.6983854166666668 0.032281250000000004 0.0708125
0 0.8862968750000001 0.5737291666666666 0.15984375 0.31183333333333335
