0 0.2972890625 0.54209375 0.392203125 0.6093125
0 0.5172890625000001 0.46507031249999997 0.063859375 0.164953125
0 0.1637578125 0.4713125 0.063578125 0.16921875
0 0.7937578125 0.47039843750000004 0.08667187500000001 0.151984375
0 0.5845703125 0.4586406250000001 0.015265625 0.0355
0 0.627484375 0.44820312500000004 0.0031875000000000002 0.007593750000000001
0 0.6676640625000001 0.45371875 0.015171875000000001 0.01853125
0 0.6596406250000001 0.4528671875000001 0.005843750000000001 0.015765625000000002
0 0.7333125 0.46264843750000006 0.019343750000000003 0.051859375
0 0.36438281250000004 0.4562734375 0.007328125000000001 0.029265625000000003
0 0.43203125000000003 0.46009374999999997 0.010625 0.02428125
0 0.4693828125000001 0.45521875 0.007203125000000001 0.023125000000000003
