0 0.9367812500000001 0.47979166666666667 0.1264375 0.5125416666666667
0 0.8764062500000002 0.4449479166666666 0.094375 0.48539583333333336
0 0.5957890625 0.5101145833333333 0.11629687500000002 0.4449375
0 0.7248515625 0.47204166666666664 0.121421875 0.43945833333333334
0 0.4881484375 0.46672916666666664 0.081671875 0.4454166666666667
0 0.1621640625 0.5067604166666667 0.14189062500000002 0.47072916666666664
0 0.10262500000000002 0.4896562499999999 0.059750000000000004 0.38056249999999997
0 0.7722265625000001 0.32325 0.08139062500000001 0.172875
0 0.82078125 0.43988541666666664 0.07415625 0.3528125
0 0.2793046875 0.4641145833333333 0.141234375 0.3835208333333333
0 0.0185 0.5015520833333333 0.037 0.39947916666666666
0 0.4014609375 0.48790625 0.10639062500000002 0.4443958333333333
