0 0.584296875 0.24341920374707263 0.03859375 0.14758782201405152
0 0.48053906250000006 0.26412177985948476 0.06892187500000001 0.08758782201405152
0 0.11872656250000001 0.19639344262295083 0.033515625 0.10430913348946136
0 0.182921875 0.19372365339578454 0.0365625 0.05550351288056206
0 0.484625 0.20505854800936768 0.021750000000000002 0.09634660421545668
0 0.8745937500000001 0.27603044496487117 0.03421875 0.1548711943793911
0 0.8283906250000002 0.2631733021077283 0.04756250000000001 0.1523887587822014
0 0.679953125 0.3592271662763466 0.15778125 0.21395784543325527
0 0.992171875 0.27076112412177983 0.01565625 0.15201405152224823
0 0.3331953125 0.21525761124121778 0.040359375 0.07505854800936768
0 0.37448437500000004 0.18962529274004683 0.023906250000000004 0.07330210772833724
0 0.1075703125 0.19881733021077283 0.016828125 0.08995316159250585
0 0.9322890625 0.2836416861826698 0.038265625 0.1442857142857143
0 0.5234375 0.24355971896955503 0.9375 0.234192037470726
