0 0.53823 0.6771556122448978 0.4387 0.6224744897959182
0 0.41520999999999997 0.9095918367346938 0.07338 0.18081632653061222
0 0.24447 0.9423341836734694 0.02246 0.05058673469387754
0 0.21108999999999997 0.934170918367347 0.023780000000000003 0.06905612244897959
0 0.18041 0.9232780612244896 0.01482 0.051147959183673465
0 0.09167 0.9272576530612244 0.028980000000000002 0.11089285714285713
0 0.13527 0.9298341836734694 0.039259999999999996 0.10334183673469387
0 0.03843 0.9255357142857142 0.01554 0.059234693877551016
0 0.23920999999999998 0.9072959183673469 0.00878 0.04051020408163265
0 0.1972 0.9209056122448979 0.017 0.055586734693877544
0 0.056909999999999995 0.9256249999999998 0.01558 0.06063775510204081
0 0.50373 0.937780612244898 0.01734 0.028877551020408163
0 0.028689999999999997 0.9305484693877549 0.006900000000000001 0.05084183673469387
