0 0.5285211267605634 0.5140625 0.2200469483568075 0.4486875000000001
0 0.7879107981220657 0.45759375 0.03201877934272301 0.04484375
0 0.2993544600938967 0.4562421875 0.05053990610328639 0.056203125
0 0.34153755868544605 0.45434375 0.02767605633802817 0.03359375
0 0.14967136150234744 0.4737421875 0.01671361502347418 0.049390625
0 0.21544600938967137 0.4663828125 0.015539906103286386 0.031546875
0 0.21892018779342726 0.46794531250000004 0.03291079812206573 0.028078125
0 0.31967136150234743 0.451 0.020704225352112676 0.023906250000000004
0 0.38295774647887326 0.45679687500000005 0.033380281690140845 0.043500000000000004
0 0.13257042253521129 0.47351562500000005 0.018896713615023476 0.05353125
0 0.02647887323943662 0.4621015625 0.02492957746478873 0.030421875
0 0.21024647887323944 0.46153125 0.00852112676056338 0.01103125
0 0.18876760563380285 0.46521093750000003 0.017065727699530516 0.030515625000000005
0 0.4424882629107981 0.46328125000000003 0.7723004694835681 0.0578125
