0 0.07221875 0.6251979166666667 0.0133125 0.052812500000000005
0 0.06115625 0.6269791666666666 0.0119375 0.05054166666666667
0 0.8778125000000001 0.5781666666666666 0.030406250000000003 0.13229166666666667
0 0.8446015625 0.5955937499999999 0.015765625000000002 0.07247916666666666
0 0.8088281250000002 0.55390625 0.014281250000000002 0.058395833333333334
0 0.787578125 0.55621875 0.02103125 0.06272916666666667
0 0.0803515625 0.6210312499999999 0.008765625 0.048562499999999995
0 0.794859375 0.5534687500000001 0.014156250000000002 0.0653125
0 0.7695781250000001 0.5619791666666667 0.014968750000000001 0.066375
0 0.7578046875 0.55678125 0.016109375000000002 0.0788125
