0 0.5085328638497653 0.50746875 0.13166666666666668 0.17059375000000002
0 0.23476525821596242 0.5638125 0.051877934272300474 0.10053125000000002
0 0.1841549295774648 0.582359375 0.045915492957746475 0.07600000000000001
0 0.15119718309859154 0.573375 0.02859154929577465 0.04471875
0 0.438462441314554 0.5552578125000001 0.03011737089201878 0.045515625000000004
0 0.4184037558685446 0.5582109375000001 0.029953051643192487 0.045921875
0 0.38627934272300474 0.5648828124999999 0.02152582159624413 0.027796875
0 0.09070422535211269 0.6004296875 0.04093896713615024 0.040453125000000006
0 0.10720657276995306 0.5749296875 0.02967136150234742 0.043046875000000005
0 0.21097417840375587 0.568453125 0.020492957746478874 0.0404375
0 0.2775234741784038 0.5733203124999999 0.014718309859154928 0.021359375
0 0.29982394366197185 0.56875 0.011525821596244133 0.021843750000000002
0 0.08004694835680752 0.571484375 0.025446009389671363 0.022750000000000003
0 0.8838028169014085 0.50546875 0.03990610328638498 0.0546875
