0 0.45039062500000004 0.5575058823529411 0.2754375 0.5335529411764706
0 0.7633671875 0.7178352941176471 0.10848437500000002 0.2777882352941176
0 0.935 0.7224705882352941 0.13 0.5325647058823529
0 0.763 0.5843529411764705 0.0869375 0.2325176470588235
0 0.8604375000000002 0.5550117647058823 0.1006875 0.26310588235294113
0 0.6108515625000001 0.5674941176470588 0.045171875 0.24825882352941175
0 0.5076796875 0.5569529411764705 0.051734375 0.1928705882352941
0 0.8503203125 0.6890235294117647 0.073140625 0.36341176470588227
0 0.0373671875 0.529635294117647 0.039984375 0.08152941176470588
0 0.5260859375 0.4993411764705882 0.011734375 0.027388235294117647
0 0.7978125 0.5229647058823529 0.027125 0.12131764705882353
0 0.11059375 0.41239999999999993 0.035687500000000004 0.12861176470588234
0 0.76765625 0.8491999999999998 0.20975000000000002 0.3016
0 0.5 0.7117647058823529 0.9968750000000001 0.5717647058823528
