0 0.009226562499999999 0.44551522248243564 0.018421875 0.13524590163934427
0 0.07565625000000001 0.4805503512880562 0.027125 0.11744730679156909
0 0.5274375 0.2575644028103044 0.1418125 0.3153629976580796
0 0.5617578125 0.24592505854800933 0.049234375000000004 0.2243559718969555
0 0.639765625 0.6981967213114754 0.1089375 0.4091334894613583
0 0.5888203125000001 0.2506791569086651 0.058359375000000005 0.31728337236533954
0 0.7728984375 0.5287822014051522 0.035609375 0.1379391100702576
0 0.821140625 0.4741100702576113 0.05034375 0.21613583138173303
0 0.6602421875000001 0.25230679156908664 0.087234375 0.3040046838407494
0 0.6264921875 0.24880562060889932 0.082671875 0.3168618266978923
0 0.8503671875000001 0.49709601873536297 0.060515624999999997 0.2581264637002342
0 0.9022109375 0.4792857142857143 0.047296875 0.24236533957845433
0 0.9844687500000001 0.5230327868852459 0.0310625 0.29327868852459016
0 0.59921875 0.2728337236533958 0.0671875 0.21311475409836064
