0 0.9715937500000001 0.7643875 0.054656249999999997 0.39437500000000003
0 0.904921875 0.757625 0.05990625000000001 0.38735
0 0.8774843750000001 0.5867625000000001 0.026437500000000003 0.07587500000000001
0 0.7698125 0.7495750000000001 0.12103124999999999 0.20454999999999998
0 0.8216171875000001 0.5897 0.045671875 0.10155
0 0.37909375 0.524825 0.02009375 0.08015000000000001
0 0.16012500000000002 0.5529125 0.014406250000000002 0.034975
0 0.843921875 0.7352875 0.07353125 0.29947500000000005
0 0.4985703125 0.26063749999999997 0.078171875 0.071475
0 0.9421406250000001 0.5745375 0.0404375 0.104725
0 0.84784375 0.5623625000000001 0.0163125 0.048075
0 0.9319375000000001 0.7315625 0.0556875 0.381475
0 0.9695390625 0.548725 0.024140625 0.0466
0 0.45 0.545 0.875 0.16
