0 0.5871673387096774 0.6191015625 0.20586693548387097 0.5775156250000001
0 0.6813004032258063 0.43034375 0.13393145161290324 0.14446875
0 0.8154435483870969 0.44129687500000003 0.12564516129032258 0.09543750000000001
0 0.8180846774193548 0.383078125 0.15471774193548385 0.20725
0 0.038830645161290325 0.42332812500000006 0.07766129032258065 0.10709375000000002
0 0.05375 0.3718828125 0.10653225806451613 0.179171875
0 0.18369959677419356 0.37875000000000003 0.10348790322580645 0.17334375000000002
0 0.32563508064516133 0.37965625000000003 0.09723790322580644 0.09431250000000001
0 0.7411391129032259 0.17988281250000002 0.11034274193548387 0.12470312500000001
0 0.8688608870967741 0.0928203125 0.10756048387096774 0.132453125
0 0.28877016129032257 0.4409687500000001 0.1435483870967742 0.10443750000000002
0 0.15227822580645162 0.429515625 0.1338709677419355 0.0955625
0 0.8605745967741936 0.2027265625 0.14151209677419355 0.19107812500000002
0 0.5 0.25625000000000003 0.9959677419354839 0.5125000000000001
