0 0.6571718750000001 0.6392708333333333 0.12203125 0.39941666666666664
0 0.8015156250000001 0.4166666666666667 0.1266875 0.3107916666666667
0 0.551828125 0.3148020833333333 0.06243750000000001 0.30847916666666664
0 0.2440546875 0.6068020833333333 0.130953125 0.4829791666666667
0 0.24684375000000003 0.36644791666666665 0.097125 0.20710416666666664
0 0.372375 0.3714791666666667 0.12778125 0.19237500000000002
0 0.49755468750000004 0.3942395833333333 0.084390625 0.2066875
0 0.147125 0.5629479166666668 0.15165625000000002 0.5176875
0 0.38748437500000005 0.21185416666666665 0.0701875 0.23258333333333334
0 0.34099218750000004 0.21911458333333336 0.050671875000000005 0.14885416666666668
0 0.522703125 0.27484375 0.0206875 0.0945625
0 0.432546875 0.2822604166666667 0.0494375 0.08960416666666667
0 0.12409375 0.34396875000000005 0.061406249999999996 0.1149375
