0 0.11922656250000002 0.6620520833333334 0.10204687500000001 0.37102083333333336
0 0.7762890625000001 0.5258125 0.036296875 0.14908333333333335
0 0.42953125 0.42664583333333334 0.03325 0.07004166666666665
0 0.5896640625 0.42834375 0.032078125000000006 0.08135416666666666
0 0.5569687500000001 0.4300208333333333 0.0194375 0.06833333333333333
0 0.7187187500000001 0.448875 0.021781250000000002 0.06479166666666666
0 0.8524843750000001 0.46148958333333334 0.0233125 0.09452083333333333
0 0.8320625 0.46234375 0.02296875 0.0834375
0 0.7518515625000001 0.4792708333333333 0.023546875000000002 0.08166666666666667
0 0.772203125 0.43968749999999995 0.02421875 0.06125
0 0.4905468750000001 0.4281041666666666 0.028625 0.08791666666666667
0 0.8782343749999999 0.4706666666666667 0.03409375 0.05683333333333333
0 0.9838046875 0.44896874999999997 0.012265625 0.033479166666666664
0 0.753125 0.44895833333333335 0.49062500000000003 0.11875
