0 0.751828125 0.8234352941176469 0.01628125 0.11294117647058823
0 0.7234375000000001 0.8352352941176469 0.025656250000000005 0.1212941176470588
0 0.4784453125 0.848835294117647 0.024765625 0.12458823529411764
0 0.365140625 0.8704941176470588 0.028875 0.14621176470588235
0 0.2987265625 0.8670588235294117 0.021203125000000003 0.11665882352941175
0 0.20974218749999998 0.8720235294117646 0.027859375 0.1284235294117647
0 0.49723437500000006 0.8092 0.00996875 0.03350588235294118
0 0.9570390625 0.8184941176470588 0.020484375 0.0892705882352941
0 0.031281250000000003 0.8860352941176469 0.029687500000000002 0.13155294117647057
0 0.9779453125 0.811141176470588 0.019296875 0.09776470588235292
0 0.88384375 0.8153882352941176 0.03521875 0.11548235294117645
0 0.07694531250000002 0.8831529411764706 0.027453125000000002 0.1328470588235294
0 0.10078125 0.8778588235294116 0.028562500000000005 0.13948235294117647
0 0.5046875000000001 0.8494117647058823 0.9875 0.24941176470588233
