0 0.651859375 0.6004929577464789 0.0556875 0.1639906103286385
0 0.6273046875 0.5137323943661972 0.051609375000000006 0.07455399061032865
0 0.325265625 0.4212206572769953 0.0223125 0.07469483568075118
0 0.5826484375000001 0.5152699530516432 0.036859375 0.0734037558685446
0 0.6080234375 0.6289201877934273 0.03307812500000001 0.115962441314554
0 0.5999375 0.4157394366197183 0.021531250000000002 0.09241784037558685
0 0.5830937500000001 0.6535211267605633 0.03509375 0.06276995305164319
0 0.6434843750000001 0.39355633802816903 0.01203125 0.036784037558685444
0 0.5454921875000001 0.5660328638497653 0.031109375 0.08187793427230047
0 0.5560625 0.6573943661971832 0.03325 0.06272300469483567
0 0.687671875 0.41850938967136153 0.02921875 0.08946009389671361
0 0.503703125 0.615680751173709 0.0554375 0.14408450704225353
0 0.6193515625 0.5804460093896714 0.030640625 0.0984037558685446
0 0.46953125 0.5305164319248826 0.4421875 0.3380281690140845
