0 0.765171568627451 0.4449428104575164 0.28988562091503267 0.7011274509803921
0 0.5091993464052288 0.3445506535947713 0.06267973856209151 0.09168300653594771
0 0.46366830065359477 0.42370098039215687 0.10893790849673203 0.23102941176470587
0 0.3808496732026144 0.40448529411764705 0.060653594771241826 0.1655718954248366
0 0.9281290849673203 0.4929738562091503 0.14374183006535948 0.6808823529411765
0 0.6231944444444444 0.4075245098039215 0.12805555555555556 0.4343627450980392
0 0.34004084967320264 0.4105228758169934 0.034983660130718956 0.13411764705882354
0 0.4067401960784314 0.3511519607843137 0.04468954248366013 0.07318627450980392
0 0.3190032679738562 0.4083088235294118 0.03209150326797386 0.13808823529411765
0 0.22361111111111112 0.41142973856209153 0.04297385620915033 0.06573529411764706
0 0.3054656862745099 0.40629901960784315 0.03334967320261438 0.14181372549019608
0 0.5663562091503268 0.4266993464052288 0.08725490196078431 0.3476470588235294
