0 0.440594262295082 0.5168515625 0.5570081967213115 0.934828125
0 0.12202868852459017 0.14114062500000002 0.14995901639344264 0.23318750000000002
0 0.7518032786885246 0.15085156249999998 0.12184426229508198 0.180453125
0 0.3501946721311476 0.1104140625 0.1599795081967213 0.196296875
0 0.22212090163934425 0.102078125 0.06051229508196722 0.07975
0 0.038760245901639345 0.1614609375 0.0719467213114754 0.189078125
0 0.2411987704918033 0.08104687500000002 0.023381147540983607 0.036
0 0.5552561475409837 0.09919531250000001 0.08362704918032787 0.16051562500000002
0 0.9276229508196722 0.09350000000000001 0.02565573770491803 0.0420625
0 0.6459836065573771 0.30228125 0.16663934426229507 0.49359375
0 0.27789959016393445 0.15645312500000003 0.08834016393442623 0.20993750000000003
0 0.1566905737704918 0.501296875 0.2248155737704918 0.82596875
0 0.8279713114754099 0.42028125000000005 0.3440573770491804 0.6580625000000001
