0 0.31769531250000005 0.7852185792349726 0.022546875 0.08229508196721312
0 0.3814296875 0.7886475409836065 0.025234375 0.10685792349726776
0 0.46901562500000005 0.7794125683060109 0.013406250000000001 0.06937158469945355
0 0.5049765625 0.7802049180327869 0.010265625 0.06669398907103825
0 0.55478125 0.7722267759562841 0.013906250000000002 0.06221311475409836
0 0.6848125 0.7694945355191256 0.0091875 0.04882513661202186
0 0.6429609375 0.7703005464480874 0.013015625000000001 0.05972677595628415
0 0.33813281250000005 0.7817213114754099 0.014453125 0.0921311475409836
0 0.345859375 0.7749590163934426 0.023531250000000004 0.10385245901639344
0 0.42143749999999996 0.7779098360655737 0.0240625 0.08275956284153005
0 0.544921875 0.7730601092896174 0.01196875 0.06382513661202185
0 0.4991171875 0.7761612021857924 0.005546875 0.03882513661202186
0 0.6114375000000001 0.7703688524590165 0.01371875 0.06068306010928962
0 0.64453125 0.76775956284153 0.0734375 0.09836065573770492
