0 0.4867708333333333 0.5634921875 0.44445833333333334 0.835984375
0 0.7253333333333333 0.34253125 0.106875 0.17684375000000002
0 0.8206249999999999 0.28959375000000004 0.058374999999999996 0.10625000000000001
0 0.59653125 0.26487499999999997 0.049770833333333334 0.07484375
0 0.896625 0.255734375 0.03245833333333333 0.0581875
0 0.26940625 0.27568750000000003 0.059604166666666666 0.11140625
0 0.7746979166666665 0.2625625 0.03260416666666667 0.05575
0 0.3659791666666667 0.25725781249999996 0.06104166666666667 0.077765625
0 0.22492708333333333 0.26699218750000003 0.05485416666666666 0.09785937500000001
0 0.8748229166666667 0.25300781250000004 0.032979166666666664 0.05707812500000001
0 0.64946875 0.30512500000000004 0.06822916666666666 0.0891875
0 0.6466770833333333 0.25913281250000003 0.042312499999999996 0.059546875
0 0.08230208333333332 0.2542109375 0.04010416666666666 0.073234375
0 0.090625 0.25234375000000003 0.13125 0.0671875
