0 0.8481733021077282 0.77771875 0.022388758782201406 0.030718750000000003
0 0.27870023419203743 0.7914375 0.023864168618266977 0.026625
0 0.836440281030445 0.8007265625000001 0.018126463700234192 0.038484375
0 0.5232552693208431 0.7071875 0.01180327868852459 0.021718750000000002
0 0.7947423887587822 0.6945156250000001 0.014262295081967212 0.025937500000000002
0 0.9086299765807963 0.8083515625000001 0.022740046838407496 0.043484375
0 0.3214754098360656 0.8879140625 0.026932084309133488 0.05267187500000001
0 0.3614051522248244 0.77790625 0.016908665105386415 0.039281250000000004
0 0.47142857142857136 0.9408281250000002 0.03255269320843091 0.05450000000000001
0 0.29563231850117094 0.8401562499999999 0.03814988290398126 0.04628125
0 0.3089578454332552 0.7824609375 0.014121779859484778 0.039109375
0 0.9846604215456675 0.816203125 0.02608899297423888 0.04609375
0 0.6616276346604215 0.7744609375000001 0.01927400468384075 0.037640625000000004
0 0.4672131147540984 0.690625 0.892271662763466 0.240625
