0 0.5754556074766355 0.38505468750000005 0.07703271028037383 0.155828125
0 0.7741939252336448 0.3869687500000001 0.05628504672897196 0.09965625
0 0.919661214953271 0.38987499999999997 0.024602803738317754 0.08071875
0 0.33988317757009345 0.381921875 0.020233644859813084 0.03868750000000001
0 0.2698948598130841 0.3792109375 0.02100467289719626 0.04064062500000001
0 0.3106658878504673 0.37486718750000003 0.033014018691588785 0.059703125
0 0.859053738317757 0.39319531250000006 0.022266355140186912 0.043328125
0 0.9043925233644861 0.39286718750000005 0.015093457943925232 0.04585937500000001
0 0.95125 0.395046875 0.020630841121495325 0.041406250000000006
0 0.28796728971962615 0.3777890625 0.021355140186915887 0.043546875000000006
0 0.6974999999999999 0.3779453125 0.005093457943925234 0.0063906250000000005
0 0.06206775700934578 0.37240625000000005 0.022827102803738314 0.04378125
0 0.0866588785046729 0.3726328125 0.02280373831775701 0.039703125000000006
0 0.4836448598130841 0.353125 0.9345794392523363 0.140625
