0 0.3446484375 0.561792656587473 0.31539062500000004 0.7955075593952484
0 0.7169375 0.3595464362850972 0.50721875 0.7146004319654429
0 0.059335937500000005 0.4569222462203024 0.11542187500000001 0.739330453563715
0 0.1631640625 0.09343412526997841 0.079703125 0.11896328293736501
0 0.38650000000000007 0.12912526997840174 0.08365625 0.15419006479481642
0 0.2507265625 0.09718142548596112 0.087328125 0.14818574514038876
0 0.5903046875000001 0.33953563714902807 0.093921875 0.22719222462203026
0 0.6842265625 0.2733369330453564 0.054890625000000005 0.07034557235421167
0 0.4425234375 0.09739740820734342 0.107109375 0.1896112311015119
0 0.22625000000000003 0.36923326133909284 0.07646875 0.20524838012958965
0 0.282984375 0.2408207343412527 0.05234375 0.10591792656587473
0 0.9510000000000001 0.2682613390928726 0.068625 0.24339092872570195
0 0.5173593750000001 0.2042656587473002 0.07946875 0.14529157667386608
0 0.5 0.23434125269978404 0.9968750000000001 0.46436285097192226
