0 0.24997792494481236 0.4713125 0.07624724061810155 0.13493750000000002
0 0.2885209713024282 0.19748437500000005 0.2275496688741722 0.17028125000000002
0 0.7563024282560706 0.5261015625 0.09242825607064017 0.13907812500000002
0 0.8231898454746136 0.5357031250000001 0.06183222958057395 0.12059375000000001
0 0.893344370860927 0.5281874999999999 0.08099337748344371 0.13325
0 0.14998896247240617 0.4956328125 0.06788079470198675 0.137484375
0 0.661644591611479 0.7280156249999999 0.13949227373068432 0.079375
0 0.6642935982339956 0.1979140625 0.09573951434878587 0.124546875
0 0.6381567328918322 0.16247656250000003 0.06315673289183223 0.11667187500000001
0 0.19814569536423843 0.176640625 0.05152317880794702 0.067625
0 0.9420419426048565 0.5251875 0.05927152317880795 0.13875
0 0.2600220750551876 0.7583828125000001 0.2962913907284768 0.230234375
