0 0.8737734375000001 0.5003975903614458 0.022234375 0.09983132530120482
0 0.8418984375000002 0.49481927710843376 0.026859375000000005 0.11412048192771085
0 0.740265625 0.597421686746988 0.11796875000000001 0.4861204819277109
0 0.05150781250000001 0.7367228915662651 0.078078125 0.31657831325301206
0 0.0036328125000000006 0.5426385542168675 0.007265625000000001 0.06195180722891567
0 0.7115156250000001 0.47498795180722897 0.020625 0.03787951807228916
0 0.6922265625 0.5033012048192772 0.018984375 0.08178313253012048
0 0.7133515625000001 0.5345903614457832 0.037734375 0.10942168674698795
0 0.6831718750000001 0.4993975903614458 0.009125 0.07884337349397591
0 0.122140625 0.6784698795180724 0.05778125 0.2536144578313253
