0 0.16778125 0.22359840954274351 0.095375 0.10560636182902583
0 0.3903515625 0.150337972166998 0.111484375 0.20087475149105366
0 0.8141953125000001 0.08377733598409542 0.155390625 0.15133200795228627
0 0.8641875000000001 0.13942345924453278 0.156125 0.10970178926441351
0 0.2770078125 0.20671968190854867 0.11473437500000001 0.12278330019880714
0 0.519109375 0.3618389662027833 0.23187500000000003 0.5305964214711729
0 0.14300000000000002 0.16275347912524848 0.06046875000000001 0.09524850894632204
0 0.0192421875 0.2448111332007952 0.038484375 0.11053677932405566
0 0.2720546875 0.11792246520874751 0.11189062500000001 0.161610337972167
0 0.9697812500000002 0.09397614314115307 0.060437500000000005 0.1614314115308151
0 0.20123437500000005 0.07820079522862823 0.11259375 0.15174950298210735
0 0.611484375 0.18075546719681904 0.118 0.08234592445328032
