0 0.0576796875 0.50034375 0.017890625 0.08135416666666666
0 0.4830390625 0.49884375 0.021359375 0.07447916666666667
0 0.5195546875 0.49703125000000004 0.015890625000000002 0.0708125
0 0.49266406250000006 0.4778333333333333 0.013421875 0.043666666666666666
0 0.5515078125 0.48476041666666664 0.014171875 0.049979166666666665
0 0.5726875 0.49623958333333335 0.020000000000000004 0.0714375
0 0.5998828125000001 0.4784583333333333 0.010515625 0.04804166666666666
0 0.575265625 0.4668541666666667 0.010875000000000001 0.023291666666666665
0 0.47214062500000004 0.4715729166666667 0.01175 0.0336875
0 0.44234375 0.48841666666666667 0.014687500000000001 0.06170833333333334
0 0.534671875 0.47641666666666665 0.013218750000000001 0.056541666666666664
0 0.5964609375000001 0.52203125 0.013671875 0.03189583333333333
0 0.6086796875 0.49904166666666666 0.017453125 0.103375
0 0.52890625 0.49374999999999997 0.1328125 0.08333333333333333
