0 0.17757812500000003 0.592096018735363 0.044312500000000005 0.18428571428571427
0 0.6416640625 0.5655854800936768 0.029578125 0.04817330210772834
0 0.4318828125 0.5478571428571428 0.041046875000000003 0.08929742388758782
0 0.6000859375 0.5677400468384075 0.036234375000000006 0.10156908665105385
0 0.16803125000000002 0.6494028103044497 0.04315625000000001 0.0693911007025761
0 0.5589218750000001 0.5523770491803278 0.030187500000000003 0.050702576112412176
0 0.3954375 0.5982435597189695 0.05209375000000001 0.2617798594847775
0 0.02859375 0.6141217798594848 0.03365625 0.13194379391100702
0 0.20361718750000002 0.5976112412177986 0.027671875000000002 0.16473067915690867
0 0.5859843750000001 0.548536299765808 0.02321875 0.08667447306791569
0 0.36328906250000004 0.5517915690866511 0.150109375 0.3957142857142857
0 0.042515625 0.6105971896955504 0.029312500000000005 0.13992974238875877
0 0.08025 0.5980444964871194 0.05365625000000001 0.18920374707259954
0 0.18281250000000002 0.5983606557377049 0.1375 0.18032786885245902
