0 0.9204453125 0.41957671957671955 0.159109375 0.8391534391534391
0 0.521453125 0.647526455026455 0.11706250000000001 0.19367724867724864
0 0.6078828125000001 0.4134920634920635 0.079640625 0.40899470899470897
0 0.21746093750000003 0.5518783068783069 0.254421875 0.5468783068783069
0 0.03982031250000001 0.5011243386243386 0.07698437500000001 0.45843915343915337
0 0.7480000000000001 0.5083201058201058 0.1259375 0.24256613756613754
0 0.8313125 0.4074206349206349 0.06359375 0.2725132275132275
0 0.409484375 0.5461111111111111 0.18615625000000002 0.24338624338624337
0 0.8370625 0.5202116402116401 0.12840625000000003 0.3117460317460317
0 0.6910703125 0.5213095238095238 0.114359375 0.2127777777777778
0 0.8975625000000002 0.6938227513227513 0.20487500000000003 0.19394179894179894
