0 0.3549609375 0.6737617924528302 0.165390625 0.39016509433962265
0 0.5050234375000001 0.6102948113207547 0.206359375 0.5175707547169811
0 0.71234375 0.828125 0.058375 0.09742924528301887
0 0.8709296875 0.8561792452830188 0.125046875 0.2067452830188679
0 0.9236093750000001 0.8871816037735849 0.05131250000000001 0.14596698113207546
0 0.9649609375000001 0.8898820754716981 0.065984375 0.1797641509433962
0 0.81509375 0.8528066037735849 0.058062499999999996 0.11009433962264151
0 0.9875 0.8669457547169812 0.025 0.11875
0 0.6086015625000001 0.8246226415094339 0.023421875 0.03575471698113208
0 0.9390859375 0.7927004716981132 0.025921875 0.02738207547169811
