0 0.6471874999999999 0.5993125 0.19175 0.5393125000000001
0 0.7681145833333333 0.5273203125 0.10347916666666666 0.295515625
0 0.3200833333333333 0.4701484375 0.22095833333333334 0.332671875
0 0.15437499999999998 0.5247734375 0.153 0.310109375
0 0.87790625 0.5584296875 0.10785416666666667 0.312359375
0 0.07460416666666667 0.41597656250000004 0.093875 0.134671875
0 0.76159375 0.43180468750000006 0.17952083333333332 0.203578125
0 0.46267708333333335 0.48842968750000004 0.23864583333333333 0.21526562500000002
0 0.07490625 0.662921875 0.1498125 0.60675
0 0.3829583333333333 0.40825 0.08775 0.11421875
0 0.9497916666666667 0.5148125 0.09545833333333334 0.33828125000000003
0 0.5798333333333333 0.488421875 0.051875 0.11412500000000002
