0 0.1890546875 0.35544491525423727 0.196421875 0.6691525423728814
0 0.3501953125 0.6601165254237289 0.28601562500000005 0.6797669491525424
0 0.606578125 0.583146186440678 0.33809375 0.7887500000000001
0 0.7507578125000001 0.2865148305084746 0.34804687500000003 0.5730296610169492
0 0.8271953125 0.12837923728813558 0.152828125 0.25451271186440677
0 0.0571796875 0.5516843220338983 0.11104687499999999 0.8381991525423729
0 0.4876171875 0.3310381355932203 0.174640625 0.6620762711864406
0 0.8667734375 0.6359533898305084 0.18229687500000002 0.705635593220339
0 0.7651484375000001 0.6750635593220339 0.191140625 0.5074152542372882
0 0.1040078125 0.443135593220339 0.09054687500000001 0.38610169491525426
0 0.0356328125 0.3325847457627119 0.061328125000000004 0.1977542372881356
