0 0.5755625000000001 0.67403125 0.20056250000000003 0.6519375000000001
0 0.25651562499999997 0.5093333333333333 0.07815625000000001 0.143125
0 0.870375 0.494125 0.032375 0.13387500000000002
0 0.927828125 0.49141666666666667 0.0325 0.13679166666666664
0 0.03893750000000001 0.7157708333333334 0.07787500000000001 0.07608333333333334
0 0.9604921875000001 0.4875208333333333 0.034828125 0.13716666666666666
0 0.9899765625000001 0.5311979166666666 0.019984375 0.20339583333333333
0 0.8884531250000001 0.49384374999999997 0.02134375 0.13127083333333334
0 0.8435390624999999 0.4586979166666667 0.024015625 0.08202083333333332
0 0.4713281250000001 0.4293020833333333 0.013625000000000002 0.015104166666666667
0 0.373640625 0.5979687499999999 0.05890625000000001 0.08627083333333332
0 0.9782578124999999 0.5486041666666667 0.043484375 0.04783333333333333
