0 0.6209531250000001 0.48954009433962264 0.28925 0.5970990566037735
0 0.712390625 0.09120283018867925 0.08540625 0.1824056603773585
0 0.9718203124999999 0.09183962264150942 0.056359375 0.18367924528301885
0 0.37835937500000005 0.11433962264150942 0.08203125 0.1797641509433962
0 0.9407734375000001 0.16859669811320754 0.057109375 0.3371933962264151
0 0.833390625 0.18871462264150943 0.0549375 0.3512028301886792
0 0.8760078125 0.09058962264150942 0.07142187500000001 0.18117924528301885
0 0.48774999999999996 0.10428066037735849 0.0576875 0.20742924528301887
0 0.28830468750000005 0.10180424528301887 0.101734375 0.1607311320754717
0 0.7900625 0.09247641509433963 0.05328125 0.18495283018867925
0 0.5427734375000001 0.13045990566037735 0.073109375 0.2609198113207547
