0 0.5092370892018779 0.5042578125 0.26800469483568073 0.179921875
0 0.6293309859154929 0.5363671875 0.04523474178403756 0.079765625
0 0.8048943661971831 0.5105468750000001 0.042370892018779346 0.04046875
0 0.7232042253521126 0.49929687500000003 0.04194835680751174 0.044562500000000005
0 0.6767723004694836 0.5073671875000001 0.02589201877934272 0.014828125000000001
0 0.9121830985915494 0.5449140625000001 0.05708920187793427 0.067765625
0 0.9523239436619718 0.5658671875000001 0.09535211267605634 0.084734375
0 0.9272652582159624 0.49246875 0.03265258215962442 0.0409375
0 0.7792488262910798 0.49827343749999997 0.02971830985915493 0.035234375000000005
0 0.7522887323943662 0.5022968750000001 0.041525821596244135 0.045625
0 0.08411971830985916 0.510421875 0.050868544600938974 0.1328125
0 0.8479577464788733 0.501578125 0.056197183098591556 0.08315625
0 0.5586854460093896 0.509375 0.8779342723004695 0.55
