0 0.56840625 0.6365148305084746 0.1085 0.16252118644067795
0 0.7140390625 0.4516843220338983 0.09017187500000001 0.18290254237288134
0 0.37114843750000004 0.5593644067796609 0.084828125 0.13114406779661017
0 0.185359375 0.5172775423728814 0.04778125 0.08078389830508476
0 0.13178125 0.5536122881355933 0.032781250000000005 0.10264830508474578
0 0.058750000000000004 0.55375 0.06853125 0.08453389830508475
0 0.5022968750000001 0.5283792372881356 0.07634375 0.10103813559322034
0 0.47764062500000004 0.6137605932203389 0.041406250000000006 0.1523093220338983
0 0.2908359375 0.5520233050847457 0.056734375000000004 0.0978177966101695
0 0.42467968750000007 0.5829555084745763 0.040140625000000006 0.10091101694915255
0 0.9353750000000001 0.5407627118644068 0.05378125 0.12131355932203389
0 0.985296875 0.5111122881355932 0.029406250000000002 0.06913135593220339
0 0.23382812500000003 0.5203072033898305 0.0578125 0.09188559322033897
0 0.49921875000000004 0.5709745762711864 0.9984375000000001 0.2521186440677966
