0 0.361796875 0.47234192037470724 0.05084375 0.20810304449648712
0 0.6011328125 0.5007728337236533 0.025453125 0.1320374707259953
0 0.7164375000000001 0.48302107728337235 0.01503125 0.050866510538641684
0 0.5007421875000001 0.517248243559719 0.031234374999999998 0.11791569086651055
0 0.5556328125000001 0.48930913348946137 0.005765625 0.015714285714285715
0 0.142734375 0.5198946135831382 0.04284375000000001 0.0802576112412178
0 0.5227890625000001 0.4821077283372365 0.011484375 0.022857142857142857
0 0.24096875 0.31999999999999995 0.0675 0.19765807962529275
0 0.12321875 0.503407494145199 0.031 0.08292740046838407
0 0.6112109375000001 0.4862997658079625 0.0063593750000000004 0.038969555035128806
0 0.0273828125 0.5315807962529273 0.054765625 0.15004683840749414
0 0.6146875 0.48790398126463697 0.0103125 0.05613583138173302
0 0.86440625 0.49228337236533953 0.00709375 0.01117096018735363
0 0.36562500000000003 0.4637002341920375 0.321875 0.09367681498829039
