0 0.22013888888888888 0.50634375 0.12838888888888889 0.18746875000000002
0 0.6365277777777778 0.4537109375 0.06094444444444445 0.056203125
0 0.6010000000000001 0.43825000000000003 0.021166666666666667 0.038437500000000006
0 0.5665694444444445 0.43855468750000004 0.03302777777777778 0.039765625
0 0.5583194444444445 0.439671875 0.01452777777777778 0.0325
0 0.3358055555555556 0.42771875000000004 0.013 0.022500000000000003
0 0.11043055555555557 0.43842968750000005 0.04230555555555556 0.057765625
0 0.15768055555555557 0.439953125 0.042472222222222224 0.06784375000000001
0 0.6257638888888889 0.428234375 0.020972222222222222 0.021906250000000002
0 0.5227083333333333 0.43694531250000007 0.02291666666666667 0.040359375
0 0.6786944444444445 0.435984375 0.03038888888888889 0.0320625
0 0.7209305555555555 0.4485234375 0.027583333333333335 0.043703125
0 0.7504027777777778 0.4455625000000001 0.037638888888888895 0.0310625
0 0.4 0.43828125 0.7777777777777778 0.0765625
