0 0.8143046875 0.57275 0.030015625000000004 0.048343750000000005
0 0.8806484375000001 0.4813984375 0.026265625 0.066671875
0 0.35546875 0.5992812500000001 0.05859375 0.07728125000000001
0 0.31836718750000004 0.6126328125000001 0.033734375000000004 0.100890625
0 0.20681250000000004 0.620796875 0.0551875 0.0874375
0 0.1546875 0.61790625 0.04050000000000001 0.08984375
0 0.698328125 0.616265625 0.045000000000000005 0.13121875000000002
0 0.9394609375 0.5367734375 0.041390625 0.054390625000000005
0 0.6278125000000001 0.6335468750000001 0.08196875 0.09740625000000001
0 0.4359609375000001 0.6176640625 0.051296875 0.094515625
0 0.432171875 0.3738359375 0.020125000000000004 0.047078125
0 0.5038984375000001 0.624671875 0.21817187500000002 0.470125
0 0.249921875 0.6285234375000001 0.042406250000000006 0.072078125
0 0.49921875000000004 0.515625 0.9984375000000001 0.34687500000000004
