0 0.1904765625 0.7326588235294117 0.013328125 0.029882352941176468
0 0.232625 0.7339882352941176 0.012781250000000001 0.027882352941176466
0 0.36727343749999997 0.7483882352941176 0.007078125000000001 0.008541176470588234
0 0.592875 0.7474000000000001 0.00828125 0.01136470588235294
0 0.6098671875 0.7339882352941176 0.015359375000000001 0.03056470588235294
0 0.4819453125 0.7433647058823529 0.009640625 0.01816470588235294
0 0.444921875 0.7539647058823529 0.0145625 0.01691764705882353
0 0.41770312500000006 0.7474117647058823 0.008125 0.014352941176470586
0 0.21657031250000003 0.735541176470588 0.014140625000000002 0.028352941176470588
0 0.5677265625000001 0.7480941176470588 0.010078125 0.021176470588235293
0 0.29246093749999996 0.7419058823529411 0.013296875 0.021835294117647057
0 0.1164609375 0.7382 0.009515625 0.02849411764705882
0 0.10400000000000001 0.7520470588235294 0.011375000000000001 0.04710588235294117
0 0.36171875000000003 0.7423529411764705 0.5921875 0.06352941176470588
