0 0.4273828125 0.613388671875 0.260609375 0.74974609375
0 0.8185625000000001 0.33797851562500003 0.1008125 0.14482421875
0 0.6157578125000001 0.312802734375 0.016453125 0.02892578125
0 0.015734375000000002 0.370380859375 0.03125 0.07412109375
0 0.474890625 0.3562890625 0.04565625 0.0615625
0 0.0678515625 0.40107421875000004 0.06760937500000001 0.0529296875
0 0.082203125 0.35220703124999997 0.03740625 0.065859375
0 0.3277578125 0.35455078125000006 0.055890625000000006 0.111015625
0 0.936109375 0.52060546875 0.12696875000000002 0.477578125
0 0.5535859375 0.31349609375 0.012203125 0.0196484375
0 0.7819218750000001 0.325185546875 0.038500000000000006 0.05451171875
0 0.7834531250000001 0.296435546875 0.0335 0.04529296875
0 0.49617187500000004 0.341787109375 0.0350625 0.07142578125
0 0.24609375 0.3212890625 0.0234375 0.033203125
