0 0.586484375 0.1061737089201878 0.09440625000000001 0.15408450704225352
0 0.51753125 0.7744953051643193 0.192 0.23776995305164322
0 0.332765625 0.3822652582159625 0.13387500000000002 0.1513380281690141
0 0.43924218750000005 0.3132746478873239 0.139015625 0.21471830985915494
0 0.365046875 0.8343075117370892 0.29534375 0.2815258215962442
0 0.40326562499999996 0.10258215962441315 0.06928125 0.155868544600939
0 0.784234375 0.19867370892018782 0.1355 0.37593896713615027
0 0.2886875 0.8894600938967135 0.26325 0.19375586854460095
0 0.4562734375 0.0410093896713615 0.063859375 0.082018779342723
0 0.634578125 0.2614906103286385 0.09406250000000001 0.21969483568075118
