0 0.5978046875 0.7450227790432802 0.12085937499999999 0.39874715261959
0 0.5335859375 0.5519362186788155 0.038609375 0.08906605922551253
0 0.6316015625 0.6919248291571753 0.069203125 0.3325968109339407
0 0.5971093749999999 0.5531321184510251 0.025 0.07797266514806377
0 0.6682031250000001 0.7022209567198177 0.0675 0.3801138952164009
0 0.4113203125 0.5339635535307516 0.031796875 0.0441002277904328
0 0.38417187500000005 0.5518564920273348 0.033781250000000006 0.06211845102505694
0 0.1799453125 0.6714350797266514 0.359890625 0.6259681093394077
0 0.35435156250000005 0.6316742596810934 0.078078125 0.2687699316628701
0 0.5023984375 0.7354328018223235 0.152390625 0.40252847380410023
0 0.41635156250000005 0.7438382687927108 0.08195312500000002 0.38316628701594535
0 0.5261171875 0.6106833712984053 0.063953125 0.1767653758542141
0 0.5546875 0.6514806378132119 0.39375000000000004 0.31435079726651477
