0 0.08041406250000001 0.39221874999999995 0.16082812500000002 0.4424375
0 0.0903671875 0.25 0.173984375 0.1892083333333333
0 0.398546875 0.3668125 0.3195 0.22420833333333334
0 0.8226640625 0.3746041666666667 0.074546875 0.18112499999999998
0 0.6308828125000001 0.30002083333333335 0.017515625000000003 0.060375
0 0.6810625 0.3181979166666667 0.02371875 0.07872916666666667
0 0.7533906250000001 0.30765625 0.017875 0.09706250000000001
0 0.1139453125 0.31296874999999996 0.08364062500000001 0.17660416666666665
0 0.6124218750000001 0.3035833333333333 0.04640625 0.06733333333333333
0 0.3465390625 0.27646875000000004 0.060046875 0.11714583333333332
0 0.3081796875 0.25178125 0.009078125 0.021729166666666667
0 0.44560937500000003 0.24326041666666667 0.07387500000000001 0.07552083333333333
0 0.3645703125 0.306125 0.057765625 0.0845
0 0.5859375 0.41041666666666665 0.8250000000000001 0.36666666666666664
