0 0.19115625000000003 0.5629274004683841 0.07946875 0.4921311475409836
0 0.09078125 0.5436416861826697 0.08875 0.301288056206089
0 0.0542265625 0.5304332552693208 0.033703125 0.2608665105386417
0 0.37914843750000005 0.4503395784543326 0.037703125000000004 0.059976580796252926
0 0.701390625 0.4894613583138173 0.03868750000000001 0.18857142857142856
0 0.246234375 0.5555971896955504 0.06259375 0.3143325526932084
0 0.1385859375 0.5007728337236533 0.040171875 0.22177985948477752
0 0.58165625 0.4773067915690867 0.021531250000000002 0.14908665105386415
0 0.018664062500000002 0.5518501170960187 0.037328125000000004 0.24065573770491805
0 0.9493671875 0.5185948477751756 0.057703125 0.17704918032786884
0 0.1485546875 0.4405386416861826 0.022609375 0.085807962529274
0 0.3627734375 0.4439695550351288 0.020796875000000003 0.07088992974238875
0 0.26885156250000003 0.4368384074941452 0.007640625 0.04042154566744731
