0 0.4461015625 0.5518852459016393 0.18201562500000001 0.5796955503512881
0 0.0214140625 0.22814988290398128 0.011765625000000002 0.046604215456674467
0 0.7707421875000001 0.34045667447306793 0.016765625000000003 0.07491803278688525
0 0.1065859375 0.2371311475409836 0.005109375 0.04039812646370024
0 0.1379921875 0.24000000000000002 0.008953125000000001 0.031007025761124123
0 0.20577343750000004 0.24153395784543327 0.006890625000000001 0.039367681498829035
0 0.7474609375000001 0.3311124121779859 0.019859375000000002 0.07365339578454333
0 0.8384062500000001 0.34699063231850114 0.0089375 0.032903981264637006
0 0.8526875 0.3451170960187353 0.00809375 0.03810304449648712
0 0.8835078125000001 0.3531030444964871 0.013171875 0.03674473067915691
0 0.2136796875 0.2517330210772834 0.007140625000000001 0.032833723653395784
0 0.060445312499999994 0.23296252927400468 0.007578125 0.04362997658079625
0 0.0717890625 0.23878220140515222 0.010203125 0.029648711943793912
0 0.09765625 0.2388758782201405 0.1921875 0.08430913348946135
