0 0.835375 0.3977751756440281 0.0130625 0.03620608899297424
0 0.6844296875 0.5910070257611242 0.022484375 0.07639344262295081
0 0.887734375 0.5986299765807962 0.01203125 0.05641686182669789
0 0.8698437499999999 0.392072599531616 0.011125000000000001 0.046487119437939116
0 0.37328906250000005 0.5281030444964872 0.020640625000000003 0.0439344262295082
0 0.43151562500000007 0.5185362997658081 0.0130625 0.03360655737704918
0 0.8566875 0.39436768149882906 0.0118125 0.04128805620608899
0 0.9336250000000001 0.6170140515222483 0.018593750000000003 0.027704918032786886
0 0.9621171875000001 0.4790632318501171 0.023765625000000002 0.029320843091334894
0 0.6324609375 0.5849063231850118 0.016203125 0.08615925058548009
0 0.4152421875 0.5222014051522248 0.016078125 0.04084309133489462
0 0.8444375 0.3928805620608899 0.009125 0.04060889929742389
0 0.7640625000000001 0.4566744730679157 0.39375000000000004 0.17798594847775176
