0 0.528559718969555 0.5267890625 0.94288056206089 0.926984375
0 0.8588758782201404 0.37940625000000006 0.2559718969555035 0.1483125
0 0.24769320843091336 0.3749921875 0.25234192037470726 0.180546875
0 0.06266978922716628 0.64571875 0.12533957845433255 0.7085625000000001
0 0.6228922716627635 0.326171875 0.07060889929742388 0.05550000000000001
0 0.6887587822014052 0.3442421875 0.06557377049180328 0.08145312500000002
0 0.32038641686182673 0.3237109375 0.07627634660421546 0.08164062500000001
0 0.9674121779859486 0.3144921875 0.06517564402810304 0.07442187500000001
0 0.15833723653395784 0.2672421875 0.09850117096018736 0.20482812500000003
0 0.12918032786885247 0.375015625 0.10435597189695552 0.12903125000000001
