0 0.25504687500000006 0.44309375 0.0903125 0.3551875
0 0.9577734375000001 0.35922916666666665 0.081078125 0.33558333333333334
0 0.8636328124999999 0.38184375 0.10995312500000001 0.3028958333333333
0 0.3540078125 0.4384166666666667 0.080828125 0.285125
0 0.3097265625 0.4159583333333333 0.057796875000000004 0.23324999999999999
0 0.45439062500000005 0.39325 0.051562500000000004 0.194
0 0.7671562500000001 0.3502291666666667 0.044750000000000005 0.14770833333333333
0 0.4964921875 0.3482291666666667 0.031140625 0.14975
0 0.46753125000000006 0.3168125 0.029281249999999998 0.05533333333333333
0 0.5274843750000001 0.36365625 0.029031249999999998 0.14581249999999998
0 0.581453125 0.4166875 0.06159375 0.22129166666666666
0 0.6863046875000001 0.39573958333333337 0.074359375 0.22535416666666666
0 0.46979687500000006 0.29822916666666666 0.011687500000000002 0.02175
0 0.50625 0.3989583333333333 0.278125 0.26458333333333334
