0 0.424296875 0.2280913348946136 0.07196875000000001 0.20896955503512882
0 0.33185937500000007 0.46489461358313816 0.10400000000000001 0.3978922716627635
0 0.27275781250000003 0.4213466042154567 0.057140625 0.30236533957845435
0 0.2196875 0.4165339578454333 0.07428125000000001 0.3643559718969555
0 0.37538281250000005 0.44407494145199067 0.073734375 0.34918032786885245
0 0.46873437500000004 0.4658548009367682 0.0855 0.4186416861826698
0 0.56190625 0.4845550351288056 0.118125 0.42648711943793916
0 0.771546875 0.5221779859484779 0.12334375 0.4118032786885246
0 0.28855468749999996 0.20850117096018736 0.074640625 0.16918032786885245
0 0.12353125000000001 0.3256323185011709 0.0556875 0.201288056206089
0 0.1635703125 0.38525761124121777 0.062453125 0.2763231850117096
0 0.6654296875000001 0.5059836065573771 0.11779687500000001 0.37978922716627633
0 0.400421875 0.35352459016393445 0.045750000000000006 0.14311475409836066
