0 0.18239000000000002 0.26293413173652697 0.06154 0.23820359281437128
0 0.39538 0.21793413173652698 0.04828 0.12329341317365271
0 0.2416 0.1331437125748503 0.03412 0.09071856287425151
0 0.28244 0.11994011976047905 0.049 0.13491017964071858
0 0.21199 0.11594311377245509 0.04182 0.11230538922155689
0 0.16902 0.11046407185628743 0.02512 0.076437125748503
0 0.32552000000000003 0.2091766467065868 0.04132 0.10709580838323354
0 0.07915000000000001 0.16004491017964073 0.03958 0.09368263473053892
0 0.41046000000000005 0.16038922155688623 0.033600000000000005 0.14634730538922158
0 0.45030000000000003 0.18612275449101798 0.047240000000000004 0.18835329341317367
0 0.14278 0.12443113772455092 0.033 0.09155688622754492
0 0.021840000000000002 0.23258982035928147 0.043680000000000004 0.1923053892215569
0 0.6372000000000001 0.3489071856287425 0.33180000000000004 0.6873952095808383
0 0.28500000000000003 0.14371257485029942 0.41400000000000003 0.19161676646706588
