0 0.7868046875000001 0.4941250000000001 0.059921875000000006 0.16591666666666666
0 0.3813046875000001 0.43754166666666666 0.084328125 0.4736388888888889
0 0.4853906250000001 0.45211111111111113 0.09353125000000001 0.46966666666666673
0 0.5445859375000001 0.535375 0.069453125 0.24769444444444447
0 0.5633984375 0.5437083333333333 0.12189062500000002 0.2535277777777778
0 0.13019531250000002 0.4292083333333333 0.083421875 0.42247222222222225
0 0.7584296875000001 0.40493055555555557 0.068265625 0.3753055555555556
0 0.6685234375000001 0.4339166666666666 0.088640625 0.15233333333333335
0 0.044085937500000005 0.45833333333333337 0.088015625 0.3037222222222222
0 0.9089687500000001 0.4042916666666667 0.0705625 0.3445277777777778
0 0.320265625 0.442875 0.028031250000000004 0.18686111111111112
0 0.23246875 0.4549722222222222 0.05609375 0.3923888888888889
0 0.268265625 0.45127777777777783 0.029249999999999998 0.18205555555555558
