0 0.3454296875 0.6543929712460064 0.018984375 0.0560702875399361
0 0.3346875 0.7335143769968051 0.05915625 0.23482428115015974
0 0.110546875 0.7103194888178913 0.04778125 0.25405750798722043
0 0.6823750000000001 0.7272683706070286 0.01228125 0.10942492012779552
0 0.24624218750000001 0.7122204472843451 0.045203125000000004 0.22642172523961662
0 0.7574843750000001 0.7227316293929711 0.02421875 0.11472843450479232
0 0.8455546875 0.7252715654952077 0.012546874999999999 0.09450479233226836
0 0.8948125000000001 0.7042172523961661 0.011187500000000001 0.07009584664536742
0 0.9206953125 0.6968051118210862 0.017515625000000003 0.05386581469648562
0 0.9506484375000002 0.6739137380191693 0.009578125 0.03
0 0.6290625 0.735 0.022343750000000002 0.10220447284345047
0 0.38025000000000003 0.6536261980830671 0.014406250000000002 0.03690095846645367
0 0.867296875 0.7133386581469648 0.012625 0.0697444089456869
0 0.6359375 0.7076677316293929 0.571875 0.13099041533546324
