0 0.379828125 0.6443437499999999 0.28146875 0.7113125
0 0.6193828125 0.6116770833333334 0.25448437500000004 0.7483124999999999
0 0.7425234375 0.41740625 0.082390625 0.1728125
0 0.8130234375 0.36800000000000005 0.05467187500000001 0.07470833333333333
0 0.8588203125 0.43867708333333333 0.039859375 0.1211875
0 0.09689062500000001 0.24584375 0.03375 0.1368125
0 0.0599765625 0.21634375 0.008515625 0.029062499999999998
0 0.21545312500000002 0.23079166666666667 0.0214375 0.07016666666666667
0 0.13871875 0.24372916666666666 0.04806250000000001 0.14445833333333333
0 0.03490625 0.22041666666666665 0.016625 0.056374999999999995
0 0.1944296875 0.21999999999999997 0.014671875000000001 0.05416666666666667
0 0.3094140625 0.23696875 0.013421875 0.05339583333333333
0 0.23010156250000002 0.21517708333333332 0.022734375 0.06693750000000001
0 0.371875 0.26458333333333334 0.7406250000000001 0.17916666666666667
