0 0.504 0.5869875 0.011000000000000001 0.064375
0 0.48047656250000004 0.5959625 0.007859375 0.05632500000000001
0 0.47096093750000007 0.59905 0.011859375 0.061200000000000004
0 0.514390625 0.5821125 0.00965625 0.042975000000000006
0 0.8317968750000001 0.5002375000000001 0.00984375 0.047575000000000006
0 0.6815937500000001 0.6273125 0.01690625 0.037125
0 0.6484609375 0.5814 0.010140625 0.022000000000000002
0 0.6058046875 0.5871625 0.005609375 0.011975
0 0.6177578125000001 0.6048625 0.004984375 0.018475
0 0.6284296875000001 0.6070125000000001 0.009453125 0.037774999999999996
0 0.58665625 0.5864375 0.010000000000000002 0.022875000000000003
0 0.8971484375000002 0.22963750000000002 0.004203125 0.010625
0 0.6416718750000001 0.2309125 0.00528125 0.013274999999999999
0 0.5437500000000001 0.445 0.8625 0.555
