0 0.0716171875 0.7230937500000001 0.009953125 0.03952083333333333
0 0.0336484375 0.7559583333333334 0.020296875000000002 0.028166666666666666
0 0.8454140625 0.73528125 0.013796875 0.0344375
0 0.004937500000000001 0.7343437500000001 0.009875000000000002 0.056812499999999995
0 0.8598515625000002 0.7287916666666666 0.016609375000000003 0.05491666666666666
0 0.7954062500000001 0.7150104166666666 0.012687499999999999 0.03914583333333333
0 0.764890625 0.7195416666666666 0.007781250000000001 0.028541666666666663
0 0.0657109375 0.72440625 0.005109375 0.026479166666666668
0 0.8316953125000002 0.7306875 0.019046875 0.050166666666666665
0 0.9020781250000001 0.7207395833333333 0.00696875 0.03914583333333333
0 0.7547421875000001 0.7131458333333334 0.010109375 0.022625
0 0.0341875 0.72303125 0.01190625 0.0374375
0 0.016273437499999998 0.7334479166666666 0.019390625 0.059437500000000004
0 0.43984375000000003 0.7375 0.7828125 0.08333333333333333
