0 0.6352010050251257 0.5437500000000001 0.27100502512562813 0.43134
0 0.12657035175879397 0.25067 0.1022361809045226 0.10214000000000001
0 0.17940954773869347 0.14436000000000002 0.07037688442211056 0.04444
0 0.41870603015075375 0.09149000000000002 0.0620854271356784 0.1097
0 0.3794597989949749 0.12107 0.06741206030150754 0.08402
0 0.48413316582914573 0.11630000000000001 0.05092964824120603 0.08508
0 0.03503768844221106 0.28306000000000003 0.07007537688442211 0.047880000000000006
0 0.3826130653266332 0.24645999999999998 0.07542713567839196 0.10616
0 0.6373994974874372 0.27802 0.070678391959799 0.04944
0 0.49899497487437183 0.15624000000000002 0.0428643216080402 0.04448
0 0.46937185929648245 0.28051 0.061708542713567835 0.04614
0 0.7039824120603015 0.10557999999999998 0.06404522613065326 0.06924
0 0.4962311557788945 0.297 0.9874371859296482 0.594
