0 0.08142968750000001 0.11237113402061855 0.032546874999999996 0.06463917525773195
0 0.9123749999999999 0.4434536082474227 0.17234375000000002 0.5475257731958763
0 0.217109375 0.26130154639175257 0.09490625000000001 0.427860824742268
0 0.2660078125 0.11774484536082475 0.046953125000000005 0.13229381443298968
0 0.8422421875 0.21192010309278347 0.012453125 0.031365979381443296
0 0.8821250000000002 0.3190979381443299 0.0885625 0.35505154639175257
0 0.5935234375 0.3827835051546391 0.102546875 0.3897422680412371
0 0.7275 0.4285309278350516 0.18256250000000002 0.8224742268041237
0 0.0878671875 0.4853994845360824 0.173015625 0.7146134020618556
0 0.35353906250000006 0.42135309278350513 0.143046875 0.6539432989690721
0 0.05169531250000001 0.1068041237113402 0.028359375 0.05752577319587629
0 0.46046875 0.2710180412371134 0.24621875000000004 0.47981958762886595
0 0.540421875 0.40359536082474223 0.11093750000000001 0.5713659793814433
0 0.49921875000000004 0.4458762886597938 0.9984375000000001 0.8247422680412371
