0 0.48186182669789224 0.43825000000000003 0.01646370023419204 0.0079375
0 0.4105503512880562 0.7959218750000001 0.11908665105386418 0.11028125
0 0.3105737704918033 0.7685546875 0.11473067915690867 0.18601562500000002
0 0.6905386416861827 0.34246875000000004 0.02009367681498829 0.01665625
0 0.3061943793911007 0.46914062500000003 0.06199063231850117 0.05606250000000001
0 0.8081264637002342 0.55759375 0.042997658079625294 0.07634375
0 0.2178103044496487 0.48996875000000006 0.032014051522248246 0.05071875000000001
0 0.3957611241217799 0.7282500000000001 0.07583138173302108 0.10865625000000001
0 0.615831381733021 0.39139062500000005 0.02440281030444965 0.015
0 0.6741451990632319 0.3951484375 0.022295081967213113 0.016234375000000002
0 0.7848360655737705 0.399 0.022505854800936767 0.01640625
0 0.4223185011709602 0.4277031250000001 0.022482435597189696 0.027500000000000004
0 0.02268149882903981 0.599609375 0.04526932084309133 0.1006875
0 0.49882903981264637 0.3453125 0.9976580796252927 0.21875
