0 0.40005468749999995 0.7891250000000001 0.363640625 0.42158333333333337
0 0.686796875 0.8112395833333332 0.22078125000000004 0.3550625
0 0.8666953125000001 0.8122291666666667 0.11317187500000002 0.3310833333333333
0 0.5196171875 0.63853125 0.046578125 0.11022916666666666
0 0.068109375 0.8358125 0.09209375 0.26466666666666666
0 0.140734375 0.7410104166666667 0.07246875000000001 0.3247291666666667
0 0.24851562500000002 0.7393125 0.0916875 0.1815
0 0.9851796875000001 0.7314895833333334 0.029640625 0.11322916666666667
0 0.9636171874999999 0.60403125 0.027109375000000005 0.0843125
0 0.30400781250000003 0.5996041666666667 0.017203125 0.035250000000000004
