0 0.38232031250000004 0.5235948477751756 0.212890625 0.5483138173302108
0 0.5509921875 0.3943793911007026 0.15742187500000002 0.38426229508196724
0 0.6911796875 0.3715339578454332 0.149921875 0.36629976580796253
0 0.8216171875000001 0.3213466042154567 0.149921875 0.3730444964871194
0 0.3750390625 0.10690866510538641 0.051390625 0.13133489461358314
0 0.9532031249999999 0.2767798594847775 0.09275 0.2672365339578454
0 0.46385937499999996 0.19444964871194378 0.054968750000000004 0.14655737704918032
0 0.1319375 0.6381967213114754 0.263875 0.6831381733021077
0 0.46328125000000003 0.08989461358313819 0.06296875 0.1618032786885246
0 0.89684375 0.14709601873536302 0.12425 0.29419203747072603
0 0.29969531250000003 0.34121779859484774 0.086515625 0.33644028103044493
0 0.12267187500000001 0.29460187353629974 0.24350000000000002 0.588735362997658
0 0.4303671875 0.25427400468384076 0.11026562499999999 0.19028103044496486
0 0.40625 0.18266978922716628 0.8093750000000001 0.36533957845433257
