0 0.7741484375000001 0.7426285046728971 0.053078125000000004 0.16100467289719625
0 0.9120781250000001 0.7597196261682242 0.00659375 0.022523364485981308
0 0.5869687499999999 0.8007827102803738 0.00825 0.02161214953271028
0 0.65584375 0.7944626168224299 0.006125 0.01953271028037383
0 0.365390625 0.7941705607476636 0.004125 0.013107476635514018
0 0.44127343750000003 0.7764252336448597 0.004671875000000001 0.008738317757009346
0 0.403828125 0.7612266355140187 0.0053125 0.01058411214953271
0 0.62628125 0.7543107476635513 0.00296875 0.01114485981308411
0 0.43439062500000003 0.7709462616822429 0.004 0.00764018691588785
0 0.273390625 0.7732359813084111 0.00315625 0.007967289719626168
0 0.35144531250000005 0.7647079439252337 0.004546875000000001 0.011658878504672896
0 0.5373828125000001 0.7980724299065419 0.007015625000000001 0.020957943925233646
