0 0.638984375 0.44166276346604216 0.08309375000000001 0.32173302107728335
0 0.1889140625 0.46403981264636995 0.149921875 0.532576112412178
0 0.8770859375 0.4224707259953162 0.10795312500000001 0.4134660421545668
0 0.9669687499999999 0.4268032786885246 0.064625 0.364847775175644
0 0.7829687500000001 0.3898946135831382 0.0755625 0.3819906323185012
0 0.5357734375 0.3727400468384075 0.047484375 0.1852927400468384
0 0.494234375 0.39355971896955505 0.06065625 0.2358313817330211
0 0.8463515625 0.3955152224824356 0.043484375 0.34156908665105384
0 0.09042968750000001 0.435807962529274 0.040140625000000006 0.19920374707259952
0 0.6679375000000001 0.28090163934426227 0.04346875 0.12583138173302108
0 0.3678046875 0.5547423887587822 0.31489062500000004 0.8273302107728336
0 0.8061796875000001 0.3834894613583138 0.063296875 0.34988290398126465
0 0.5260390625 0.3531030444964871 0.027015625 0.1544496487119438
0 0.5 0.38875878220140514 0.9968750000000001 0.468384074941452
