0 0.5726484375 0.55634375 0.23573437500000002 0.4314375
0 0.5680078125000001 0.30547916666666663 0.05460937500000001 0.07408333333333333
0 0.352390625 0.290375 0.049625 0.08029166666666666
0 0.30424218750000004 0.28253125 0.048078125 0.0806875
0 0.19651562500000003 0.4881979166666666 0.1244375 0.2671458333333333
0 0.2335390625 0.29732291666666666 0.08626562500000001 0.13535416666666666
0 0.6099687500000001 0.31925000000000003 0.08403125 0.08004166666666666
0 0.40164062500000003 0.28575 0.0551875 0.07616666666666667
0 0.15958593750000002 0.21644791666666666 0.054984375 0.10085416666666666
0 0.063421875 0.19884375 0.03553125 0.06814583333333334
0 0.705203125 0.2639583333333333 0.0206875 0.05954166666666666
0 0.8552578125000001 0.2696145833333334 0.013890625000000002 0.06035416666666666
0 0.16978125000000002 0.28451041666666665 0.06678125 0.1104375
0 0.51875 0.2739583333333333 0.9125000000000001 0.21458333333333332
