0 0.8095625000000001 0.4097457627118644 0.26440625 0.415181598062954
0 0.6527109375 0.40661016949152545 0.167265625 0.3706053268765133
0 0.9461640625 0.43129539951573853 0.107546875 0.3828813559322034
0 0.4413125 0.29671912832929787 0.0844375 0.21285714285714286
0 0.3895703125 0.18872881355932203 0.083109375 0.20728813559322035
0 0.0588515625 0.4063317191283293 0.117703125 0.4556174334140436
0 0.12139843750000001 0.38737288135593223 0.14979687500000002 0.3615254237288136
0 0.024429687500000005 0.2868765133171913 0.04870312500000001 0.1594673123486683
0 0.549671875 0.30175544794188863 0.1058125 0.23639225181598064
0 0.4665390625 0.1587772397094431 0.063953125 0.16215496368038743
0 0.2892109375 0.13049636803874093 0.048734375 0.07033898305084746
0 0.1199765625 0.1751089588377724 0.043109375000000005 0.06842615012106538
0 0.42346875 0.08455205811138015 0.058062499999999996 0.16082324455205813
0 0.40156250000000004 0.2179176755447942 0.76875 0.36803874092009686
