0 0.7354296875 0.764298245614035 0.252328125 0.4714035087719298
0 0.8548437500000001 0.6028195488721805 0.08525 0.35962406015037596
0 0.9500234375000001 0.7556265664160401 0.099953125 0.45496240601503757
0 0.6848203125 0.5938345864661654 0.201390625 0.22135338345864658
0 0.535875 0.7516917293233083 0.11628125 0.4202255639097744
0 0.9294218750000001 0.5283082706766917 0.0394375 0.05646616541353383
0 0.33050781250000005 0.6233959899749373 0.048265625000000006 0.1750125313283208
0 0.7607656250000001 0.5810526315789474 0.055968750000000005 0.1613032581453634
0 0.8766796874999999 0.6804511278195489 0.08451562500000001 0.23097744360902253
0 0.45134374999999993 0.7367543859649122 0.09362500000000001 0.4466917293233082
0 0.261453125 0.7541478696741853 0.10040625000000002 0.459874686716792
0 0.4611875000000001 0.766265664160401 0.041406250000000006 0.09102756892230576
0 0.3488984375 0.7193859649122806 0.069765625 0.1987218045112782
0 0.7117187500000001 0.6052631578947368 0.48281250000000003 0.3082706766917293
