0 0.44929687500000004 0.39414519906323187 0.23140625 0.6914285714285715
0 0.5816875 0.16165105386416864 0.06153125000000001 0.10517564402810303
0 0.5154765625 0.17792740046838407 0.054328125000000005 0.10545667447306792
0 0.7932031250000001 0.15428571428571428 0.05090625 0.16140515222482435
0 0.6481640625 0.15549180327868853 0.023578125000000002 0.07725995316159251
0 0.7228828125 0.14529274004683843 0.024109375000000002 0.07185011709601874
0 0.8233437500000002 0.14031615925058546 0.019500000000000003 0.06686182669789227
0 0.6837343750000001 0.14142857142857143 0.01359375 0.04430913348946136
0 0.6037656250000001 0.14469555035128806 0.0163125 0.031311475409836066
0 0.699375 0.1358430913348946 0.012781250000000001 0.03505854800936768
0 0.535703125 0.1729976580796253 0.0325 0.07283372365339578
0 0.834203125 0.14370023419203748 0.0105625 0.02978922716627635
