0 0.126578125 0.8753958333333333 0.03084375 0.12458333333333332
0 0.16518750000000001 0.8656666666666667 0.049125 0.11008333333333334
0 0.3130078125 0.8333645833333333 0.041140625 0.10472916666666666
0 0.36685937500000004 0.7876770833333334 0.03053125 0.03610416666666666
0 0.3741328125 0.8639895833333334 0.047890625 0.06939583333333334
0 0.9216406250000001 0.5118854166666666 0.025656250000000005 0.1051875
0 0.8989843750000001 0.510625 0.02065625 0.1045
0 0.36533593750000004 0.8303645833333333 0.035640625 0.09618750000000001
0 0.22315625 0.85415625 0.040906250000000005 0.12222916666666667
0 0.20061718750000002 0.8097604166666666 0.020671875000000003 0.05964583333333333
0 0.42635937500000004 0.8610833333333333 0.03896875 0.05383333333333333
0 0.45446875000000003 0.8642291666666666 0.025812500000000002 0.024708333333333332
0 0.2799921875 0.9079166666666667 0.039859375 0.059041666666666666
0 0.57421875 0.696875 0.5234375 0.4479166666666667
