0 0.2377421875 0.8024121779859484 0.007046875 0.037611241217798595
0 0.1658984375 0.8070374707259954 0.008046875 0.04676814988290398
0 0.0864375 0.8090749414519907 0.0103125 0.05374707259953161
0 0.12594531250000002 0.8080913348946136 0.010828125000000001 0.05009367681498829
0 0.11139843749999999 0.8064051522248243 0.008859375000000001 0.04517564402810304
0 0.21000000000000002 0.8060889929742389 0.0105 0.04548009367681499
0 0.23147656250000004 0.8054449648711944 0.008859375000000001 0.04180327868852459
0 0.3096171875 0.80596018735363 0.010796875000000001 0.03744730679156909
0 0.153484375 0.8070725995316159 0.00984375 0.04852459016393442
0 0.17179687500000002 0.8051405152224823 0.0073124999999999996 0.045222482435597185
0 0.18023437500000003 0.8085245901639343 0.00853125 0.042576112412177985
0 0.1355234375 0.8087470725995317 0.010171875 0.05084309133489462
0 0.0760546875 0.7960772833723654 0.010359375 0.04939110070257611
0 0.51875 0.8032786885245902 0.9593750000000001 0.07962529274004684
