0 0.23587 0.3458232931726907 0.07018 0.28811244979919676
0 0.33022 0.43742971887550197 0.10484 0.5085140562248995
0 0.44251999999999997 0.391004016064257 0.05736 0.305140562248996
0 0.48604 0.31044176706827303 0.01796 0.09566265060240962
0 0.54399 0.3669277108433735 0.06645999999999999 0.30983935742971885
0 0.55674 0.30716867469879516 0.02228 0.14180722891566264
0 0.9419700000000001 0.5933734939759036 0.1159 0.6152610441767067
0 0.71567 0.44495983935742967 0.07274 0.5528112449799196
0 0.833 0.3918072289156626 0.039560000000000005 0.24883534136546182
0 0.7805 0.38688755020080323 0.049960000000000004 0.24670682730923693
0 0.10328 0.4839558232931726 0.0664 0.6716064257028111
0 0.8897200000000001 0.3537550200803212 0.0474 0.14349397590361443
0 0.38 0.42777108433734934 0.05072 0.4054216867469879
0 0.664 0.3032128514056225 0.532 0.1646586345381526
