0 0.36481250000000004 0.5208083140877597 0.2491875 0.711501154734411
0 0.6756953125 0.3240069284064665 0.052140624999999996 0.1317551963048499
0 0.9396015625 0.29091224018475753 0.105890625 0.15535796766743648
0 0.7574062500000001 0.1927136258660508 0.04953125 0.12944572748267896
0 0.264359375 0.26526558891454965 0.080375 0.17519630484988452
0 0.288984375 0.1703233256351039 0.04290625000000001 0.08642032332563511
0 0.8550468750000001 0.5220900692840647 0.25193750000000004 0.7081062355658199
0 0.7572578125000001 0.2265819861431871 0.048390625 0.10438799076212471
0 0.443640625 0.28769053117782906 0.0928125 0.15136258660508084
0 0.41082031250000006 0.2550692840646651 0.070109375 0.14057736720554273
0 0.382546875 0.1847459584295612 0.03715625 0.07725173210161664
0 0.8911015625000002 0.25235565819861433 0.055828125 0.13339491916859123
0 0.1988828125 0.3268937644341801 0.049453125 0.12381062355658198
0 0.39375000000000004 0.3071593533487298 0.690625 0.25404157043879905
