0 0.53294 0.6148666666666666 0.15032 0.4752266666666667
0 0.77536 0.6450666666666666 0.12676 0.4957866666666666
0 0.89483 0.4356 0.0755 0.22458666666666666
0 0.91628 0.6803066666666666 0.16744 0.6393866666666667
0 0.27815 0.5449333333333334 0.058460000000000005 0.2515733333333333
0 0.2482 0.5334533333333333 0.0864 0.33752
0 0.37834000000000007 0.4793066666666666 0.057960000000000005 0.23770666666666665
0 0.4853 0.5118533333333333 0.09428 0.38567999999999997
0 0.63299 0.6497599999999999 0.14146 0.6970666666666666
0 0.83126 0.4578533333333333 0.06576000000000001 0.19666666666666666
0 0.43895 0.5021866666666667 0.060340000000000005 0.2994133333333333
0 0.8093000000000001 0.3579466666666667 0.04164 0.05226666666666667
0 0.7227899999999999 0.4383066666666667 0.048780000000000004 0.19096
0 0.529 0.4373333333333333 0.494 0.208
