0 0.588875 0.73575 0.14741666666666667 0.4124375
0 0.0803125 0.7326796875000001 0.15 0.350171875
0 0.8601770833333334 0.6673984375 0.04572916666666667 0.066296875
0 0.9208229166666667 0.6691796875000001 0.0353125 0.065953125
0 0.21662499999999998 0.7115156250000001 0.07879166666666666 0.16415625
0 0.39941666666666664 0.6961640625000001 0.039749999999999994 0.068546875
0 0.28692708333333333 0.7024453125000001 0.09331249999999999 0.125421875
0 0.3370625 0.6876328125 0.036375000000000005 0.08010937500000001
0 0.7259270833333333 0.6729453125 0.014604166666666666 0.022015625
0 0.8133020833333333 0.67525 0.014895833333333334 0.023906250000000004
0 0.9800624999999998 0.6628046875 0.029541666666666664 0.069734375
0 0.44142708333333336 0.693125 0.0526875 0.0645
0 0.7511145833333333 0.6670859375 0.04152083333333333 0.08564062500000001
0 0.44375 0.7171875000000001 0.7416666666666667 0.16875
