0 0.2684037558685446 0.6022421875 0.367981220657277 0.584265625
0 0.2555868544600939 0.30112500000000003 0.1800469483568075 0.13468750000000002
0 0.541349765258216 0.6488125 0.20284037558685444 0.1905
0 0.5255985915492958 0.36839062499999997 0.1677230046948357 0.25490625
0 0.8648474178403756 0.4986640625 0.26626760563380286 0.40279687500000005
0 0.712206572769953 0.7066093750000001 0.26061032863849765 0.21053125000000003
0 0.06806338028169015 0.4775703125 0.1361267605633803 0.31376562500000005
0 0.5261854460093897 0.5807734375 0.2434037558685446 0.297015625
0 0.21387323943661973 0.32810156250000005 0.16408450704225352 0.310078125
0 0.48782863849765257 0.19107812500000002 0.02284037558685446 0.03778125
0 0.05843896713615024 0.8516640625000002 0.11302816901408451 0.29667187500000003
0 0.8330281690140845 0.7664453125 0.33394366197183095 0.116828125
