0 0.7038515625000001 0.3921875 0.029453125000000004 0.1045
0 0.40018750000000003 0.29165625 0.14321875 0.21697916666666667
0 0.28778125000000004 0.30423958333333334 0.11206250000000001 0.23735416666666667
0 0.1786875 0.3020625 0.1305 0.24812499999999998
0 0.10643750000000002 0.3119479166666667 0.11071875 0.23277083333333334
0 0.544953125 0.30220833333333336 0.0885625 0.19683333333333333
0 0.5009765625 0.849875 0.105984375 0.22591666666666665
0 0.6800546875 0.9404479166666667 0.16685937500000003 0.09664583333333333
0 0.5983359375 0.359 0.082578125 0.16691666666666669
0 0.9112343750000002 0.8943854166666667 0.17753125000000003 0.18877083333333333
0 0.6699453125000001 0.39565625 0.05560937500000001 0.08989583333333333
0 0.49146874999999995 0.24808333333333332 0.05728125 0.13470833333333332
0 0.6420859375000001 0.3543333333333333 0.048828125 0.11566666666666667
0 0.38203125000000004 0.6677083333333333 0.7640625000000001 0.5729166666666666
