0 0.34763281250000005 0.5972300469483568 0.19301562500000002 0.5749765258215963
0 0.284953125 0.4254225352112676 0.06634375 0.12018779342723006
0 0.2438515625 0.39469483568075114 0.050359375 0.163943661971831
0 0.21315625000000005 0.38636150234741784 0.05284375 0.16971830985915493
0 0.0919375 0.4246948356807512 0.033468750000000005 0.08741784037558686
0 0.06046875000000001 0.44767605633802815 0.09178125000000001 0.1692018779342723
0 0.03307812500000001 0.37651408450704227 0.04546875 0.16992957746478873
0 0.3096328125 0.4067605633802817 0.028234375000000003 0.09995305164319249
0 0.143484375 0.3865962441314554 0.0584375 0.19145539906103287
0 0.081984375 0.35264084507042254 0.022468750000000003 0.09157276995305164
0 0.15878125 0.42940140845070424 0.0566875 0.11645539906103286
