0 0.6139609375 0.47303278688524586 0.112453125 0.24943793911007026
0 0.4960859375 0.41238875878220144 0.036546875 0.0653864168618267
0 0.49752343749999994 0.4350468384074941 0.037921875 0.05782201405152225
0 0.5644921875 0.4060772833723653 0.017046875 0.04470725995316159
0 0.5429609375000001 0.4129391100702576 0.026890625 0.07398126463700234
0 0.4579921874999999 0.4048009367681499 0.037203125 0.07156908665105387
0 0.4233203125 0.4108548009367681 0.030859375 0.09627634660421545
0 0.5363828125000001 0.4631615925058548 0.044703125 0.11578454332552693
0 0.45345312500000007 0.4280444964871194 0.032968750000000005 0.041194379391100704
0 0.09325781250000001 0.4060889929742389 0.051859375 0.0893208430913349
0 0.38640625 0.41920374707259955 0.03596875 0.077096018735363
0 0.5611796875 0.44117096018735363 0.023890625 0.06192037470725996
