0 0.515640625 0.39326185101580136 0.042 0.05844243792325056
0 0.7258671875 0.42518058690744914 0.053484375 0.07776523702031603
0 0.565078125 0.39010158013544016 0.0493125 0.05948081264108352
0 0.4043125 0.4089277652370203 0.03621875 0.046613995485327304
0 0.3699921875 0.40932279909706537 0.046015625000000004 0.0509706546275395
0 0.260921875 0.4202144469525959 0.0464375 0.05135440180586907
0 0.2966953125 0.4256320541760722 0.028640625 0.02846501128668171
0 0.22067187500000005 0.4288261851015801 0.0300625 0.03580135440180587
0 0.3243125 0.4170541760722347 0.03725 0.046252821670428886
0 0.6892968750000001 0.4196049661399548 0.034531250000000006 0.07257336343115123
0 0.6338984375000001 0.41193002257336336 0.040265625 0.06792325056433408
0 0.6690625 0.42318284424379227 0.02125 0.06424379232505643
0 0.4745781250000001 0.4138487584650113 0.0203125 0.02142212189616253
0 0.171875 0.427765237020316 0.065625 0.0564334085778781
