0 0.16283593750000003 0.30755269320843087 0.074765625 0.18367681498829042
0 0.2968359375 0.2674707259953161 0.08704687500000001 0.11119437939110069
0 0.3467890625000001 0.11391100702576112 0.061203125000000004 0.2124121779859485
0 0.43953125000000004 0.5123887587822015 0.54846875 0.8535831381733021
0 0.63075 0.1174121779859485 0.052875000000000005 0.12644028103044497
0 0.755921875 0.1234894613583138 0.08246875000000001 0.23911007025761122
0 0.908609375 0.3345667447306791 0.080125 0.14679156908665106
0 0.9732421875 0.3281147540983607 0.053515625000000004 0.13782201405152225
0 0.9401640625 0.2598946135831382 0.054078125000000005 0.14348946135831384
0 0.714015625 0.23851288056206088 0.06096875000000001 0.2741686182669789
0 0.056929687500000006 0.19311475409836068 0.089890625 0.15569086651053865
0 0.2665234375 0.16113583138173304 0.07242187500000001 0.20850117096018736
0 0.0835859375 0.29496487119437936 0.067484375 0.1837470725995316
0 0.42421875000000003 0.20725995316159251 0.8453125 0.41451990632318503
