0 0.23717968750000004 0.6094131455399061 0.133296875 0.28647887323943666
0 0.7437578125000001 0.5704460093896714 0.091765625 0.16934272300469483
0 0.6774687500000001 0.5644953051643192 0.054593749999999996 0.10767605633802817
0 0.5528515625 0.5475117370892019 0.05317187500000001 0.07056338028169014
0 0.8028359375000002 0.5257042253521127 0.06689062500000001 0.12446009389671363
0 0.844578125 0.4832511737089202 0.06609374999999999 0.18152582159624414
0 0.092140625 0.6733215962441316 0.11571875000000001 0.21730046948356807
0 0.9150390625 0.5214671361502347 0.083328125 0.1561737089201878
0 0.6103281250000001 0.507887323943662 0.0711875 0.20699530516431927
0 0.3882421875 0.5042370892018779 0.066234375 0.05007042253521127
0 0.4744140625 0.5174295774647888 0.051171875000000006 0.045610328638497656
0 0.577109375 0.5441431924882629 0.0300625 0.06504694835680752
