0 0.28611718750000004 0.22686458333333331 0.325046875 0.2483125
0 0.9146093750000001 0.7521249999999999 0.17078125 0.3640416666666667
0 0.5423203125000001 0.30492708333333335 0.23373437500000002 0.45739583333333333
0 0.9011250000000001 0.31797916666666665 0.19775 0.42470833333333335
0 0.2646953125 0.16970833333333332 0.024171875000000002 0.06824999999999999
0 0.8695 0.27881249999999996 0.07640625000000001 0.08529166666666665
0 0.6820390625 0.082125 0.050546875000000005 0.05720833333333333
0 0.1312578125 0.23794791666666668 0.228765625 0.2785625
0 0.4188750000000001 0.08319791666666668 0.12109375 0.16639583333333335
0 0.2168671875 0.153125 0.053203125 0.10275
0 0.082484375 0.14151041666666667 0.05275 0.1139375
0 0.7139609375000001 0.15325 0.18895312500000003 0.3065
0 0.029539062500000005 0.15676041666666668 0.05907812500000001 0.0863125
