0 0.4060000000000001 0.5077219626168225 0.209 0.46133177570093453
0 0.5989140625 0.5146728971962616 0.185328125 0.517196261682243
0 0.7324921875000001 0.7368808411214952 0.095828125 0.39936915887850466
0 0.8487109374999999 0.7435981308411215 0.12167187500000001 0.4802803738317757
0 0.9466796875000001 0.7301752336448597 0.106640625 0.5396495327102804
0 0.11156250000000001 0.5525467289719626 0.0120625 0.055514018691588785
0 0.6838593749999999 0.595876168224299 0.046375 0.1502570093457944
0 0.5061484375 0.5761682242990654 0.020484375 0.09939252336448597
0 0.13115625 0.5583060747663551 0.026218750000000002 0.0841822429906542
0 0.26574218750000006 0.6271144859813083 0.077015625 0.2000700934579439
0 0.0740234375 0.5464602803738318 0.011765625000000002 0.05581775700934579
0 0.7763515625 0.727873831775701 0.048421875 0.28495327102803736
0 0.0835234375 0.5473831775700935 0.014171875 0.06733644859813084
0 0.3671875 0.5385514018691588 0.6687500000000001 0.0911214953271028
