0 0.181328125 0.49557291666666664 0.02734375 0.0839375
0 0.10633593749999999 0.46593749999999995 0.007390625000000001 0.016583333333333332
0 0.125046875 0.5036875 0.0245 0.114125
0 0.0852421875 0.5045833333333333 0.019984375 0.11641666666666667
0 0.2178359375 0.49074999999999996 0.013484375000000002 0.0455
0 0.10127343750000001 0.4984375 0.015828125000000002 0.09370833333333332
0 0.1611328125 0.4913020833333333 0.018984375 0.07985416666666666
0 0.144390625 0.49101041666666667 0.014843750000000001 0.0659375
0 0.1113359375 0.4935833333333334 0.012984375000000001 0.073125
0 0.5262734375 0.4388958333333333 0.023265625 0.031041666666666665
0 0.7858125 0.4162708333333333 0.01525 0.03795833333333333
