0 0.30234375 0.645984375 0.3652708333333334 0.68271875
0 0.06620833333333334 0.4581328125000001 0.11829166666666667 0.173828125
0 0.029833333333333333 0.4425859375 0.059666666666666666 0.20432812500000003
0 0.26808333333333334 0.43300000000000005 0.10095833333333333 0.13478125000000002
0 0.52771875 0.41509375 0.12564583333333335 0.15621875000000002
0 0.4077708333333333 0.48394531250000006 0.13441666666666666 0.134921875
0 0.9509375 0.09213281250000001 0.098125 0.18426562500000002
0 0.5645625 0.519140625 0.18016666666666667 0.09684375
0 0.7143958333333332 0.3794453125000001 0.15166666666666667 0.20657812500000003
0 0.7919583333333333 0.3236875 0.16908333333333334 0.26390625
0 0.8741354166666666 0.2861328125 0.16222916666666667 0.313609375
0 0.8453645833333333 0.42696875 0.11614583333333334 0.14934375
0 0.2528125 0.5026015625000001 0.16624999999999998 0.096109375
0 0.559375 0.3828125 0.8770833333333333 0.40937500000000004
