0 0.05941406250000001 0.4241100702576112 0.08301562500000001 0.3722482435597189
0 0.14396093750000002 0.41429742388758783 0.09198437500000001 0.36620608899297424
0 0.6249218750000001 0.1810772833723653 0.06396875 0.1438407494145199
0 0.26220312500000004 0.4392271662763466 0.07246875000000001 0.368056206088993
0 0.7328828125000001 0.401768149882904 0.070234375 0.2298126463700234
0 0.8882734375000001 0.37176814988290396 0.082890625 0.3032084309133489
0 0.3796171875 0.42484777517564404 0.049921875000000004 0.36088992974238876
0 0.5150078125 0.4988758782201405 0.15442187500000001 0.29213114754098357
0 0.48896875 0.4160538641686183 0.08850000000000001 0.3705620608899297
0 0.41605468749999996 0.438208430913349 0.08245312500000002 0.3550585480093677
0 0.32407031249999996 0.43559718969555034 0.077296875 0.3475878220140515
0 0.201859375 0.40795081967213115 0.055843750000000004 0.3222248243559719
0 0.6168125 0.359192037470726 0.081125 0.3266744730679157
0 0.49140625000000004 0.28805620608899296 0.8984375 0.47306791569086654
