0 0.510015625 0.7560759493670886 0.054000000000000006 0.2682278481012658
0 0.38836718750000004 0.7598839662447257 0.07695312500000001 0.22651898734177214
0 0.7198984375 0.7709493670886074 0.061671875 0.22877637130801684
0 0.6791640624999999 0.8072468354430379 0.046953125000000005 0.15685654008438815
0 0.6374375000000001 0.7764029535864979 0.06656250000000001 0.23145569620253162
0 0.8268125 0.7725949367088608 0.04646875 0.2414767932489451
0 0.79390625 0.7074472573839663 0.0330625 0.12936708860759494
0 0.8046015625000001 0.7615400843881857 0.04454687500000001 0.2291561181434599
0 0.7432578125 0.6883649789029536 0.025046875000000003 0.07187763713080168
0 0.541453125 0.7836075949367087 0.08600000000000001 0.2735864978902954
0 0.6923593750000001 0.7369092827004219 0.02784375 0.08014767932489451
0 0.401359375 0.7505274261603375 0.0850625 0.18232067510548522
