0 0.31775 0.4677411764705882 0.16709375 0.4408470588235294
0 0.100734375 0.549435294117647 0.17459375 0.8786352941176471
0 0.59221875 0.6245058823529411 0.1935625 0.7509882352941176
0 0.763078125 0.5943999999999999 0.2695 0.746635294117647
0 0.19766406250000002 0.5650588235294116 0.11864062500000001 0.652235294117647
0 0.9878359374999999 0.3328941176470588 0.019234375 0.07745882352941176
0 0.9064921875000002 0.331564705882353 0.017421875 0.0740470588235294
0 0.9525234375 0.32337647058823527 0.018578125 0.05503529411764706
0 0.5255625 0.3764117647058823 0.007000000000000001 0.04623529411764705
0 0.506703125 0.37123529411764705 0.01634375 0.060776470588235286
0 0.42683593750000004 0.3693058823529411 0.013515625000000002 0.049905882352941175
