0 0.628679906542056 0.6741171875 0.563107476635514 0.450796875
0 0.270303738317757 0.417171875 0.09135514018691589 0.055468750000000004
0 0.6504322429906542 0.38359375 0.11399532710280373 0.11659375000000001
0 0.41459112149532706 0.385625 0.08899532710280374 0.09212500000000001
0 0.5298598130841121 0.4131796875 0.08102803738317757 0.061015625
0 0.5807710280373831 0.3913671875 0.07233644859813083 0.102640625
0 0.7644158878504673 0.410359375 0.09719626168224299 0.0615
0 0.5031308411214953 0.3787421875 0.09219626168224299 0.09992187500000001
0 0.5901635514018692 0.263390625 0.12443925233644858 0.09643750000000001
0 0.52125 0.264046875 0.10521028037383177 0.09746875
0 0.16616822429906541 0.5230625000000001 0.10551401869158877 0.08703125
0 0.9412733644859813 0.40457031250000003 0.10249999999999998 0.06951562500000001
0 0.32175233644859813 0.3036171875 0.09481308411214952 0.08726562500000001
0 0.49883177570093457 0.2234375 0.9976635514018691 0.446875
