0 0.57107 0.7159009009009009 0.10658 0.5353453453453454
0 0.45544000000000007 0.6641591591591592 0.17156000000000002 0.4051351351351351
0 0.7530800000000001 0.6825675675675675 0.07692 0.4193093093093093
0 0.88328 0.5618168168168168 0.04884 0.17222222222222222
0 0.13633 0.6702402402402402 0.07598 0.40492492492492493
0 0.06069000000000001 0.4893243243243243 0.022260000000000002 0.06069069069069069
0 0.03865 0.5498048048048049 0.024579999999999998 0.08873873873873873
0 0.9692999999999999 0.5308858858858859 0.032560000000000006 0.17144144144144144
0 0.6884499999999999 0.7112312312312311 0.07782 0.4472072072072072
0 0.79964 0.6423723723723723 0.07615999999999999 0.3654654654654655
0 0.94953 0.8212612612612613 0.10094 0.3560960960960961
0 0.87763 0.7287537537537537 0.10806 0.2524024024024024
0 0.93942 0.5172822822822822 0.029320000000000002 0.12825825825825826
0 0.514 0.6276276276276276 0.936 0.45045045045045046
