0 0.5276562499999999 0.5731328125 0.7324375 0.831828125
0 0.84321875 0.4549765625 0.05552083333333333 0.113828125
0 0.17195833333333332 0.5365390625 0.11074999999999999 0.182140625
0 0.06516666666666666 0.5938203125 0.11833333333333333 0.14270312500000001
0 0.24607291666666667 0.5045078125 0.0549375 0.06839062500000001
0 0.11578124999999999 0.5419843750000001 0.08402083333333332 0.10984375
0 0.9558958333333334 0.5157578125 0.08820833333333333 0.32339062500000004
0 0.37221875 0.48804687500000005 0.0511875 0.045062500000000005
0 0.37914583333333335 0.53828125 0.042583333333333334 0.07834375
0 0.2640416666666667 0.5702421875000001 0.06675 0.079984375
0 0.27428125 0.5215546875 0.09214583333333333 0.088734375
0 0.2934375 0.5032421875 0.04733333333333333 0.069984375
0 0.33768750000000003 0.5663593750000001 0.09775 0.11612499999999999
