0 0.06221875 0.1636768149882904 0.1244375 0.29213114754098357
0 0.31187500000000007 0.11087822014051522 0.054062500000000006 0.05889929742388758
0 0.056007812500000004 0.815304449648712 0.077390625 0.0837704918032787
0 0.46103125 0.07528103044496488 0.1124375 0.13707259953161594
0 0.9068125 0.022060889929742387 0.05859375 0.044121779859484775
0 0.5923671875000001 0.05549180327868852 0.092828125 0.11098360655737705
0 0.21746093749999998 0.21737704918032788 0.036421875 0.03686182669789227
0 0.09774218750000001 0.3170257611241218 0.083328125 0.09906323185011709
0 0.7598281250000001 0.031709601873536296 0.046250000000000006 0.03156908665105387
0 0.2281796875 0.5481381733021078 0.065671875 0.0934192037470726
0 0.10507031250000001 0.6482201405152225 0.143515625 0.2851990632318501
