0 0.360671875 0.5067395833333334 0.26965625000000004 0.29439583333333336
0 0.43950781250000004 0.8498333333333332 0.139609375 0.29570833333333335
0 0.7862109375 0.3532291666666667 0.069703125 0.233625
0 0.6108906250000001 0.2577291666666667 0.059875000000000005 0.170625
0 0.9194765625000001 0.16569791666666667 0.034703125 0.0906875
0 0.53846875 0.21377083333333333 0.03665625 0.089
0 0.49100781250000003 0.22482291666666668 0.047921875 0.07485416666666667
0 0.4133046875 0.2216979166666667 0.10314062500000001 0.06697916666666666
0 0.8605312500000001 0.24037499999999998 0.024125 0.049416666666666664
0 0.8324375 0.18296875 0.04781250000000001 0.09206249999999999
0 0.562625 0.2746875 0.06575 0.13604166666666667
0 0.8541953125000001 0.8155729166666666 0.175421875 0.3688541666666667
0 0.49921875000000004 0.17708333333333334 0.9984375000000001 0.3541666666666667
