0 0.77741 0.684277108433735 0.36110000000000003 0.6134939759036145
0 0.19389 0.6145481927710844 0.06298 0.1774698795180723
0 0.06553 0.5717469879518072 0.04594 0.11253012048192772
0 0.16423000000000001 0.7177710843373494 0.0659 0.1610240963855422
0 0.2916 0.7154969879518073 0.06976 0.14533132530120482
0 0.49022000000000004 0.6928012048192772 0.06384000000000001 0.1102409638554217
0 0.6574 0.6989759036144578 0.0578 0.08216867469879519
0 0.57212 0.6374698795180723 0.04164 0.21000000000000002
0 0.22853 0.7130873493975904 0.07114000000000001 0.16539156626506024
0 0.024450000000000003 0.6263253012048193 0.04802000000000001 0.20343373493975905
0 0.6104100000000001 0.7085692771084338 0.04566 0.06792168674698795
0 0.53265 0.6990210843373494 0.049420000000000006 0.09990963855421688
0 0.41479 0.49480421686746984 0.31906 0.5740060240963856
0 0.669 0.6009036144578314 0.658 0.3102409638554217
