0 0.55577 0.6377599009900989 0.15322 0.4652227722772277
0 0.6509400000000001 0.613490099009901 0.08896 0.4224752475247525
0 0.20976 0.507029702970297 0.05632 0.10777227722772277
0 0.11516 0.6180321782178217 0.12196 0.34547029702970294
0 0.044050000000000006 0.6000866336633663 0.06562000000000001 0.3236881188118812
0 0.19241 0.664480198019802 0.056420000000000005 0.1291089108910891
0 0.26039999999999996 0.5587004950495049 0.05596 0.19556930693069308
0 0.0972 0.5544554455445545 0.0866 0.19247524752475248
0 0.9358500000000001 0.6081064356435644 0.12830000000000003 0.41215346534653463
0 0.26060000000000005 0.6692450495049505 0.05916 0.06908415841584159
0 0.21908000000000002 0.6804950495049505 0.0668 0.08915841584158417
0 0.44432 0.4544430693069307 0.05108 0.06452970297029703
