0 0.152703125 0.6478020833333333 0.09362500000000001 0.28377083333333336
0 0.28953125 0.6665104166666667 0.055468750000000004 0.1713125
0 0.33321875 0.5528333333333334 0.0238125 0.08370833333333333
0 0.392515625 0.5588020833333333 0.023281250000000003 0.08472916666666667
0 0.5300078125 0.5857604166666667 0.05701562500000001 0.15202083333333333
0 0.4553984375 0.56375 0.039046875 0.11691666666666665
0 0.510578125 0.5250625 0.012875000000000001 0.04391666666666666
0 0.49389062499999997 0.5395729166666666 0.023625 0.0754375
0 0.48661718750000005 0.5071041666666667 0.021515625 0.04579166666666667
0 0.5459843750000001 0.54178125 0.023625 0.07535416666666667
0 0.8108828125 0.7036145833333334 0.021515625 0.0479375
0 0.7406796875 0.6382395833333334 0.016046875 0.041854166666666665
0 0.2896484375 0.5595104166666667 0.020453125000000003 0.07368749999999999
0 0.5921875 0.565625 0.74375 0.40208333333333335
