0 0.7798515625000001 0.6901297169811321 0.190140625 0.6197405660377358
0 0.4752421875000001 0.6610377358490566 0.21039062500000003 0.6035849056603773
0 0.6935703125 0.4833018867924528 0.065984375 0.08150943396226415
0 0.6173359375 0.527193396226415 0.081171875 0.12358490566037734
0 0.73446875 0.2884198113207547 0.044937500000000005 0.06632075471698114
0 0.6818437500000001 0.2863443396226415 0.0335 0.0644811320754717
0 0.7086718750000001 0.27305424528301886 0.030093750000000002 0.08143867924528302
0 0.6468515625 0.47576650943396226 0.028765625000000003 0.05917452830188679
0 0.7404140625 0.4925235849056604 0.041671875000000004 0.07660377358490565
0 0.7401953125 0.27044811320754714 0.048609375 0.07693396226415093
