0 0.384234375 0.75525 0.29865625 0.36466666666666664
0 0.7073437500000002 0.7415104166666667 0.17646875 0.3581041666666666
0 0.8126875 0.6725 0.11106250000000001 0.35370833333333335
0 0.26921093749999997 0.32882291666666663 0.046296875 0.0975625
0 0.7483046875000001 0.4436875 0.081078125 0.08333333333333333
0 0.37311718750000006 0.4151770833333333 0.07504687500000001 0.11564583333333332
0 0.5525234375 0.3101770833333334 0.029703125000000004 0.08656249999999999
0 0.7872734375000001 0.18637499999999999 0.047046875 0.08016666666666666
0 0.8934140625 0.14555208333333336 0.037890625000000004 0.07164583333333334
0 0.7021875 0.37549999999999994 0.07600000000000001 0.10770833333333334
0 0.425875 0.23374999999999999 0.0426875 0.08537499999999999
0 0.299140625 0.2769270833333334 0.0423125 0.09285416666666667
0 0.5140859375 0.33206250000000004 0.031921875 0.08016666666666666
0 0.49921875000000004 0.253125 0.9984375000000001 0.50625
