0 0.6424140625 0.49663541666666666 0.715171875 0.9842708333333333
0 0.5417578125000001 0.5626458333333333 0.247171875 0.2979583333333333
0 0.4826015625 0.3061875 0.026109375000000004 0.05375
0 0.457046875 0.30307291666666664 0.0269375 0.05660416666666667
0 0.2698203125 0.29361458333333335 0.031453125 0.04827083333333334
0 0.30215625 0.29376041666666663 0.026750000000000003 0.0494375
0 0.1481953125 0.28594791666666663 0.030109375 0.0473125
0 0.22578125000000002 0.30180208333333336 0.0170625 0.021187499999999998
0 0.25031250000000005 0.3053854166666667 0.015125 0.018604166666666665
0 0.528546875 0.3044895833333333 0.05371875000000001 0.07197916666666666
0 0.32413281250000003 0.31184375 0.016984375 0.018770833333333334
0 0.0258671875 0.27660416666666665 0.020734375 0.04004166666666666
