0 0.5842542016806723 0.5750390625 0.35960084033613443 0.6187031250000001
0 0.8784453781512604 0.648046875 0.24310924369747897 0.19621875
0 0.8082457983193277 0.547625 0.10838235294117647 0.2131875
0 0.3021428571428571 0.4426953125000001 0.10878151260504201 0.166296875
0 0.6951575630252101 0.48478125 0.09102941176470587 0.10218750000000001
0 0.3578781512605042 0.6577109375000001 0.10289915966386554 0.123296875
0 0.37563025210084033 0.51821875 0.13361344537815126 0.15100000000000002
0 0.9614915966386555 0.48071093750000005 0.01852941176470588 0.010078125
0 0.9737184873949579 0.5851328125 0.05256302521008403 0.058640625
0 0.2523109243697479 0.563453125 0.08886554621848738 0.08284375000000001
0 0.3213865546218488 0.6017812500000002 0.09436974789915967 0.15775
0 0.44206932773109237 0.48950000000000005 0.0567436974789916 0.08846875
0 0.9366386554621848 0.504125 0.08852941176470588 0.103375
0 0.4989495798319328 0.6273437500000001 0.9978991596638656 0.40156250000000004
