0 0.5233906250000001 0.6134827586206897 0.6761250000000001 0.750551724137931
0 0.06313281250000001 0.5978965517241379 0.12626562500000002 0.480896551724138
0 0.1848359375 0.6435344827586207 0.128984375 0.35286206896551725
0 0.9025078125000001 0.672655172413793 0.19498437500000002 0.6546896551724138
0 0.200015625 0.4413620689655172 0.06071875 0.08086206896551723
0 0.28409375 0.5078620689655172 0.12831250000000002 0.18875862068965518
0 0.670171875 0.42716379310344826 0.05146875 0.18270689655172415
0 0.7045 0.45399137931034483 0.06859375 0.19508620689655173
0 0.2968671875 0.6304741379310345 0.09435937500000001 0.11546551724137931
0 0.12327343750000003 0.4799827586206896 0.075609375 0.21886206896551724
0 0.7555546875000001 0.5136379310344827 0.11060937500000001 0.15458620689655173
