0 0.14764999999999998 0.5269559228650138 0.13541999999999998 0.4696694214876033
0 0.6688999999999999 0.5100550964187327 0.15008000000000002 0.24044077134986228
0 0.47864 0.5567768595041322 0.16236 0.15487603305785125
0 0.30872999999999995 0.10646005509641875 0.0693 0.06950413223140496
0 0.35982 0.13972451790633608 0.04784000000000001 0.11261707988980717
0 0.33294 0.08608815426997246 0.03564 0.08088154269972452
0 0.46097 0.12290633608815425 0.04438 0.08658402203856749
0 0.52503 0.18617079889807162 0.0451 0.07289256198347108
0 0.40825 0.5099449035812673 0.1181 0.24545454545454545
0 0.89743 0.5520523415977961 0.05758 0.09082644628099174
0 0.8137000000000001 0.5750826446280992 0.05576 0.05743801652892563
0 0.7051000000000001 0.15296143250688704 0.03744 0.1063085399449036
0 0.7231500000000001 0.18424242424242424 0.05038 0.08837465564738292
0 0.502 0.11570247933884298 0.992 0.23140495867768596
