0 0.5905853174603174 0.5495468750000001 0.6091865079365079 0.7455
0 0.6295337301587302 0.1221171875 0.09450396825396826 0.148828125
0 0.7208630952380952 0.11088281250000001 0.09751984126984126 0.169078125
0 0.8434424603174602 0.16325 0.08736111111111111 0.0656875
0 0.9193154761904763 0.095375 0.0931547619047619 0.12325
0 0.4885019841269841 0.10346093750000002 0.12811507936507935 0.13964062500000002
0 0.2588789682539682 0.10714062499999999 0.07613095238095237 0.12103124999999999
0 0.04600198412698412 0.16464843750000002 0.07783730158730158 0.064453125
0 0.3290972222222222 0.059398437500000005 0.10398809523809523 0.09948437500000001
0 0.4188988095238095 0.06 0.05982142857142857 0.08065625
0 0.8118452380952381 0.09662500000000002 0.09416666666666666 0.1483125
0 0.13813492063492064 0.028125 0.11702380952380952 0.05625
0 0.8429464285714284 0.1291328125 0.0898611111111111 0.11301562500000001
0 0.7638888888888888 0.1046875 0.46428571428571425 0.184375
