0 0.5505245901639344 0.6460625000000001 0.17209836065573772 0.5460625
0 0.8853196721311477 0.5934375000000001 0.18608196721311476 0.5075000000000001
0 0.7871311475409837 0.4753281250000001 0.09236065573770492 0.24356250000000002
0 0.7203114754098361 0.45679687500000005 0.05232786885245902 0.263125
0 0.6844262295081968 0.466890625 0.0780655737704918 0.2753125
0 0.44367213114754095 0.525625 0.06511475409836065 0.242625
0 0.35745081967213116 0.5510390625 0.11781967213114755 0.257421875
0 0.2904098360655738 0.509765625 0.07819672131147541 0.25428125
0 0.4781967213114754 0.4165234375 0.05232786885245902 0.099328125
0 0.28320491803278686 0.38102343750000006 0.05981967213114754 0.11520312500000002
0 0.35430327868852457 0.424828125 0.05473770491803279 0.1289375
0 0.6136803278688525 0.49587500000000007 0.06719672131147542 0.25603125000000004
0 0.40452459016393444 0.5045937500000001 0.07118032786885246 0.30978125
