0 0.9230859375 0.11834375 0.024015625 0.0654375
0 0.7514453125 0.09080208333333334 0.019453125 0.0204375
0 0.7957109375 0.08498958333333334 0.017796875 0.030229166666666665
0 0.6681015625 0.11055208333333333 0.011765625000000002 0.05577083333333333
0 0.0893046875 0.19215625 0.028890625 0.05377083333333333
0 0.1796640625 0.18420833333333334 0.018859375 0.054625
0 0.4574609375 0.17791666666666664 0.012390625 0.04070833333333333
0 0.9061328125000001 0.11778125 0.024078125000000002 0.07014583333333334
0 0.6764140625000001 0.09169791666666667 0.006828125000000001 0.018479166666666665
0 0.24296093750000003 0.0810625 0.012234375 0.016291666666666666
0 0.42172656249999996 0.18073958333333334 0.008296875 0.025895833333333333
0 0.21709375 0.17894791666666668 0.01825 0.057520833333333334
0 0.35004687500000004 0.17713541666666668 0.011687500000000002 0.056812499999999995
0 0.296875 0.18229166666666666 0.22812500000000002 0.07708333333333334
