0 0.36738 0.7589733333333333 0.1438 0.48205333333333333
0 0.29039 0.58612 0.09738 0.3508533333333333
0 0.78097 0.46598666666666666 0.05198 0.13746666666666665
0 0.47623000000000004 0.54868 0.07701999999999999 0.2142133333333333
0 0.74412 0.7073999999999999 0.2102 0.57624
0 0.58989 0.7820266666666666 0.1517 0.4134933333333333
0 0.060680000000000005 0.60636 0.09776000000000001 0.40898666666666667
0 0.98039 0.49137333333333333 0.03922 0.0796
0 0.68374 0.45032 0.04576 0.13509333333333332
0 0.20992000000000002 0.44538666666666665 0.02404 0.038773333333333326
0 0.35326 0.45799999999999996 0.0184 0.02453333333333333
