0 0.9298319327731093 0.2766953125 0.1403361344537815 0.196703125
0 0.7084033613445379 0.6333671875000001 0.23105882352941176 0.13604687499999998
0 0.4677142857142857 0.57865625 0.4616806722689076 0.67640625
0 0.03505882352941177 0.31271875 0.06719327731092437 0.1444375
0 0.5125210084033615 0.266546875 0.13099159663865548 0.15565625000000002
0 0.7996806722689076 0.21542968750000002 0.17610084033613446 0.22254687500000003
0 0.2605882352941177 0.6396406250000001 0.204436974789916 0.2215
0 0.1426050420168067 0.30112500000000003 0.1595294117647059 0.16628125000000002
0 0.6754957983193278 0.17859375000000002 0.15045378151260505 0.23768750000000002
0 0.5726302521008403 0.1639296875 0.14754621848739496 0.283703125
0 0.32077310924369745 0.12925 0.08047058823529413 0.1105
0 0.4255126050420168 0.22858593750000003 0.11499159663865548 0.16798437500000002
0 0.9699663865546219 0.65809375 0.06006722689075631 0.1025
0 0.5 0.22031250000000002 0.9966386554621849 0.44062500000000004
