0 0.13146093749999999 0.5382083333333334 0.195515625 0.303375
0 0.45880468750000003 0.8775312500000001 0.118515625 0.21218749999999997
0 0.6471875 0.87303125 0.22246875 0.22697916666666668
0 0.270171875 0.9480416666666667 0.20015625 0.10391666666666667
0 0.027031250000000003 0.94621875 0.05396875 0.1050625
0 0.4906953125 0.7735625 0.04926562500000001 0.21120833333333333
0 0.09438281250000001 0.8483125 0.18876562500000002 0.303375
0 0.32036718750000004 0.8567812499999999 0.196296875 0.2617291666666667
0 0.08946875000000001 0.7699479166666666 0.08553125 0.22714583333333332
0 0.8456171875000001 0.8863229166666666 0.115140625 0.1499375
