0 0.9230312500000001 0.804497487437186 0.043312500000000004 0.24271356783919598
0 0.8969374999999999 0.6764447236180905 0.031406250000000004 0.19962311557788945
0 0.6823125000000001 0.6248366834170854 0.0219375 0.050778894472361814
0 0.7869687500000001 0.6260050251256282 0.01709375 0.041407035175879396
0 0.20753125 0.6353768844221106 0.028000000000000004 0.056080402010050254
0 0.4423203125 0.6314321608040201 0.026171875 0.052964824120603014
0 0.6329296875 0.6254899497487437 0.024640625 0.06022613065326633
0 0.25209375 0.6395477386934674 0.0103125 0.03246231155778895
0 0.07292187500000001 0.788253768844221 0.029906250000000002 0.16183417085427135
0 0.32284375000000004 0.6355778894472361 0.02021875 0.05281407035175879
