0 0.6528541666666666 0.6939062500000001 0.16725 0.293375
0 0.5463958333333333 0.46387500000000004 0.17329166666666668 0.26875
0 0.8920625 0.29681250000000003 0.11058333333333333 0.05240625
0 0.6626041666666667 0.48883593750000004 0.16999999999999998 0.167796875
0 0.9699479166666666 0.28696875 0.06010416666666667 0.0769375
0 0.7820208333333334 0.289890625 0.107875 0.07190625
0 0.7307708333333333 0.2575 0.05845833333333333 0.07790625000000001
0 0.6854374999999999 0.2802890625 0.11220833333333333 0.087984375
0 0.3935208333333334 0.18967187500000002 0.05633333333333333 0.03596875
0 0.10333333333333332 0.1755 0.04558333333333333 0.05128125
0 0.9627395833333333 0.24417187500000004 0.06802083333333334 0.08609375000000001
0 0.9142395833333334 0.2622265625 0.0725625 0.101890625
0 0.8777395833333335 0.202984375 0.11914583333333333 0.093375
0 0.5 0.30625 0.9958333333333333 0.34375
