0 0.501671875 0.5752083333333333 0.0884375 0.2619166666666667
0 0.382859375 0.5976458333333333 0.06871875 0.27275
0 0.1161171875 0.6344479166666667 0.102890625 0.22464583333333332
0 0.610328125 0.58109375 0.0518125 0.21260416666666665
0 0.71 0.5712499999999999 0.080375 0.19991666666666666
0 0.7756640625 0.56603125 0.061609375 0.19210416666666666
0 0.6320390625000001 0.5723229166666667 0.05304687500000001 0.20927083333333332
0 0.7556796875 0.5415416666666667 0.048390625 0.164875
0 0.8574765625 0.5529062499999999 0.068484375 0.18689583333333332
0 0.19836718750000004 0.5668020833333334 0.05226562500000001 0.12585416666666666
0 0.155796875 0.5602187500000001 0.030968750000000003 0.11760416666666668
0 0.22785937500000003 0.5654166666666667 0.03746875 0.124375
0 0.308640625 0.5956666666666667 0.061375000000000006 0.21129166666666666
0 0.44140625 0.5927083333333333 0.8828125 0.3104166666666667
