0 0.4404453125 0.6814504716981132 0.33110937500000004 0.4634669811320754
0 0.7540390625 0.35529481132075474 0.145515625 0.2523820754716981
0 0.3675703125 0.343938679245283 0.050328125 0.22981132075471697
0 0.6448359375 0.34641509433962264 0.036390625 0.16749999999999998
0 0.6141171875000001 0.34137971698113206 0.049921875000000004 0.11837264150943395
0 0.79184375 0.3521698113207547 0.0778125 0.16325471698113206
0 0.19765625 0.2663325471698113 0.02021875 0.07752358490566037
0 0.476515625 0.3185259433962264 0.02859375 0.1353066037735849
0 0.8998046875000001 0.3179716981132075 0.036796875 0.22023584905660376
0 0.4978203125 0.29918632075471696 0.016640625000000003 0.054268867924528306
0 0.40557031250000003 0.3004952830188679 0.027953125000000002 0.11033018867924528
0 0.8467890625000001 0.2675943396226415 0.027609375000000005 0.07971698113207547
0 0.5500390625 0.3561084905660377 0.039265625 0.18391509433962264
0 0.25078125 0.24882075471698112 0.0921875 0.11556603773584906
