0 0.5039453125 0.43370069605568445 0.254234375 0.5438283062645011
0 0.959421875 0.6908004640371229 0.06375 0.43914153132250583
0 0.7400234375000001 0.6973781902552204 0.139234375 0.3842691415313225
0 0.70134375 0.64084686774942 0.06809375 0.17153132250580047
0 0.5348828125 0.73084686774942 0.057265625 0.2933874709976798
0 0.30316406250000005 0.6487006960556844 0.039140625000000005 0.148584686774942
0 0.611390625 0.7286542923433875 0.09381250000000001 0.32807424593967516
0 0.686375 0.7678770301624129 0.10753125 0.22308584686774943
0 0.9070546875000001 0.6711948955916474 0.057296875000000004 0.39013921113689093
0 0.3610625 0.6683758700696055 0.06440625 0.16013921113689095
0 0.947671875 0.5099651972157773 0.031281250000000003 0.0225754060324826
0 0.853921875 0.6870185614849188 0.10328124999999999 0.4302784222737819
