0 0.4966250000000001 0.25225000000000003 0.375 0.50225
0 0.1674921875 0.6060833333333333 0.055828125 0.250625
0 0.1160703125 0.5997395833333333 0.047828125 0.22610416666666666
0 0.9850546875000001 0.5795937499999999 0.029890625 0.1231875
0 0.23904687500000002 0.5947291666666666 0.045000000000000005 0.18304166666666666
0 0.9100078125000002 0.5496562500000001 0.073296875 0.1515625
0 0.9453906249999999 0.5388125 0.02128125 0.06654166666666667
0 0.32378125 0.5966354166666666 0.03240625 0.1548125
0 0.04640625 0.5907916666666666 0.0636875 0.25179166666666664
0 0.8723828124999999 0.56053125 0.033328125 0.12397916666666665
0 0.9645390625 0.5658229166666666 0.022453125 0.12443749999999999
