0 0.8665156250000001 0.6188645833333334 0.1825 0.7622708333333333
0 0.9286562500000001 0.3842708333333333 0.07078125 0.24720833333333334
0 0.7946640625 0.43708333333333327 0.032015625 0.13258333333333333
0 0.6681250000000001 0.51346875 0.1325625 0.5152291666666666
0 0.542703125 0.4853854166666667 0.1483125 0.48089583333333336
0 0.126890625 0.7200624999999999 0.25378125 0.5580416666666667
0 0.114609375 0.38002083333333336 0.07759375 0.18104166666666668
0 0.202890625 0.3638333333333333 0.036937500000000005 0.121625
0 0.3827812500000001 0.5820416666666667 0.21478125000000003 0.7891666666666667
0 0.2759375 0.4417395833333333 0.096375 0.3595625
0 0.6322968750000001 0.3153229166666667 0.032625 0.09864583333333334
0 0.5773828125000001 0.2919583333333333 0.029984375000000004 0.049124999999999995
