0 0.6395 0.7253379953379954 0.2209375 0.5268997668997669
0 0.38109375 0.6280885780885781 0.5513125 0.6
0 0.836796875 0.5715034965034965 0.0760625 0.21452214452214452
0 0.0643671875 0.643997668997669 0.126546875 0.33941724941724943
0 0.7827578125 0.5462703962703963 0.064921875 0.20512820512820512
0 0.7046640625 0.576899766899767 0.089734375 0.2503962703962704
0 0.12717187500000002 0.5082284382284382 0.0395625 0.10871794871794872
0 0.18011718750000003 0.554032634032634 0.230578125 0.3388811188811189
0 0.1580859375 0.5436713286713286 0.051078125 0.10417249417249416
0 0.7935468750000001 0.48868298368298363 0.028125 0.08034965034965035
0 0.9065390624999999 0.6740326340326339 0.18692187500000002 0.625967365967366
