0 0.21178823529411764 0.2932578125 0.2332235294117647 0.171453125
0 0.5889529411764705 0.29903125 0.21828235294117646 0.1685625
0 0.719435294117647 0.22142968750000003 0.07807058823529411 0.116390625
0 0.5009529411764706 0.24910156250000004 0.08063529411764706 0.08467187500000001
0 0.36229411764705877 0.26801562500000004 0.07959999999999999 0.049125
0 0.9093176470588236 0.34510937500000005 0.18136470588235293 0.21078125000000003
0 0.3372588235294118 0.2176328125 0.03465882352941176 0.049828125
0 0.7819529411764705 0.18692187500000002 0.03562352941176471 0.0365
0 0.8563764705882352 0.18710937500000002 0.03943529411764706 0.0388125
0 0.44896470588235293 0.22032812499999999 0.03185882352941176 0.023875
0 0.2226470588235294 0.2379140625 0.04915294117647059 0.061765625000000005
0 0.2680470588235294 0.20335156250000003 0.022870588235294118 0.026390625
0 0.3364823529411765 0.19625781250000002 0.04656470588235293 0.028171875000000002
0 0.6105882352941175 0.19687500000000002 0.4494117647058823 0.037500000000000006
