0 0.4670208333333334 0.642671875 0.24329166666666666 0.26490625
0 0.7372395833333333 0.42714843750000003 0.1020625 0.162640625
0 0.25213541666666667 0.2483515625 0.06777083333333334 0.077390625
0 0.5463333333333333 0.37200781250000003 0.0755 0.080046875
0 0.4767083333333333 0.36860156250000004 0.08283333333333333 0.086953125
0 0.3381458333333333 0.36710937500000007 0.08525 0.08609375000000001
0 0.27078125 0.36264843750000003 0.0674375 0.078390625
0 0.3001875 0.31278906250000005 0.07275000000000001 0.10117187500000001
0 0.3711145833333333 0.320234375 0.07372916666666667 0.10703125000000001
0 0.6146041666666666 0.0356328125 0.06745833333333334 0.071265625
0 0.4062604166666666 0.0701640625 0.0676875 0.09557812500000001
0 0.41153124999999996 0.36250000000000004 0.07602083333333334 0.10246875
0 0.16597916666666665 0.06315625000000001 0.05595833333333333 0.08953125
0 0.49895833333333334 0.21484375 0.9979166666666667 0.4296875
