0 0.09071875 0.5594791666666666 0.03575 0.08375
0 0.118578125 0.56296875 0.02471875 0.06747916666666667
0 0.8372187500000001 0.59234375 0.046375 0.19860416666666666
0 0.8736171875000001 0.6196041666666667 0.077203125 0.24508333333333332
0 0.770515625 0.5589791666666667 0.037125000000000005 0.09541666666666666
0 0.9189375000000001 0.61934375 0.05178125 0.21302083333333333
0 0.7356328125 0.5191354166666666 0.022484375 0.04852083333333333
0 0.0544375 0.56803125 0.0305 0.0890625
0 0.7492890625 0.546625 0.013609375000000002 0.08104166666666666
0 0.7712578125 0.5054166666666667 0.011515625000000002 0.022083333333333333
0 0.7374140625000001 0.5704583333333333 0.013140625000000001 0.03045833333333333
0 0.8526953125000001 0.5146979166666666 0.012984375000000001 0.031020833333333334
