0 0.5304921875 0.8718384074941453 0.07860937500000001 0.2563231850117096
0 0.40371093750000003 0.8641803278688525 0.10617187500000001 0.2716393442622951
0 0.31257031250000006 0.8918266978922716 0.10895312500000001 0.21634660421545665
0 0.214171875 0.8597072599531617 0.1285 0.28058548009367684
0 0.6881796875 0.8957025761124121 0.083953125 0.18826697892271663
0 0.4794609375000001 0.870784543325527 0.059328125 0.2314519906323185
0 0.5832265625 0.902248243559719 0.10795312500000001 0.18651053864168618
0 0.63978125 0.832096018735363 0.0653125 0.12878220140515223
0 0.8392031249999999 0.8434192037470726 0.07203125 0.1611241217798595
0 0.793890625 0.7923419203747072 0.022343750000000002 0.05892271662763466
0 0.76871875 0.8681615925058549 0.0396875 0.17234192037470727
0 0.73553125 0.7922950819672131 0.039718750000000004 0.04477751756440281
0 0.7156250000000001 0.8466042154566745 0.31875000000000003 0.22716627634660422
