0 0.49778999999999995 0.47224561403508775 0.14442 0.8677192982456141
0 0.08544 0.6266140350877193 0.16068000000000002 0.7158947368421053
0 0.19686 0.6515438596491228 0.09868 0.47733333333333333
0 0.86329 0.4711228070175439 0.14538 0.6868070175438596
0 0.9490000000000001 0.3568421052631579 0.0882 0.3918596491228071
0 0.45088 0.46742105263157896 0.05892 0.525859649122807
0 0.57929 0.45370175438596494 0.07826000000000001 0.6743508771929825
0 0.03664 0.43178947368421056 0.06044 0.10884210526315789
0 0.80231 0.5351403508771929 0.04306 0.20873684210526317
0 0.7409800000000001 0.422421052631579 0.108 0.5099649122807017
