0 0.7172175732217574 0.6057890625 0.03912133891213389 0.093546875
0 0.7665376569037657 0.62190625 0.03989539748953975 0.10515625
0 0.8390167364016736 0.6453359375000001 0.06121338912133891 0.11104687499999999
0 0.21380753138075312 0.7659140625 0.08251046025104601 0.15160937500000002
0 0.172928870292887 0.7531406250000001 0.05200836820083681 0.17218750000000002
0 0.12394351464435147 0.5665 0.03705020920502092 0.0906875
0 0.594612970711297 0.6045546875 0.045418410041841 0.106546875
0 0.315428870292887 0.5065234375 0.016715481171548117 0.028015625000000002
0 0.3553870292887029 0.5273046875 0.02830543933054393 0.05410937500000001
0 0.6415376569037656 0.5816171874999999 0.023326359832635982 0.09185937500000001
0 0.6605857740585773 0.5905859375000001 0.04259414225941422 0.101515625
0 0.6999476987447698 0.5988828125000001 0.025460251046025104 0.09373437500000001
0 0.5713075313807531 0.5929296875000001 0.028598326359832633 0.098609375
0 0.5669456066945606 0.58359375 0.8619246861924685 0.2484375
