0 0.4144765625 0.43923887587822014 0.021953125000000004 0.08002341920374707
0 0.6460859375000001 0.37929742388758775 0.031453125 0.13166276346604217
0 0.488984375 0.41475409836065574 0.02046875 0.09503512880562061
0 0.4431093750000001 0.4202459016393442 0.03059375 0.10381733021077283
0 0.3330546875 0.4426932084309134 0.033359375000000004 0.10384074941451991
0 0.36275781250000005 0.45695550351288056 0.009828125 0.0459016393442623
0 0.31959375 0.5665339578454333 0.014249999999999999 0.04468384074941452
0 0.4344140625000001 0.593407494145199 0.012046875 0.06433255269320842
0 0.46355468750000006 0.5768266978922716 0.023015625 0.026252927400468386
0 0.387453125 0.45291569086651057 0.02559375 0.06733021077283373
0 0.15658593750000002 0.4713114754098361 0.013828125 0.030679156908665104
0 0.35680468750000005 0.4469320843091335 0.010890625000000001 0.07686182669789227
0 0.18310937500000002 0.4909718969555035 0.01096875 0.03768149882903981
