0 0.42209375 0.6680825242718446 0.18896875000000002 0.6638349514563107
0 0.28570312500000006 0.49101941747572814 0.19818750000000002 0.46966019417475724
0 0.7890625 0.4737378640776699 0.15984375 0.3860194174757281
0 0.41084375 0.194004854368932 0.060750000000000005 0.31684466019417473
0 0.5553828125 0.18497572815533977 0.062265625000000005 0.261504854368932
0 0.8446796875000001 0.20928398058252423 0.08351562500000001 0.30371359223300964
0 0.1124609375 0.6303276699029126 0.19673437500000002 0.6134708737864077
0 0.5148359375 0.04161407766990291 0.018953125 0.02774271844660194
0 0.46230468750000003 0.04282766990291262 0.020515625000000003 0.027014563106796115
0 0.1580390625 0.04981796116504854 0.020671875000000003 0.03720873786407767
0 0.20906250000000004 0.03375 0.04371875 0.06725728155339805
0 0.182640625 0.043531553398058254 0.02525 0.04774271844660194
