0 0.5542083333333333 0.42235937500000004 0.21558333333333335 0.40565625000000005
0 0.6029583333333333 0.26625000000000004 0.07825 0.1310625
0 0.7505625 0.13820312499999998 0.08091666666666668 0.105625
0 0.32429166666666664 0.1399921875 0.09154166666666666 0.10414062500000001
0 0.39815625 0.1401953125 0.07314583333333333 0.103890625
0 0.46480208333333334 0.097875 0.07310416666666668 0.091375
0 0.6796770833333333 0.13365625 0.08139583333333333 0.1088125
0 0.5343125000000001 0.1515234375 0.06733333333333333 0.083453125
0 0.8949583333333333 0.13661718750000001 0.0755 0.099203125
0 0.6066562500000001 0.0829453125 0.07722916666666667 0.071578125
0 0.11694791666666667 0.14775000000000002 0.08860416666666666 0.09890625
0 0.8269687499999999 0.13527343749999998 0.08989583333333333 0.114609375
0 0.25571875 0.142328125 0.09543750000000001 0.10446875
0 0.5302083333333333 0.278125 0.9354166666666667 0.55625
