0 0.3980625 0.6089929742388758 0.34034375 0.6202341920374707
0 0.7372812500000001 0.4448009367681499 0.36990625000000005 0.6430444964871194
0 0.680765625 0.44711943793911013 0.07346875000000001 0.44983606557377054
0 0.19055468750000001 0.5603747072599532 0.21420312500000002 0.8792505854800937
0 0.0997578125 0.5010421545667447 0.199515625 0.9965573770491802
0 0.9258125 0.4910070257611241 0.1304375 0.7033723653395784
0 0.47496875000000005 0.4647072599531616 0.2089375 0.49096018735362995
0 0.516984375 0.3251053864168618 0.025718750000000002 0.11377049180327868
0 0.042109375000000004 0.21658079625292737 0.08421875000000001 0.1336768149882904
0 0.3284453125 0.3923887587822014 0.13673437500000002 0.35892271662763464
0 0.587140625 0.44672131147540983 0.1431875 0.4671662763466042
0 0.2357890625 0.295807962529274 0.069140625 0.14056206088992976
