0 0.10234375000000001 0.710491452991453 0.20468750000000002 0.5552991452991454
0 0.744875 0.5758333333333334 0.060625 0.10098290598290599
0 0.6646796875000001 0.5623824786324787 0.057640625 0.13955128205128206
0 0.9845000000000002 0.5685470085470086 0.0308125 0.12944444444444445
0 0.695109375 0.5646794871794872 0.02884375 0.13841880341880344
0 0.18557812500000004 0.5573290598290599 0.05071875000000001 0.17632478632478635
0 0.81915625 0.5741773504273504 0.04578125 0.13694444444444445
0 0.7922265625 0.5379807692307693 0.020890625 0.05091880341880342
0 0.7733671875 0.5744337606837607 0.031796875 0.10660256410256412
0 0.9564375 0.5623076923076924 0.0546875 0.1370940170940171
0 0.8642890625 0.5736324786324787 0.05014062500000001 0.12576923076923077
