0 0.768828125 0.6760328638497652 0.15556250000000002 0.5393427230046949
0 0.9128359374999999 0.6870774647887324 0.174328125 0.5550469483568075
0 0.382625 0.3383802816901408 0.29162499999999997 0.30253521126760563
0 0.8717578125000002 0.7398708920187793 0.085453125 0.2815258215962442
0 0.042406250000000006 0.5734624413145539 0.055406250000000004 0.13485915492957748
0 0.098046875 0.561924882629108 0.06146875000000001 0.13169014084507044
0 0.22964062500000001 0.546056338028169 0.0303125 0.03873239436619719
0 0.19775781250000002 0.5585446009389672 0.031546875 0.04910798122065728
0 0.25910156250000005 0.5453521126760563 0.021828125000000004 0.03244131455399061
0 0.5230546875000001 0.5400234741784038 0.038859375 0.05671361502347418
0 0.16078125 0.57018779342723 0.04484375 0.09704225352112678
0 0.479359375 0.5381572769953051 0.021562500000000002 0.05551643192488263
