0 0.9600703125 0.6228116343490304 0.07945312500000001 0.3884487534626038
0 0.7791640625 0.7235595567867036 0.050953125 0.31675900277008306
0 0.8244921875000002 0.7128254847645431 0.063515625 0.44144044321329645
0 0.737890625 0.696398891966759 0.05934375 0.2938504155124654
0 0.6571562500000001 0.6630609418282549 0.028812500000000005 0.2078393351800554
0 0.6125078125000001 0.6378393351800554 0.025453125 0.18094182825484761
0 0.5868281250000001 0.6289058171745152 0.02784375 0.15686980609418283
0 0.567859375 0.6298891966759003 0.02346875 0.11047091412742382
0 0.6358984375000001 0.560831024930748 0.010671875 0.027479224376731302
0 0.708296875 0.6785595567867037 0.0499375 0.3013850415512465
0 0.88221875 0.7101108033240998 0.10900000000000001 0.5572853185595568
0 0.5025546875 0.6037534626038781 0.021265625 0.0613573407202216
0 0.529140625 0.6040027700831024 0.009093750000000001 0.06722991689750693
0 0.65390625 0.5997229916897507 0.2921875 0.13019390581717452
