0 0.815140625 0.5373188405797101 0.10518749999999999 0.27041407867494827
0 0.747015625 0.4919358178053831 0.044625 0.17853002070393376
0 0.6237734375 0.5442236024844721 0.056484375 0.20861283643892342
0 0.5423359375000001 0.44955486542443074 0.041328125 0.1555072463768116
0 0.43835937499999994 0.48190476190476195 0.0340625 0.08091097308488614
0 0.4203203125 0.4631677018633541 0.036703124999999996 0.11966873706004141
0 0.39342187500000003 0.4622981366459628 0.02409375 0.11664596273291927
0 0.076015625 0.4665631469979296 0.031281250000000003 0.141407867494824
0 0.6831640625 0.5432919254658386 0.044359375000000006 0.22505175983436856
0 0.67259375 0.5105693581780538 0.053500000000000006 0.25302277432712217
0 0.6421640625 0.42708074534161494 0.017421875 0.0432712215320911
0 0.6198828125 0.415424430641822 0.012765625000000001 0.024430641821946174
0 0.1025859375 0.42418219461697726 0.026015625 0.05006211180124224
0 0.38671875 0.4554865424430642 0.7734375 0.15734989648033126
