0 0.39380855397148673 0.1619140625 0.06578411405295315 0.123515625
0 0.2761303462321792 0.110765625 0.0570264765784114 0.0990625
0 0.9664460285132382 0.2700546875 0.06710794297352342 0.102765625
0 0.32416496945010176 0.07701562500000002 0.04226069246435845 0.0500625
0 0.5313645621181263 0.1220234375 0.06378818737270875 0.076640625
0 0.6839103869653766 0.17835937500000001 0.04619144602851323 0.0401875
0 0.820386965376782 0.20770312500000002 0.043299389002036656 0.051062500000000004
0 0.4860794297352342 0.604171875 0.19814663951120162 0.30478125
0 0.47278004073319757 0.5816718750000001 0.1530957230142566 0.29350000000000004
0 0.875325865580448 0.29680468750000005 0.04877800407331975 0.12935937500000003
0 0.7547046843177189 0.29934375 0.07189409368635437 0.17965625000000002
0 0.2180753564154786 0.08546875000000001 0.034154786150712824 0.10615625000000001
0 0.9025865580448064 0.36725 0.08615071283095721 0.15071875
0 0.49999999999999994 0.246875 0.9959266802443991 0.49375
