0 0.29168750000000004 0.41865517241379313 0.15828125 0.48324137931034483
0 0.9432343750000002 0.392551724137931 0.021781250000000002 0.07935632183908047
0 0.9112421875000001 0.3918965517241379 0.023640625000000002 0.07560919540229885
0 0.15103125000000003 0.39604597701149424 0.01634375 0.034114942528735634
0 0.16589843750000002 0.3974252873563218 0.022828125 0.08119540229885057
0 0.36992968750000005 0.3904137931034483 0.015296875 0.05154022988505747
0 0.396578125 0.38947126436781615 0.01115625 0.057747126436781614
0 0.43024999999999997 0.38755172413793104 0.01746875 0.053908045977011494
0 0.8528593750000001 0.3797126436781609 0.019500000000000003 0.05220689655172414
0 0.010914062500000002 0.40972413793103446 0.021828125000000004 0.11048275862068965
0 0.037875000000000006 0.387183908045977 0.010125000000000002 0.01832183908045977
0 0.047867187500000005 0.3882758620689655 0.008640625 0.028735632183908046
0 0.40634375 0.3928735632183908 0.0138125 0.052137931034482755
0 0.6265625 0.35172413793103446 0.5375 0.13793103448275862
