0 0.63099 0.4529599999999999 0.04754 0.18821333333333332
0 0.51901 0.45073333333333326 0.02322 0.07405333333333333
0 0.50471 0.46081333333333324 0.013900000000000001 0.05506666666666666
0 0.9749200000000001 0.4455333333333333 0.012920000000000001 0.06472
0 0.9936200000000001 0.45608 0.01276 0.05263999999999999
0 0.13361 0.4184933333333333 0.01194 0.028079999999999997
0 0.89712 0.4142533333333333 0.0056 0.03496
0 0.79983 0.41403999999999996 0.00766 0.03917333333333333
0 0.9340900000000001 0.45874666666666664 0.02302 0.06666666666666667
0 0.77428 0.4299333333333333 0.00828 0.041626666666666666
0 0.76309 0.4165466666666666 0.00902 0.022906666666666665
0 0.21774000000000002 0.41257333333333335 0.01316 0.03725333333333333
