0 0.49765625 0.5440937499999999 0.14290624999999998 0.3841458333333333
0 0.749453125 0.6800729166666667 0.22921875 0.6398541666666666
0 0.13398437500000002 0.6074895833333334 0.146625 0.5146041666666666
0 0.29685937500000004 0.4661458333333333 0.08046875 0.163125
0 0.4240390625 0.46467708333333335 0.069984375 0.17652083333333335
0 0.9006250000000002 0.5058229166666667 0.10103125 0.2730208333333334
0 0.6126796875 0.4417291666666667 0.08895312500000001 0.26537499999999997
0 0.1974296875 0.43757291666666664 0.042640625 0.10685416666666667
0 0.35003125 0.463375 0.05809375 0.13229166666666667
0 0.23955468750000006 0.44021874999999994 0.046734375 0.0846875
0 0.9609531250000001 0.43146874999999996 0.07809375 0.18427083333333333
0 0.0476953125 0.5221666666666667 0.07545312500000001 0.3331666666666666
0 0.699125 0.45593750000000005 0.14771875 0.235875
0 0.49921875000000004 0.5125 0.9984375000000001 0.32916666666666666
