0 0.642 0.8763983050847458 0.011187500000000001 0.026977401129943505
0 0.47554687500000004 0.8872457627118644 0.00871875 0.028954802259887006
0 0.46925 0.8825141242937854 0.004968750000000001 0.02531073446327684
0 0.44837499999999997 0.8831779661016949 0.0105625 0.02714689265536723
0 0.4599609375 0.885550847457627 0.006703125000000001 0.022344632768361582
0 0.4846875 0.8882344632768362 0.008 0.014435028248587571
0 0.682828125 0.8704661016949152 0.0073124999999999996 0.022005649717514123
0 0.6518281250000001 0.8681073446327684 0.01034375 0.024745762711864405
0 0.63271875 0.8750564971751412 0.00521875 0.022711864406779657
0 0.6709843750000001 0.8778954802259886 0.008968750000000001 0.01692090395480226
