0 0.3041666666666667 0.8847109375 0.1313888888888889 0.11932812500000001
0 0.39643055555555556 0.8924062500000001 0.08775000000000001 0.1183125
0 0.9771527777777779 0.8774296874999999 0.04569444444444445 0.145484375
0 0.6946388888888889 0.8830625 0.08583333333333333 0.08325
0 0.8618472222222223 0.8827500000000001 0.0936388888888889 0.1316875
0 0.9522638888888889 0.8910625 0.06319444444444444 0.13946875
0 0.044097222222222225 0.8940625 0.08497222222222223 0.211875
0 0.11233333333333333 0.8953359375000001 0.07422222222222222 0.126953125
0 0.19384722222222223 0.8537265625 0.05391666666666667 0.052796875
0 0.518625 0.8906328125 0.07708333333333334 0.11104687499999999
0 0.7784583333333333 0.8371171875000001 0.007805555555555556 0.012015625000000002
0 0.08965277777777778 0.8597265624999999 0.030750000000000003 0.042703125
0 0.15154166666666666 0.8836484375 0.07786111111111112 0.10826562500000002
0 0.5194444444444445 0.76484375 0.8222222222222223 0.4265625
