0 0.33658593750000004 0.558208430913349 0.254921875 0.6029742388758783
0 0.6151640625 0.6764051522248243 0.28364062500000004 0.4602576112412178
0 0.8134609375 0.645632318501171 0.271640625 0.5301873536299766
0 0.186 0.4276580796252928 0.06899999999999999 0.16955503512880563
0 0.1423046875 0.27170960187353627 0.017140625000000003 0.04861826697892272
0 0.9318515625000002 0.42872365339578455 0.021296875000000003 0.03702576112412178
0 0.6092968750000001 0.41016393442622956 0.023000000000000003 0.027025761124121778
0 0.49518749999999995 0.2596370023419204 0.0170625 0.023723653395784545
0 0.4571406250000001 0.43744730679156907 0.0346875 0.08318501170960188
0 0.6582109375 0.41096018735363005 0.019765625000000002 0.03798594847775175
0 0.7201796875 0.4153161592505855 0.026171875 0.0336768149882904
0 0.7096562500000001 0.4124590163934426 0.01865625 0.034379391100702573
0 0.6333828125 0.3143793911007026 0.019421875 0.0414519906323185
0 0.5 0.24707259953161592 0.9968750000000001 0.48009367681498827
