0 0.6324531250000001 0.5856145833333334 0.0500625 0.23272916666666665
0 0.9155390625000002 0.77928125 0.10810937500000001 0.34460416666666666
0 0.8510234375000002 0.56978125 0.038109375 0.13302083333333334
0 0.3813515625 0.6152708333333333 0.08464062500000001 0.08179166666666667
0 0.0436171875 0.41419791666666667 0.027140625 0.10956250000000001
0 0.10617187500000001 0.40971874999999996 0.022031250000000002 0.09027083333333333
0 0.6056015625 0.34012499999999996 0.033265625 0.08466666666666667
0 0.98178125 0.30671875 0.02890625 0.04497916666666667
0 0.9530546875000001 0.3090208333333333 0.024203125000000002 0.043250000000000004
0 0.51753125 0.3411458333333333 0.015875 0.02625
0 0.5388203125000001 0.32826041666666667 0.025390625 0.04572916666666667
0 0.6764921875000001 0.31885416666666666 0.012359375 0.033166666666666664
0 0.715734375 0.3257916666666667 0.0234375 0.03875
0 0.67578125 0.3229166666666667 0.5328125 0.09583333333333333
