0 0.39186999999999994 0.7188399999999999 0.01218 0.06456
0 0.37559 0.7145066666666666 0.013380000000000001 0.05429333333333333
0 0.43751 0.6959333333333332 0.010140000000000001 0.01976
0 0.45375 0.7074133333333332 0.01622 0.03968
0 0.66716 0.55628 0.01148 0.0348
0 0.7019700000000001 0.5483066666666667 0.01854 0.040453333333333334
0 0.72194 0.5448133333333333 0.01516 0.023066666666666666
0 0.09188 0.6279066666666666 0.04208 0.04770666666666667
0 0.73633 0.5424133333333333 0.007940000000000001 0.030266666666666664
0 0.42248 0.6985866666666666 0.01724 0.03861333333333333
0 0.40587 0.7099199999999999 0.0131 0.04767999999999999
0 0.48718 0.576 0.013960000000000002 0.018933333333333333
0 0.56426 0.5783066666666666 0.00928 0.016239999999999997
0 0.5 0.608 0.996 0.33599999999999997
