0 0.19084375000000003 0.7027049180327869 0.09015625000000001 0.5698126463700234
0 0.39432031250000005 0.7123536299765808 0.09295312500000001 0.5438173302107728
0 0.5824765625 0.683887587822014 0.10345312499999999 0.6044964871194379
0 0.6598125 0.6812880562060889 0.09284375 0.5279625292740047
0 0.7914609375 0.6398126463700234 0.075296875 0.39873536299765805
0 0.125734375 0.6002576112412178 0.07700000000000001 0.3443091334894614
0 0.031 0.590023419203747 0.062 0.3594847775175644
0 0.09004687500000001 0.5486416861826697 0.03390625 0.2568149882903981
0 0.53040625 0.47454332552693207 0.06840625 0.15325526932084307
0 0.8247656250000001 0.5788290398126463 0.0240625 0.19850117096018738
0 0.07446875000000001 0.4983957845433255 0.018718750000000003 0.08208430913348945
0 0.056234375 0.511112412177986 0.027812500000000004 0.14011709601873537
0 0.37505468750000004 0.4657142857142857 0.031671875 0.114192037470726
0 0.51328125 0.607728337236534 0.9703125 0.7377049180327869
