0 0.20814062499999997 0.6109791666666666 0.153375 0.59775
0 0.27960937500000005 0.6067812499999999 0.10846875 0.5617708333333333
0 0.272328125 0.3368541666666667 0.10646875 0.17933333333333332
0 0.575921875 0.4019479166666667 0.11240625 0.27318749999999997
0 0.539078125 0.6909062499999999 0.08459375000000001 0.5043124999999999
0 0.6217265625000001 0.6941875 0.110671875 0.611625
0 0.5030390625 0.31976041666666666 0.116234375 0.19222916666666665
0 0.678140625 0.5603958333333333 0.09315625 0.5614583333333333
0 0.748796875 0.42473958333333334 0.11559375000000001 0.42072916666666665
0 0.330859375 0.5658124999999999 0.08278125 0.5734999999999999
0 0.7776640625000001 0.6488333333333334 0.127046875 0.5465416666666666
0 0.45742187500000003 0.6815312499999999 0.11496875000000001 0.6066874999999999
0 0.39158593750000004 0.5615520833333334 0.109578125 0.5762708333333334
0 0.509375 0.6145833333333334 0.34687500000000004 0.6041666666666666
