0 0.08321093750000001 0.7154078947368422 0.010296875 0.024026315789473687
0 0.06358593750000001 0.7114868421052631 0.009234375000000001 0.029657894736842102
0 0.2060703125 0.809921052631579 0.007828125 0.07194736842105263
0 0.05078125 0.7138947368421054 0.01028125 0.024526315789473684
0 0.01525 0.7677236842105263 0.01240625 0.05055263157894737
0 0.0369453125 0.7588026315789472 0.009578125 0.0645
0 0.0283515625 0.5900394736842105 0.013015625000000001 0.02192105263157895
0 0.0456484375 0.6159605263157895 0.010234375 0.03328947368421053
0 0.9204140625000001 0.6717631578947367 0.005828125 0.03494736842105263
0 0.033171875 0.6208552631578947 0.0053750000000000004 0.02313157894736842
0 0.9105703125000002 0.682 0.013109375000000001 0.05463157894736843
0 0.030328125 0.7655921052631579 0.01059375 0.05492105263157895
