0 0.5119843749999999 0.6073210412147505 0.03715625 0.11859002169197398
0 0.7032734375 0.8141865509761389 0.063265625 0.2837744034707158
0 0.24868750000000006 0.6997288503253796 0.07446875 0.2147288503253796
0 0.6268828125 0.5430151843817788 0.028890625 0.05822125813449024
0 0.3725234375 0.5601626898047722 0.025015625000000003 0.09945770065075922
0 0.3430078125 0.5496746203904556 0.023703125000000002 0.10260303687635575
0 0.24305468750000003 0.5477006507592191 0.022734375 0.11219088937093276
0 0.3981953125 0.5161062906724512 0.014140625000000002 0.04071583514099783
0 0.5956796875 0.6505639913232105 0.035609375 0.1865075921908894
0 0.6855390625000001 0.7319848156182213 0.050953125 0.20219088937093274
0 0.1583203125 0.6108676789587852 0.048171875 0.08039045553145337
0 0.44439062500000004 0.5934056399132321 0.030187500000000003 0.12190889370932756
0 0.34765625 0.5249457700650759 0.49531250000000004 0.22125813449023862
