0 0.6274296875 0.7670608899297424 0.027484375000000002 0.09889929742388757
0 0.6282109375 0.7193676814988291 0.030296875 0.058594847775175644
0 0.9140390625000001 0.6993091334894614 0.030578125 0.07365339578454333
0 0.9310312499999999 0.7267096018735363 0.02046875 0.04274004683840749
0 0.06457031249999999 0.6259484777517565 0.020609375 0.07245901639344263
0 0.1076875 0.6124004683840749 0.0191875 0.046814988290398124
0 0.0432421875 0.6280444964871195 0.016046875 0.07978922716627634
0 0.3929296875 0.5372833723653395 0.011359375 0.04276346604215457
0 0.70596875 0.5216978922716627 0.0054375000000000005 0.02395784543325527
0 0.6159453125000001 0.7167915690866512 0.020078125000000002 0.06018735362997658
0 0.279125 0.5570843091334895 0.01371875 0.03969555035128806
0 0.08744531250000001 0.621440281030445 0.017234375 0.06943793911007025
0 0.09730468750000001 0.6113466042154567 0.005140625 0.03384074941451991
0 0.43281250000000004 0.5889929742388759 0.64375 0.18032786885245902
