0 0.280390625 0.7432407407407406 0.19062500000000002 0.4634722222222222
0 0.38264843750000005 0.5209490740740741 0.099015625 0.37949074074074074
0 0.443359375 0.62625 0.1414375 0.24351851851851852
0 0.9025234375000001 0.6471990740740741 0.16989062500000002 0.6247222222222222
0 0.9776953125000001 0.5730439814814815 0.04460937500000001 0.2994675925925926
0 0.7590625 0.5363657407407406 0.10634375000000001 0.30300925925925926
0 0.6013125 0.5836921296296296 0.135 0.3224305555555555
0 0.0806015625 0.6817361111111111 0.158203125 0.5160648148148148
0 0.21292187500000004 0.6687847222222221 0.0741875 0.18576388888888887
0 0.010000000000000002 0.4652314814814814 0.020000000000000004 0.12143518518518517
