0 0.2944140625 0.6876395348837209 0.208359375 0.6202093023255814
0 0.9315625000000001 0.6449418604651163 0.11475 0.6876511627906977
0 0.8034609375000001 0.6526511627906977 0.109328125 0.5258139534883721
0 0.10682812500000001 0.4843837209302325 0.13084375 0.2843488372093023
0 0.102953125 0.4116744186046511 0.05562500000000001 0.1655813953488372
0 0.025703125 0.40217441860465114 0.05140625 0.25653488372093025
0 0.22314843750000002 0.5446395348837209 0.169546875 0.48709302325581394
0 0.9627656250000002 0.8696627906976745 0.07446875 0.2606744186046512
0 0.680953125 0.6703488372093023 0.18325000000000002 0.6593023255813953
0 0.48465625 0.49869767441860463 0.17496875 0.23437209302325582
