0 0.7799600000000001 0.5405387205387205 0.41204 0.8986531986531986
0 0.7268 0.40158249158249154 0.14808000000000002 0.7859259259259258
0 0.8711500000000001 0.17387205387205387 0.15166 0.34754208754208754
0 0.12414 0.43483164983164985 0.2456 0.7438047138047138
0 0.4999 0.1369191919191919 0.09476000000000001 0.16178451178451178
0 0.21024 0.6033670033670033 0.40712000000000004 0.7707744107744107
0 0.5291999999999999 0.5427946127946127 0.13372 0.6243771043771044
0 0.96686 0.2260942760942761 0.06628 0.09474747474747475
0 0.86384 0.5815319865319866 0.059000000000000004 0.21141414141414142
0 0.45514 0.5298316498316498 0.299 0.9403367003367002
0 0.5059 0.2393265993265993 0.16284 0.10558922558922558
0 0.28311000000000003 0.1896127946127946 0.18978 0.3792255892255892
