0 0.098171875 0.5539270386266094 0.15381250000000002 0.7303433476394849
0 0.6068515625 0.6602145922746782 0.12345312500000001 0.5181545064377683
0 0.8246640625 0.5123605150214592 0.114546875 0.669656652360515
0 0.37878906250000005 0.6719098712446352 0.161984375 0.5258369098712447
0 0.725640625 0.35239270386266097 0.10956250000000001 0.2930257510729614
0 0.246140625 0.352961373390558 0.16646875000000003 0.35386266094420604
0 0.36776562500000004 0.352950643776824 0.1285625 0.3673605150214592
0 0.48923437500000005 0.3460729613733905 0.13090625 0.3325751072961373
0 0.60878125 0.39061158798283263 0.1286875 0.36620171673819746
0 0.49478906250000004 0.6240021459227467 0.12201562500000002 0.50431330472103
0 0.7587812500000001 0.6854935622317596 0.23196875000000003 0.5701716738197424
0 0.21598437500000003 0.6805257510729613 0.2290625 0.6067596566523605
0 0.5835625000000001 0.28453862660944207 0.011687500000000002 0.02482832618025751
