0 0.559015625 0.9454470588235293 0.013531250000000002 0.044682352941176465
0 0.5463671875 0.9386235294117645 0.016828125 0.05159999999999999
0 0.5815156250000001 0.9299999999999999 0.010906250000000001 0.029317647058823528
0 0.575609375 0.922564705882353 0.00690625 0.027858823529411762
0 0.5689453125 0.9220941176470588 0.010734375 0.0396235294117647
0 0.5504687500000001 0.9090117647058824 0.00878125 0.024564705882352936
0 0.5328671875 0.9295176470588234 0.010796875000000001 0.044117647058823525
0 0.5258515625000001 0.9881411764705882 0.014421875 0.023717647058823527
0 0.5415234375 0.9066117647058822 0.005140625 0.02084705882352941
0 0.5117734374999999 0.989 0.014296875 0.021952941176470585
0 0.5748828125 0.9935411764705881 0.006734375 0.012917647058823528
0 0.51046875 0.9280705882352941 0.01684375 0.0580235294117647
0 0.562828125 0.9808117647058822 0.01371875 0.03837647058823529
0 0.5320312500000001 0.9352941176470587 0.1078125 0.12470588235294117
