0 0.5566640625 0.33319791666666665 0.035640625 0.043854166666666666
0 0.5209765625 0.3331875 0.023046875 0.047374999999999994
0 0.4681171875 0.3298645833333333 0.018203125 0.0476875
0 0.9651171875000002 0.34221874999999996 0.043171875 0.08222916666666666
0 0.66459375 0.32998958333333334 0.018375 0.04435416666666667
0 0.5435781250000001 0.33172916666666663 0.018687500000000003 0.04583333333333333
0 0.5891484374999999 0.33151041666666664 0.023515625000000002 0.0454375
0 0.7330859375000001 0.33516666666666667 0.024859375000000003 0.041
0 0.6472656250000001 0.33530208333333333 0.02615625 0.03760416666666667
0 0.3798828125 0.3343541666666666 0.014109375 0.04625
0 0.67046875 0.30680208333333336 0.012562499999999999 0.016479166666666666
0 0.7459375000000001 0.3246041666666667 0.01459375 0.03025
0 0.0313359375 0.33442708333333326 0.009171875000000001 0.0190625
0 0.028125 0.328125 0.018750000000000003 0.052083333333333336
