0 0.4405647058823529 0.5983125 0.16498823529411763 0.6146250000000001
0 0.6434117647058823 0.7130625 0.3180705882352941 0.43571875000000004
0 0.2774941176470588 0.7306328125000001 0.1624235294117647 0.28373437500000004
0 0.7450235294117646 0.7935546875 0.08237647058823529 0.11151562500000001
0 0.014141176470588233 0.8264843750000002 0.027999999999999997 0.07390624999999999
0 0.8557999999999999 0.81690625 0.10101176470588234 0.08281250000000001
0 0.5551529411764705 0.8274140624999999 0.1004235294117647 0.069578125
0 0.6359529411764706 0.7118125000000001 0.0756235294117647 0.1155
0 0.21977647058823527 0.825390625 0.06967058823529411 0.07865625000000001
0 0.16022352941176468 0.7756875 0.09211764705882351 0.11846875
0 0.3529176470588235 0.8185546875 0.03632941176470588 0.104328125
