0 0.53915625 0.6331458333333333 0.06696875000000001 0.3169166666666667
0 0.46432031249999994 0.6348333333333334 0.112921875 0.3348333333333333
0 0.332046875 0.6383333333333334 0.06709375 0.20954166666666665
0 0.816578125 0.51796875 0.1028125 0.21797916666666664
0 0.23118750000000002 0.6042083333333332 0.03584375 0.17120833333333335
0 0.26253906250000003 0.5707604166666668 0.037890625000000004 0.1673125
0 0.8808984375 0.5244270833333333 0.050953125 0.21922916666666667
0 0.643 0.5266562499999999 0.056906250000000005 0.13556249999999997
0 0.3772031250000001 0.600625 0.01421875 0.137375
0 0.37800781250000004 0.5133229166666666 0.013578125 0.0498125
0 0.3571796875 0.48674999999999996 0.035546875 0.07308333333333333
0 0.9486171875 0.5740416666666667 0.072390625 0.12233333333333334
0 0.4888671875 0.5137291666666666 0.029421875 0.07441666666666666
0 0.4375 0.5739583333333333 0.6843750000000001 0.23958333333333334
