0 0.7406484375 0.0760304449648712 0.044984375 0.10334894613583138
0 0.6402578125 0.06495316159250586 0.032890625 0.12672131147540983
0 0.405453125 0.5125292740046838 0.07375000000000001 0.165807962529274
0 0.1190703125 0.06074941451990632 0.027546875 0.0940983606557377
0 0.16698437500000002 0.06515222482435597 0.02790625 0.07053864168618267
0 0.3231015625 0.048325526932084306 0.046484375 0.05168618266978923
0 0.032234375 0.1 0.04646875 0.06065573770491803
0 0.36775781250000006 0.04608899297423887 0.028671875000000003 0.04215456674473068
0 0.5071484375 0.5321311475409837 0.099203125 0.19269320843091337
0 0.4533046875 0.5326580796252928 0.06270312500000001 0.10686182669789228
0 0.284734375 0.05442622950819673 0.03334375 0.05667447306791569
0 0.19003125 0.04810304449648712 0.0373125 0.09620608899297424
0 0.8012890625000001 0.06420374707259953 0.048640625 0.06995316159250586
0 0.509375 0.05620608899297424 0.978125 0.11241217798594848
