0 0.10750781250000002 0.21727083333333333 0.194703125 0.42212500000000003
0 0.3453671875 0.17240624999999998 0.10157812500000002 0.34481249999999997
0 0.23915625000000001 0.16601041666666666 0.112625 0.3320208333333333
0 0.4456171875 0.15247916666666667 0.12476562499999999 0.30266666666666664
0 0.5605859375 0.11560416666666666 0.100078125 0.230125
0 0.70459375 0.11205208333333333 0.14125000000000001 0.22410416666666666
0 0.7870781250000001 0.11460416666666666 0.11459375000000001 0.22470833333333332
0 0.656109375 0.05552083333333333 0.03871875 0.1065
0 0.8828437500000001 0.09098958333333333 0.0865625 0.1819375
0 0.9772890624999999 0.06782291666666666 0.045421875 0.13564583333333333
0 0.8272890625000001 0.03598958333333333 0.049453125 0.07085416666666666
