0 0.6033203125000001 0.6507494145199063 0.253953125 0.6396252927400469
0 0.9430390625000001 0.795503512880562 0.113921875 0.37751756440281026
0 0.5601796875 0.38799765807962533 0.046671875 0.08634660421545667
0 0.1985 0.467271662763466 0.08153125 0.20470725995316158
0 0.827734375 0.3233957845433255 0.03390625 0.058407494145199065
0 0.482640625 0.3914988290398127 0.06021875 0.07007025761124122
0 0.782875 0.5023536299765808 0.06296875 0.1618032786885246
0 0.7073906249999999 0.1648711943793911 0.0340625 0.07067915690866511
0 0.45855468749999995 0.223231850117096 0.017609375 0.031943793911007025
0 0.9259921875 0.4284777517564403 0.046828125 0.07213114754098361
0 0.8963515625 0.40504683840749417 0.036359375 0.06756440281030446
0 0.26160937500000003 0.3934192037470726 0.040343750000000005 0.07929742388758781
0 0.4466953125 0.38471896955503515 0.047484375 0.07117096018735364
0 0.49921875000000004 0.3044496487119438 0.9984375000000001 0.6088992974238876
