0 0.687096018735363 0.6272187499999999 0.5658548009367682 0.59775
0 0.2654098360655738 0.3471171875 0.21629976580796254 0.282671875
0 0.5646018735362998 0.375921875 0.07866510538641687 0.12321875
0 0.16450819672131148 0.33623437500000003 0.039929742388758786 0.03284375
0 0.12564402810304448 0.3450546875 0.045807962529274 0.041921875
0 0.0601288056206089 0.36142968750000004 0.052341920374707265 0.06917187500000001
0 0.9318384074941451 0.33762500000000006 0.04105386416861827 0.0420625
0 0.803161592505855 0.36465625 0.20918032786885243 0.23543750000000002
0 0.9712295081967213 0.3441953125000001 0.056932084309133484 0.071640625
0 0.9070374707259953 0.3800234375 0.034402810304449645 0.076421875
0 0.8718032786885246 0.33953906250000004 0.03185011709601873 0.038984375
0 0.9052810304449649 0.32760937500000004 0.03833723653395785 0.052875000000000005
0 0.6017213114754099 0.33178124999999997 0.03543325526932085 0.044375
0 0.4496487119437939 0.3765625 0.8946135831381733 0.134375
