0 0.48559375 0.6566510538641686 0.039156250000000004 0.19662763466042152
0 0.5279921875 0.6253629976580796 0.056734375000000004 0.19761124121779858
0 0.41911718750000004 0.6665573770491804 0.062078125 0.21615925058548008
0 0.789875 0.7072833723653396 0.0814375 0.26946135831381735
0 0.3502890625 0.7140983606557376 0.073859375 0.4152693208430913
0 0.2655390625 0.7363700234192038 0.114828125 0.48997658079625295
0 0.6961875000000001 0.6318969555035129 0.0394375 0.1360655737704918
0 0.856578125 0.7244964871194379 0.035625000000000004 0.26117096018735364
0 0.89471875 0.6633957845433255 0.041343750000000005 0.12646370023419204
0 0.68871875 0.6957377049180328 0.07784375 0.3139110070257611
