0 0.7041640625 0.47728125 0.153546875 0.23602083333333335
0 0.45141406250000005 0.49779166666666663 0.183921875 0.3755833333333333
0 0.3846484375 0.41146875 0.055296875 0.13260416666666666
0 0.3630078125 0.5570208333333333 0.31117187500000004 0.3925416666666666
0 0.23250781250000002 0.5219583333333333 0.069390625 0.2514166666666667
0 0.607234375 0.37921874999999994 0.035812500000000004 0.07139583333333334
0 0.7838906250000001 0.45 0.05675 0.13424999999999998
0 0.625 0.50246875 0.24259375 0.2987708333333333
0 0.7708828125 0.59575 0.45823437499999997 0.774125
0 0.1755859375 0.47134375 0.17470312500000001 0.4831875
0 0.8106171875 0.4682083333333333 0.052203124999999996 0.09391666666666666
