0 0.28946875 0.48084905660377353 0.1551875 0.617122641509434
0 0.10867968750000001 0.5696580188679246 0.05657812500000001 0.23596698113207545
0 0.164546875 0.4894103773584905 0.022375000000000003 0.1096698113207547
0 0.48337500000000005 0.460683962264151 0.03765625 0.08429245283018869
0 0.7523515625 0.45261792452830185 0.023515625000000002 0.08325471698113207
0 0.4365390625 0.4921226415094339 0.08195312500000002 0.20509433962264148
0 0.5535234375 0.4462735849056604 0.05951562500000001 0.10174528301886793
0 0.216890625 0.5248584905660377 0.084 0.37410377358490565
0 0.36624218750000004 0.4807075471698113 0.117484375 0.24504716981132077
0 0.9505703125 0.46188679245283015 0.010296875 0.05584905660377358
0 0.5191093750000001 0.45686320754716975 0.025812500000000002 0.0805188679245283
0 0.5840468750000001 0.45255896226415093 0.043687500000000004 0.09441037735849056
0 0.6168593750000001 0.4726650943396226 0.017906250000000002 0.05014150943396226
0 0.7921875 0.5448113207547169 0.17500000000000002 0.20754716981132074
