0 0.9494218750000001 0.6569791666666667 0.10115625 0.41008333333333336
0 0.8863828125 0.63303125 0.05276562500000001 0.2058125
0 0.8614140625000002 0.6106250000000001 0.050234375 0.1545416666666667
0 0.32921875 0.5145416666666667 0.09515625 0.10779166666666667
0 0.5730468750000001 0.5097708333333333 0.030656250000000003 0.10175000000000001
0 0.7477187500000001 0.5260104166666667 0.025 0.06102083333333333
0 0.75609375 0.5320416666666666 0.015875 0.05745833333333333
0 0.6801015625 0.49240625000000005 0.024203125000000002 0.04710416666666666
0 0.45680468750000003 0.523625 0.032953125 0.10962499999999999
0 0.5886796875 0.5121979166666666 0.038015625 0.10656249999999999
