0 0.12215625000000002 0.49472916666666666 0.08428125 0.32358333333333333
0 0.2100546875 0.4706458333333333 0.078140625 0.144375
0 0.3329609375 0.4363333333333333 0.141015625 0.18141666666666667
0 0.7566015625 0.46305208333333336 0.13307812500000002 0.1648125
0 0.42781250000000004 0.43494791666666666 0.0396875 0.14764583333333334
0 0.6320000000000001 0.44399999999999995 0.09993750000000001 0.10408333333333333
0 0.39996875 0.46952083333333333 0.07259375 0.10212500000000001
0 0.5802734375 0.44542708333333336 0.052109375000000006 0.0914375
0 0.0573125 0.4412291666666666 0.05065625000000001 0.17033333333333334
0 0.1615390625 0.37647916666666664 0.033609375000000004 0.07166666666666666
0 0.022632812500000002 0.5683333333333332 0.045265625000000004 0.36487499999999995
0 0.087921875 0.43957291666666665 0.0538125 0.18185416666666668
0 0.39225 0.4071666666666667 0.02521875 0.036375000000000005
0 0.4703125 0.5385416666666667 0.9375 0.40208333333333335
