0 0.7381328125 0.44481395348837205 0.333640625 0.5115813953488372
0 0.37115625 0.8084186046511628 0.24006249999999998 0.38102325581395347
0 0.50353125 0.2651744186046512 0.10418750000000002 0.2831395348837209
0 0.19586718749999998 0.3194186046511628 0.171859375 0.17493023255813953
0 0.1701484375 0.21076744186046512 0.07201562500000001 0.12483720930232559
0 0.085078125 0.2906511627906977 0.150125 0.2868372093023256
0 0.6988359375000001 0.3651976744186046 0.163640625 0.22453488372093022
0 0.654 0.21343023255813953 0.0854375 0.1868139534883721
0 0.8401562500000002 0.16632558139534886 0.104625 0.1562325581395349
0 0.39372656250000004 0.12494186046511628 0.09198437500000001 0.14169767441860465
0 0.097171875 0.9464069767441862 0.18228125 0.08969767441860466
