0 0.5755 0.48880258899676376 0.31131250000000005 0.9776051779935275
0 0.885953125 0.2699029126213592 0.054375 0.16336569579288027
0 0.8266718750000002 0.30898058252427185 0.0665 0.24346278317152106
0 0.7836171875000001 0.3369741100323625 0.038390625000000005 0.14598705501618123
0 0.7063203125 0.27050161812297735 0.056421875 0.09608414239482202
0 0.334171875 0.2842718446601942 0.10200000000000001 0.37080906148867315
0 0.4251796875 0.2860355987055016 0.054359375 0.14637540453074432
0 0.45730468750000003 0.4209546925566343 0.054078125000000005 0.12119741100323626
0 0.7611328125000001 0.2613592233009709 0.036015625 0.10880258899676375
0 0.510375 0.4151132686084143 0.0553125 0.12686084142394824
0 0.392515625 0.4194822006472492 0.06771875000000001 0.13249190938511327
0 0.7204765625 0.3390129449838188 0.053453125000000004 0.11614886731391587
0 0.49096093749999997 0.32467637540453076 0.051421875 0.22857605177993526
0 0.6703125000000001 0.31067961165048547 0.634375 0.31067961165048547
