0 0.20875 0.2685625 0.077625 0.138625
0 0.1423671875 0.22772916666666668 0.070671875 0.16391666666666668
0 0.38386718750000004 0.25127083333333333 0.057890625 0.22733333333333333
0 0.49991406250000003 0.25775 0.050640624999999995 0.148375
0 0.074 0.16764583333333333 0.04346875 0.191
0 0.142421875 0.28539583333333335 0.07584375 0.17079166666666667
0 0.9840781249999999 0.21009375 0.029687500000000002 0.11160416666666667
0 0.047703125000000006 0.15506250000000002 0.028062500000000004 0.17554166666666668
0 0.7633046875 0.10682291666666667 0.031140625 0.07264583333333333
0 0.11962500000000001 0.13426041666666666 0.04121875 0.09964583333333332
0 0.02359375 0.2157291666666667 0.0471875 0.21125000000000002
0 0.9392578125000001 0.82790625 0.121484375 0.34197916666666667
0 0.1008828125 0.11057291666666666 0.029546875 0.06602083333333333
