0 0.7077187500000001 0.8028854166666667 0.073625 0.17127083333333332
0 0.4379921875 0.75309375 0.045015625000000004 0.11164583333333333
0 0.5210546875 0.8694999999999999 0.083453125 0.15166666666666667
0 0.47018750000000004 0.6692395833333333 0.014624999999999999 0.033062499999999995
0 0.420734375 0.6597083333333333 0.02071875 0.03854166666666667
0 0.615546875 0.8511666666666666 0.1151875 0.22716666666666668
0 0.7731328125000001 0.8662708333333333 0.117453125 0.2674583333333333
0 0.570390625 0.7726458333333334 0.0735625 0.12583333333333332
0 0.9399296875000002 0.8642604166666668 0.11429687500000002 0.27147916666666666
0 0.3812265625 0.6899583333333333 0.028234375000000003 0.04070833333333333
0 0.46248437500000006 0.7383020833333334 0.0315 0.0610625
0 0.8188281250000001 0.7992291666666667 0.0543125 0.16441666666666666
0 0.5032265625 0.78740625 0.079078125 0.16952083333333334
0 0.47500000000000003 0.684375 0.9187500000000001 0.17708333333333334
