0 0.12391406250000002 0.8289504716981132 0.041046875000000003 0.14389150943396226
0 0.4685625 0.9100471698113207 0.57634375 0.17990566037735847
0 0.8780625 0.8972759433962264 0.0505 0.20544811320754716
0 0.8268359375 0.8876061320754716 0.048421875 0.14955188679245282
0 0.08634375000000001 0.8516745283018868 0.0416875 0.11235849056603774
0 0.1438515625 0.832806603773585 0.023421875 0.12514150943396227
0 0.37834375 0.8177948113207547 0.03615625 0.10365566037735849
0 0.3868125 0.9345872641509433 0.051437500000000004 0.1308254716981132
0 0.4879375000000001 0.9375353773584905 0.048593750000000005 0.12011792452830188
0 0.519890625 0.8838561320754716 0.029437500000000002 0.12587264150943395
0 0.580875 0.805377358490566 0.040375 0.05599056603773584
0 0.8315859375000001 0.9633608490566038 0.08126562500000001 0.07327830188679245
0 0.74865625 0.8370872641509434 0.031531250000000004 0.11790094339622642
0 0.5007812500000001 0.8431603773584906 0.9953125 0.3089622641509434
