0 0.516328125 0.6662708333333334 0.46759375000000003 0.6674583333333333
0 0.9229687500000001 0.6057395833333333 0.094875 0.18672916666666667
0 0.8664765624999999 0.5185208333333333 0.022734375 0.07533333333333332
0 0.92809375 0.49296875 0.026968750000000003 0.0428125
0 0.67125 0.5193854166666667 0.030125000000000002 0.08397916666666667
0 0.626859375 0.5278437500000001 0.01628125 0.09185416666666667
0 0.6967343750000001 0.5338020833333333 0.0235625 0.08039583333333333
0 0.646109375 0.5072083333333333 0.02425 0.059416666666666666
0 0.8544375 0.5162291666666666 0.0169375 0.08058333333333333
0 0.2026015625 0.5589166666666666 0.024453125000000003 0.049791666666666665
