0 0.67694 0.7928012048192773 0.02176 0.0836144578313253
0 0.62312 0.7956927710843374 0.01344 0.10337349397590362
0 0.6119500000000001 0.7987951807228916 0.01102 0.08596385542168675
0 0.5346700000000001 0.7781024096385543 0.006900000000000001 0.03391566265060241
0 0.66542 0.7936144578313254 0.0156 0.0852409638554217
0 0.99252 0.7997289156626506 0.014960000000000001 0.08481927710843375
0 0.90088 0.7998042168674699 0.01684 0.06539156626506025
0 0.60534 0.7975753012048193 0.011880000000000002 0.07563253012048193
0 0.58066 0.7860090361445783 0.008320000000000001 0.05707831325301205
0 0.59175 0.7939307228915663 0.01898 0.09635542168674699
0 0.55165 0.7709638554216868 0.00902 0.0441566265060241
0 0.5692 0.7977259036144578 0.02164 0.08243975903614459
0 0.26241000000000003 0.7586897590361447 0.011380000000000001 0.041536144578313255
0 0.8220000000000001 0.7906626506024097 0.152 0.09337349397590362
