0 0.77690625 0.4567372881355932 0.02815625 0.15491525423728814
0 0.8038515625000001 0.44501059322033903 0.046171875 0.21684322033898304
0 0.8373671874999999 0.4207521186440678 0.030453124999999998 0.10841101694915255
0 0.8779062499999999 0.39707627118644073 0.025156250000000005 0.09199152542372882
0 0.907375 0.5539300847457627 0.0414375 0.177521186440678
0 0.9501640625000001 0.4845444915254237 0.060390625 0.29315677966101694
0 0.9741406250000001 0.4275635593220339 0.0331875 0.17796610169491525
0 0.8865000000000001 0.41853813559322034 0.04096875 0.10470338983050848
0 0.9925390625000001 0.41602754237288136 0.014921875000000001 0.06641949152542373
0 0.8471171875 0.4657944915254237 0.032078125000000006 0.10010593220338983
0 0.912515625 0.40218220338983046 0.00946875 0.02957627118644068
