0 0.6605781250000001 0.7182435597189696 0.08937500000000001 0.27208430913348947
0 0.1722578125 0.6007142857142858 0.019203125 0.03163934426229508
0 0.5879609375 0.6277751756440281 0.022234375 0.08098360655737705
0 0.3594609375 0.6228571428571428 0.022359375 0.07517564402810305
0 0.6428515625000001 0.6126697892271663 0.014828125000000001 0.05765807962529274
0 0.3225703125 0.5811592505854801 0.011328125000000001 0.04990632318501171
0 0.2721015625 0.6237002341920375 0.017640625 0.07873536299765807
0 0.102640625 0.6262646370023419 0.01128125 0.03515222482435597
0 0.09165625 0.6283957845433255 0.0198125 0.08517564402810304
0 0.1540078125 0.633384074941452 0.014515624999999999 0.06480093676814988
0 0.19867187500000003 0.6154449648711943 0.0144375 0.06381733021077284
0 0.20634375000000002 0.6271545667447307 0.018593750000000003 0.07725995316159251
0 0.34735156250000004 0.5950585480093676 0.008859375000000001 0.01971896955503513
0 0.26015625000000003 0.5971896955503513 0.5171875 0.1686182669789227
