0 0.92890625 0.34398958333333335 0.08631250000000001 0.13564583333333333
0 0.786828125 0.57590625 0.22612500000000002 0.5911041666666667
0 0.82559375 0.22514583333333332 0.06615625000000001 0.15841666666666668
0 0.5875 0.23280208333333333 0.078625 0.15822916666666667
0 0.2990703125 0.28592708333333333 0.043734375 0.08272916666666667
0 0.2687890625 0.23640625 0.024203125000000002 0.059479166666666666
0 0.8791484375 0.20178125 0.050828125 0.09172916666666667
0 0.5176796875 0.31390624999999994 0.067453125 0.09985416666666666
0 0.7873671875000001 0.22441666666666665 0.06092187500000001 0.15458333333333335
0 0.6690234375 0.11409375 0.062921875 0.0890625
0 0.9861093750000001 0.07408333333333333 0.027781250000000004 0.09070833333333334
0 0.9505078124999999 0.27537500000000004 0.070484375 0.108
0 0.507078125 0.1601875 0.04678125 0.09954166666666667
0 0.5 0.21875 0.9968750000000001 0.4125
