0 0.5583060747663551 0.4691875000000001 0.4323130841121495 0.287625
0 0.8985747663551402 0.4025859375 0.1380841121495327 0.127328125
0 0.15259345794392523 0.30067187500000003 0.10415887850467288 0.09990625
0 0.066553738317757 0.3127109375 0.09544392523364485 0.086703125
0 0.5534579439252336 0.3053671875 0.0764018691588785 0.09876562500000001
0 0.2542289719626168 0.3089921875 0.09939252336448597 0.095515625
0 0.46331775700934574 0.278921875 0.06939252336448598 0.12884375
0 0.38505841121495327 0.2583984375 0.0869859813084112 0.148640625
0 0.8420560747663551 0.3368203125 0.11289719626168224 0.221359375
0 0.6258644859813084 0.31950000000000006 0.11168224299065418 0.21721875000000002
0 0.25484813084112146 0.236765625 0.09072429906542055 0.10971875
0 0.1630140186915888 0.214125 0.06841121495327103 0.09875
0 0.11413551401869158 0.23939062499999997 0.0642056074766355 0.12578125
0 0.49999999999999994 0.34218750000000003 0.9953271028037383 0.603125
