0 0.6394453125 0.722537688442211 0.130109375 0.3128140703517588
0 0.11878906250000001 0.4539321608040201 0.097828125 0.3191206030150754
0 0.8541796875000002 0.39949748743718594 0.085484375 0.19869346733668342
0 0.09226562500000002 0.6339195979899498 0.16937500000000003 0.614321608040201
0 0.27195312499999996 0.3981030150753769 0.11281250000000001 0.3808793969849246
0 0.37771875000000005 0.38052763819095475 0.1015625 0.27291457286432164
0 0.45943749999999994 0.3223618090452261 0.0906875 0.24487437185929647
0 0.5513203125 0.5599999999999999 0.099953125 0.2905527638190955
0 0.45747656249999996 0.569748743718593 0.101640625 0.32688442211055274
0 0.5406171875 0.359711055276382 0.090984375 0.2762060301507538
0 0.6294375 0.3525502512562814 0.107625 0.26560301507537687
0 0.17742968750000002 0.38721105527638194 0.09017187500000001 0.2663316582914573
0 0.5453125 0.4748743718592965 0.90625 0.8542713567839196
