0 0.388296875 0.12430062630480165 0.08712500000000001 0.22693110647181627
0 0.705796875 0.15335073068893526 0.06665625 0.22423799582463463
0 0.5476875000000001 0.060438413361169105 0.04365625000000001 0.061503131524008346
0 0.7654609375 0.10319415448851774 0.05567187500000001 0.10283924843423799
0 0.29759375 0.10538622129436326 0.0521875 0.11077244258872651
0 0.4501171875 0.15929018789144048 0.042671875 0.21912317327766176
0 0.624515625 0.08969728601252609 0.0209375 0.06782881002087682
0 0.4918203125 0.04995824634655532 0.049484375000000004 0.07356993736951983
0 0.59 0.0724634655532359 0.0219375 0.04484342379958246
0 0.0348828125 0.15200417536534447 0.060328125 0.23966597077244256
0 0.044039062500000004 0.17845511482254697 0.08807812500000001 0.20392484342379957
