0 0.257875 0.4393208430913349 0.18590625000000002 0.5281030444964872
0 0.5405000000000001 0.43370023419203746 0.19640625 0.7865105386416861
0 0.725171875 0.47234192037470724 0.3268125 0.8239344262295082
0 0.49889062500000003 0.13282201405152225 0.0398125 0.051124121779859484
0 0.39296875000000003 0.20300936768149883 0.11515625000000002 0.26208430913348946
0 0.8270781250000001 0.24655737704918032 0.10687500000000001 0.4122248243559719
0 0.9280468749999999 0.32359484777517566 0.14390624999999999 0.4899063231850117
0 0.20459375000000002 0.22839578454332551 0.08246875000000001 0.14288056206088992
0 0.7736406250000001 0.11011709601873537 0.05096875 0.22023419203747074
0 0.13626562500000003 0.32351288056206084 0.07006250000000001 0.171615925058548
0 0.0902890625 0.2799765807962529 0.062296875 0.11381733021077284
