0 0.711921875 0.4076588235294118 0.1944375 0.7387529411764706
0 0.788390625 0.24255294117647055 0.045000000000000005 0.1264705882352941
0 0.1731015625 0.3393294117647059 0.056703125 0.13931764705882352
0 0.1637734375 0.5101411764705882 0.076265625 0.13063529411764704
0 0.558109375 0.16965882352941175 0.059687500000000004 0.12359999999999999
0 0.42578906250000004 0.24543529411764703 0.015859375000000002 0.09872941176470587
0 0.9545781250000002 0.25237647058823526 0.08965625 0.3132235294117647
0 0.26113281250000003 0.22145882352941176 0.025484375 0.0792470588235294
0 0.1475546875 0.19795294117647055 0.07973437500000001 0.19675294117647057
0 0.8492968750000002 0.12038823529411763 0.048 0.10261176470588235
0 0.9137109375 0.12664705882352942 0.042515625 0.13032941176470586
0 0.8258906250000001 0.2592470588235294 0.07959375 0.18724705882352938
0 0.3808984375 0.336835294117647 0.037484375 0.04938823529411764
0 0.49921875000000004 0.2894117647058823 0.9984375000000001 0.5788235294117646
