0 0.490609375 0.5618607068607069 0.27634375000000005 0.3632224532224533
0 0.4102187500000001 0.6902286902286903 0.03734375 0.08453222453222453
0 0.323125 0.6677858627858629 0.040343750000000005 0.1040956340956341
0 0.966984375 0.6074948024948025 0.06603125 0.5235966735966736
0 0.27744531250000004 0.6711018711018711 0.041265625 0.11538461538461539
0 0.1361796875 0.6024428274428275 0.032484375 0.07839916839916841
0 0.0210703125 0.6002910602910604 0.042140625 0.17164241164241165
0 0.46899218750000005 0.7281496881496882 0.024171875000000002 0.061871101871101876
0 0.4850546875 0.7182848232848233 0.014640624999999999 0.07715176715176715
0 0.5123046875 0.717931392931393 0.020796875000000003 0.06896049896049897
0 0.20651562500000004 0.6221933471933473 0.025687500000000002 0.07632016632016633
0 0.4021796875000001 0.7261122661122661 0.04170312500000001 0.07937629937629938
0 0.29559375 0.6666424116424118 0.02884375 0.09112266112266112
0 0.596875 0.7006237006237006 0.703125 0.2079002079002079
