0 0.3997328244274809 0.8011015625000001 0.06083969465648856 0.13407812500000002
0 0.19879134860050893 0.7499687500000001 0.06704834605597965 0.031468750000000004
0 0.7522264631043257 0.7530859375 0.046183206106870225 0.026453125
0 0.5855852417302799 0.7562500000000001 0.0133587786259542 0.022000000000000002
0 0.5698727735368957 0.756703125 0.01786259541984733 0.022250000000000002
0 0.4718575063613232 0.7543203125 0.017455470737913488 0.025609375000000004
0 0.4395547073791348 0.7556171875000001 0.01692111959287532 0.022203125000000004
0 0.24694656488549624 0.7539765625000001 0.029465648854961835 0.023734375000000002
0 0.3097201017811705 0.755578125 0.031450381679389315 0.022343750000000002
0 0.07393129770992367 0.7995390625000001 0.11972010178117048 0.119359375
0 0.28207379134860056 0.7524140625000001 0.03259541984732825 0.027140625
0 0.9246437659033079 0.7943125000000001 0.0540203562340967 0.11793750000000001
0 0.5139949109414759 0.7484375000000001 0.03053435114503817 0.03125
