0 0.72509375 0.5696640625000001 0.3475625 0.8606718750000001
0 0.5093645833333333 0.6303359375 0.2876458333333333 0.7393281250000001
0 0.08558333333333333 0.5330390625 0.17116666666666666 0.45495312500000007
0 0.0396875 0.6446171875000001 0.079375 0.526390625
0 0.18565625 0.37109375 0.06960416666666666 0.1755625
0 0.9525 0.5991875 0.095 0.37603125000000004
0 0.9607604166666666 0.40453125 0.07847916666666667 0.134875
0 0.9279687499999999 0.3915 0.0620625 0.13025
0 0.37855208333333334 0.3512734375 0.0488125 0.100546875
0 0.36113541666666665 0.3227109375 0.024520833333333332 0.041421875000000004
0 0.23998958333333334 0.31398437500000004 0.03872916666666667 0.041281250000000005
0 0.14354166666666668 0.32053906249999997 0.03654166666666667 0.064578125
0 0.9133541666666666 0.34763281250000005 0.025625000000000002 0.025859375000000004
0 0.5072916666666667 0.35781250000000003 0.79375 0.12187500000000001
