0 0.016710937500000002 0.7738200934579439 0.029703125000000004 0.11394859813084111
0 0.0995703125 0.7940186915887849 0.039390625000000005 0.13901869158878505
0 0.1472109375 0.7878271028037382 0.04070312500000001 0.13411214953271028
0 0.1826484375 0.7459579439252335 0.018203125 0.06640186915887851
0 0.167203125 0.7503271028037383 0.01246875 0.0689252336448598
0 0.23967968750000002 0.8209345794392522 0.037171875 0.16542056074766354
0 0.20734375 0.7463200934579439 0.00871875 0.0744626168224299
0 0.41990625000000004 0.8147429906542056 0.037937500000000006 0.17214953271028038
0 0.9428593749999999 0.8077570093457943 0.02978125 0.15023364485981305
0 0.608484375 0.795268691588785 0.029375000000000002 0.17824766355140187
0 0.065296875 0.8019509345794392 0.0331875 0.17039719626168226
0 0.8792421874999999 0.7793341121495326 0.030609375 0.10581775700934579
0 0.6220390625000001 0.7181074766355139 0.007609375000000001 0.035420560747663546
0 0.47968750000000004 0.7745327102803737 0.9343750000000001 0.21728971962616822
