0 0.0902421875 0.4724590163934427 0.115359375 0.3048770491803279
0 0.46274218749999996 0.4522950819672131 0.120390625 0.3096311475409836
0 0.5932421874999999 0.5690368852459017 0.116515625 0.5265983606557377
0 0.6583125000000001 0.40535860655737704 0.07184375 0.2103893442622951
0 0.7159296875000001 0.5839036885245902 0.122734375 0.5238729508196722
0 0.75084375 0.37782786885245906 0.06475 0.19680327868852462
0 0.799828125 0.5085450819672132 0.11103125000000001 0.44766393442622954
0 0.3441796875 0.45636270491803277 0.130703125 0.2893647540983607
0 0.9048046875000001 0.532827868852459 0.10423437499999999 0.46954918032786885
0 0.24090625000000002 0.47285860655737705 0.11368750000000001 0.2814959016393443
