0 0.3376056338028169 0.7106796875 0.2768544600938967 0.435953125
0 0.5628051643192489 0.2607890625 0.0937793427230047 0.056609374999999997
0 0.25785211267605634 0.280234375 0.11068075117370892 0.051062500000000004
0 0.9330399061032865 0.1336328125 0.12016431924882628 0.068734375
0 0.1897887323943662 0.13814062500000002 0.10356807511737089 0.07303125
0 0.1228755868544601 0.1465 0.1265023474178404 0.08375
0 0.0389906103286385 0.15725781250000004 0.07671361502347418 0.065546875
0 0.4965140845070422 0.15613281250000002 0.09598591549295775 0.12132812500000001
0 0.8654107981220657 0.09708593750000001 0.07025821596244132 0.076921875
0 0.4081220657276995 0.039156250000000004 0.08643192488262912 0.07487500000000001
0 0.33105633802816903 0.047859375 0.10065727699530518 0.08065625
0 0.9402464788732395 0.09026562500000002 0.08133802816901409 0.07921875
0 0.04071596244131455 0.2832890625 0.0814319248826291 0.05801562500000001
0 0.45422535211267606 0.10859375 0.9084507042253521 0.2171875
