0 0.0517890625 0.4042622950819672 0.075890625 0.2447775175644028
0 0.140359375 0.39344262295081966 0.05934375 0.24028103044496485
0 0.384859375 0.38449648711943796 0.15078125 0.5843091334894613
0 0.42692968750000004 0.4429625292740047 0.07370312500000001 0.29374707259953164
0 0.9257109375000001 0.5255737704918033 0.090609375 0.3573302107728338
0 0.6191796875 0.4202693208430913 0.047515625000000006 0.1548711943793911
0 0.8135937500000001 0.4316393442622951 0.03325 0.19709601873536298
0 0.738625 0.4138056206088993 0.04434375 0.1968384074941452
0 0.5046015625 0.4465222482435598 0.026359375000000004 0.11281030444964872
0 0.8317109375000001 0.4286182669789227 0.035484375000000005 0.2219672131147541
0 0.49799218749999996 0.3975995316159251 0.042046875000000004 0.14508196721311475
0 0.7032343750000001 0.3770608899297424 0.023031250000000003 0.11740046838407495
0 0.27355468750000006 0.41661592505854794 0.067859375 0.212903981264637
0 0.353125 0.4016393442622951 0.70625 0.2505854800936768
