0 0.11222656250000002 0.6133437500000001 0.031578125000000005 0.12389583333333333
0 0.279 0.6444062499999998 0.04490625 0.1751458333333333
0 0.23543749999999997 0.6086458333333334 0.035187500000000003 0.11916666666666667
0 0.2147109375 0.5855520833333333 0.016640625000000003 0.06564583333333333
0 0.5784765625 0.5673645833333334 0.038234375 0.0535625
0 0.5667500000000001 0.26068749999999996 0.048343750000000005 0.07525
0 0.5424375 0.5660625 0.0495625 0.06008333333333333
0 0.1513828125 0.6074375 0.033515625 0.127625
0 0.3920234375 0.2779270833333333 0.043546875000000006 0.04697916666666667
0 0.6801015625 0.5620729166666667 0.029453125000000004 0.06472916666666667
0 0.9506953125 0.5585208333333332 0.022828125 0.08029166666666666
0 0.7219375000000001 0.5662083333333334 0.042343750000000006 0.0455
0 0.6702265625 0.29826041666666664 0.021453125000000003 0.0408125
