0 0.34180468750000004 0.5291391509433963 0.013546875 0.025919811320754715
0 0.6641953125000001 0.8189150943396227 0.010671875 0.02915094339622641
0 0.306015625 0.8027594339622641 0.0133125 0.020754716981132078
0 0.248640625 0.9441037735849056 0.014156250000000002 0.0475
0 0.1415625 0.9097995283018867 0.01253125 0.03540094339622641
0 0.8978359374999999 0.7845990566037735 0.016578125 0.03372641509433962
0 0.4540625 0.7796344339622641 0.022343750000000002 0.028089622641509434
0 0.10705468749999998 0.4063561320754717 0.011546875 0.024457547169811317
0 0.37242187500000007 0.490625 0.01021875 0.027004716981132073
0 0.88671875 0.4155660377358491 0.018593750000000003 0.014669811320754716
