0 0.7525468750000001 0.7692470588235294 0.033531250000000005 0.08908235294117646
0 0.37700781250000004 0.6119176470588235 0.011171875000000001 0.045576470588235295
0 0.420296875 0.9628588235294117 0.0391875 0.07268235294117646
0 0.46951562500000005 0.9819882352941175 0.029843750000000002 0.033341176470588235
0 0.6004843750000001 0.9627294117647058 0.040781250000000005 0.07223529411764705
0 0.7677734375 0.9483176470588234 0.064171875 0.10336470588235293
0 0.31253906249999996 0.7416117647058823 0.035484375000000005 0.06825882352941176
0 0.4035078125 0.6094117647058823 0.014765625 0.053411764705882346
0 0.025484375 0.6544117647058822 0.01865625 0.06463529411764705
0 0.3624375 0.6024470588235294 0.009625000000000002 0.0528
0 0.317453125 0.9542470588235293 0.04925 0.09112941176470586
0 0.35678125000000005 0.9615529411764704 0.031656250000000004 0.07689411764705882
0 0.39759375 0.603035294117647 0.00809375 0.05651764705882353
0 0.53515625 0.7505882352941176 0.8609375 0.4941176470588235
