0 0.1876171875 0.5639953271028036 0.158390625 0.5687383177570092
0 0.39749218750000004 0.5056191588785046 0.154796875 0.5033878504672896
0 0.498546875 0.5799532710280374 0.09940625 0.5135046728971963
0 0.7792890625000001 0.5758411214953271 0.14379687500000002 0.5426168224299065
0 0.73503125 0.4850584112149533 0.10415625 0.3800233644859813
0 0.057484375000000004 0.3532943925233644 0.0323125 0.0761214953271028
0 0.27229687500000005 0.354696261682243 0.017781250000000002 0.09733644859813083
0 0.295796875 0.3619859813084112 0.023625 0.10093457943925234
0 0.009546875000000002 0.38682242990654203 0.019093750000000003 0.11425233644859811
0 0.0743203125 0.3264485981308411 0.020390625000000002 0.05023364485981308
0 0.353125 0.3662383177570093 0.018968750000000003 0.10425233644859812
0 0.13417187500000002 0.37505841121495326 0.02059375 0.062032710280373826
0 0.3066328125 0.37504672897196256 0.017984375 0.0764018691588785
