0 0.722421875 0.8247306791569086 0.14553125 0.3505386416861827
0 0.9422890625000001 0.8157259953161592 0.11542187500000001 0.3595550351288056
0 0.5705625000000001 0.74423887587822 0.055843750000000004 0.14679156908665106
0 0.05033593750000001 0.8648594847775176 0.10067187500000002 0.24550351288056205
0 0.8583359375000001 0.85596018735363 0.130609375 0.28807962529274006
0 0.20269531250000006 0.8567564402810305 0.17289062500000002 0.2864871194379391
0 0.5862890625 0.9220374707259953 0.046328125 0.06557377049180328
0 0.25867968750000003 0.8723302107728338 0.124203125 0.2553395784543325
0 0.343484375 0.9079625292740047 0.08146875 0.18407494145199063
0 0.4932265625000001 0.7262880562060889 0.033890625 0.049063231850117094
0 0.6395546875 0.8763700234192038 0.08604687500000001 0.2472599531615925
0 0.5198203125000002 0.9554098360655738 0.21395312500000002 0.08918032786885245
0 0.43128125 0.8939929742388759 0.09262500000000001 0.21201405152224825
0 0.41250000000000003 0.8208430913348946 0.821875 0.28805620608899296
