0 0.8598515624999999 0.96234375 0.031296875 0.07531249999999999
0 0.185640625 0.7218854166666666 0.02746875 0.0791875
0 0.20687500000000003 0.7230000000000001 0.022625000000000003 0.06629166666666667
0 0.125796875 0.8101145833333333 0.045312500000000006 0.0559375
0 0.053875000000000006 0.6235625 0.0245625 0.057291666666666664
0 0.7886328125000001 0.6474375000000001 0.025328125000000003 0.08820833333333333
0 0.6498984375000001 0.55184375 0.019078125 0.07139583333333334
0 0.9212578124999999 0.7285625000000001 0.022828125 0.079625
0 0.7862734375000001 0.7291145833333333 0.026734375 0.0754375
0 0.2685078125 0.9266666666666665 0.037953125000000004 0.060250000000000005
0 0.7788515625000001 0.46713541666666664 0.017484375 0.0634375
0 0.8057656250000002 0.6330520833333333 0.0194375 0.07777083333333333
0 0.8774375000000001 0.4928854166666667 0.018562500000000003 0.07122916666666666
0 0.54921875 0.4552083333333333 0.8984375 0.7479166666666667
