0 0.22214062500000004 0.6274282296650717 0.07968750000000001 0.2900239234449761
0 0.11950000000000001 0.574988038277512 0.06446875 0.18935406698564594
0 0.8274531249999999 0.5543062200956937 0.0505625 0.17229665071770334
0 0.716546875 0.5572248803827752 0.024875 0.11808612440191386
0 0.0461328125 0.5644856459330143 0.035359375 0.1838516746411483
0 0.070359375 0.5651913875598086 0.034281250000000006 0.14770334928229664
0 0.18497656250000002 0.5285526315789474 0.010984375000000001 0.08504784688995214
0 0.1644140625 0.5445334928229665 0.028765625000000003 0.06940191387559809
0 0.27382812500000003 0.5330502392344497 0.02521875 0.1027511961722488
0 0.28838281250000003 0.5051076555023923 0.014140625000000002 0.031746411483253585
0 0.1922578125 0.5255143540669857 0.008359375 0.03657894736842105
