0 0.92976 0.5202666666666667 0.12708 0.28650666666666663
0 0.13813 0.6091866666666667 0.14986000000000002 0.6697866666666666
0 0.44414000000000003 0.4437733333333333 0.04784000000000001 0.15837333333333334
0 0.25444 0.43213333333333337 0.0358 0.07744
0 0.39433999999999997 0.43427999999999994 0.02264 0.06967999999999999
0 0.36073 0.42750666666666665 0.01342 0.03581333333333333
0 0.23332999999999998 0.4261466666666667 0.011380000000000001 0.051120000000000006
0 0.8136800000000001 0.5469066666666667 0.12944 0.38848
0 0.5281 0.41303999999999996 0.014960000000000001 0.036906666666666664
0 0.47412000000000004 0.43924 0.01716 0.06967999999999999
0 0.76334 0.47717333333333334 0.07100000000000001 0.20704
