0 0.3761640625 0.6295119047619048 0.30595312500000005 0.7162142857142858
0 0.6754218750000001 0.5123571428571428 0.16515625 0.8224761904761906
0 0.58646875 0.3589285714285715 0.09578125 0.3515714285714286
0 0.93578125 0.23820238095238097 0.1284375 0.3955000000000001
0 0.5233125 0.27775000000000005 0.08759375000000001 0.3957857142857143
0 0.448078125 0.19592857142857142 0.09953125000000002 0.23228571428571432
0 0.248453125 0.2680476190476191 0.10128124999999999 0.3190476190476191
0 0.196140625 0.30214285714285716 0.076625 0.3991904761904762
0 0.3670390625 0.26321428571428573 0.131609375 0.1950952380952381
0 0.027546875 0.3114166666666667 0.05509375 0.3673571428571429
0 0.5821015625 0.1685357142857143 0.049703125 0.07854761904761906
0 0.8365703125 0.5337857142857143 0.16257812500000002 0.7860476190476191
0 0.786546875 0.2835952380952381 0.10690625000000001 0.30080952380952386
0 0.20468750000000002 0.2833333333333334 0.3375 0.42380952380952386
