0 0.6572968750000001 0.603375 0.0505625 0.22695833333333332
0 0.5541015625 0.705 0.09776562500000001 0.301375
0 0.34321875 0.7008541666666667 0.0845625 0.27058333333333334
0 0.227890625 0.6305312500000001 0.05390625 0.16139583333333332
0 0.9654921875 0.5533333333333333 0.033609375000000004 0.104375
0 0.270703125 0.5849583333333332 0.0324375 0.119125
0 0.298015625 0.6242083333333334 0.0383125 0.13979166666666665
0 0.0884921875 0.72075 0.095953125 0.285125
0 0.8166953124999999 0.58765625 0.033390625 0.14327083333333332
0 0.43482812500000007 0.7258437499999999 0.094375 0.37302083333333336
0 0.5677265625 0.5862604166666666 0.014546875 0.05714583333333333
0 0.720171875 0.64309375 0.06434375 0.20810416666666667
0 0.5609375 0.6583333333333333 0.875 0.3458333333333333
