0 0.48639843750000006 0.32658018867924526 0.029859375 0.06891509433962263
0 0.6891171875000001 0.40594339622641507 0.038203125000000004 0.05764150943396226
0 0.5945078125 0.2367452830188679 0.035828125 0.05660377358490566
0 0.618859375 0.2659433962264151 0.016375 0.044575471698113205
0 0.6392890625000001 0.25834905660377355 0.026765625 0.04410377358490566
0 0.7939296874999999 0.2839504716981132 0.041671875000000004 0.06601415094339622
0 0.89765625 0.38840801886792453 0.036687500000000005 0.05087264150943396
0 0.545921875 0.5705896226415095 0.15962500000000002 0.2844339622641509
0 0.344078125 0.6365094339622641 0.141375 0.19816037735849054
0 0.456234375 0.36068396226415095 0.028812500000000005 0.07952830188679244
0 0.31159375000000006 0.3049292452830189 0.02759375 0.04533018867924528
0 0.353984375 0.358691037735849 0.02953125 0.06049528301886792
0 0.47928906250000003 0.2202358490566038 0.043796875000000006 0.07839622641509435
0 0.5 0.3761792452830188 0.9968750000000001 0.7523584905660377
