0 0.27971874999999996 0.5752149321266969 0.0169375 0.07938914027149323
0 0.6495000000000001 0.5662895927601811 0.035687500000000004 0.07190045248868779
0 0.39687500000000003 0.5746266968325793 0.00971875 0.04169683257918552
0 0.447796875 0.5574773755656108 0.03893750000000001 0.06667420814479638
0 0.494765625 0.5771719457013574 0.04321875 0.09733031674208147
0 0.5264140625 0.5967986425339368 0.034453125 0.13183257918552038
0 0.44598437500000004 0.5394909502262444 0.04284375000000001 0.06925339366515837
0 0.3356328125 0.5837443438914027 0.029921875 0.09771493212669684
0 0.37341406250000003 0.5762217194570136 0.010734375 0.045520361990950234
0 0.296515625 0.5706334841628959 0.0185 0.07850678733031675
