0 0.16428125 0.6682786885245902 0.25109375 0.6473302107728338
0 0.4584218750000001 0.3844028103044496 0.11046875 0.42365339578454336
0 0.76553125 0.30837236533957846 0.078875 0.24100702576112412
0 0.8292656250000001 0.2824707259953162 0.0689375 0.18864168618266977
0 0.2781171875 0.33228337236533956 0.050234375 0.1264871194379391
0 0.2158359375 0.2865807962529274 0.039109375 0.14163934426229507
0 0.0490234375 0.4237587822014051 0.04851562500000001 0.18180327868852458
0 0.63675 0.22868852459016395 0.07178125 0.15943793911007026
0 0.037296875 0.33932084309133487 0.030687500000000003 0.10088992974238875
0 0.10032031250000001 0.3285714285714286 0.056609374999999997 0.09002341920374707
