0 0.4372421875 0.3903521126760564 0.096453125 0.3924413145539906
0 0.34702343750000003 0.4898943661971831 0.113671875 0.2921361502347418
0 0.737421875 0.30674882629107986 0.03290625 0.2719014084507042
0 0.051140624999999995 0.43927230046948357 0.100125 0.417887323943662
0 0.6954687500000001 0.4492488262910798 0.2401875 0.4349765258215963
0 0.803984375 0.42022300469483564 0.10321875000000001 0.41349765258215965
0 0.9574218750000001 0.39836854460093896 0.08515625 0.46570422535211264
0 0.23678906250000004 0.487793427230047 0.10482812500000001 0.3032394366197183
0 0.15866406249999998 0.48409624413145547 0.092265625 0.3165023474178404
0 0.9400234375000001 0.3551760563380282 0.039421875 0.35312206572769955
0 0.47761718750000004 0.47242957746478875 0.033828125 0.22542253521126762
