0 0.298359375 0.6044974226804124 0.1008125 0.4359536082474227
0 0.5994609375 0.5495489690721649 0.09323437500000001 0.19332474226804125
0 0.509796875 0.42811855670103094 0.009125 0.06020618556701031
0 0.48520312499999996 0.4397164948453608 0.020125000000000004 0.0863917525773196
0 0.4371250000000001 0.40869845360824747 0.01396875 0.03213917525773196
0 0.4579296875 0.40886597938144326 0.016421875 0.03932989690721649
0 0.25978125 0.4081701030927835 0.01071875 0.023556701030927836
0 0.501703125 0.4115721649484536 0.005625000000000001 0.036340206185567006
0 0.52125 0.405451030927835 0.007875 0.030902061855670102
0 0.26723437499999997 0.40788659793814436 0.0074687500000000006 0.02505154639175258
