0 0.8663203125000001 0.70809375 0.170203125 0.5758125
0 0.659765625 0.7298958333333333 0.06565625000000001 0.32216666666666666
0 0.7558671875 0.6831666666666667 0.08235937500000001 0.4095416666666667
0 0.9466406250000001 0.70740625 0.063875 0.5161458333333333
0 0.8012968750000001 0.5460312500000001 0.0305625 0.1006875
0 0.721984375 0.68384375 0.04496875 0.3691875
0 0.4674140625 0.6438645833333333 0.063578125 0.35685416666666664
0 0.8332968750000002 0.47642708333333333 0.045562500000000006 0.0640625
0 0.47963281250000006 0.6079270833333333 0.08957812500000001 0.44947916666666665
0 0.537203125 0.6657604166666666 0.045500000000000006 0.4360208333333333
0 0.5735859375000001 0.6934062500000001 0.11595312499999999 0.4404791666666667
