0 0.1971171875 0.41433333333333333 0.162015625 0.3536111111111111
0 0.190390625 0.306375 0.07978125000000001 0.17802777777777778
0 0.354890625 0.3748611111111111 0.07746875 0.1305
0 0.5597109375 0.388375 0.032296875 0.05775
0 0.8523359375 0.5364305555555556 0.232671875 0.3899166666666667
0 0.6650781250000001 0.535125 0.1509375 0.43141666666666667
0 0.7067656250000001 0.3229166666666667 0.07884375 0.17077777777777778
0 0.29255468749999997 0.7235000000000001 0.09398437500000001 0.35900000000000004
0 0.4803359375 0.8831388888888889 0.20223437500000002 0.22922222222222222
0 0.6289296875 0.3154722222222222 0.10839062500000002 0.2122777777777778
0 0.1510546875 0.9123611111111111 0.302109375 0.14833333333333334
0 0.3678359375 0.11236111111111112 0.083421875 0.10338888888888889
