0 0.5858828125000001 0.7762323943661971 0.100515625 0.2090845070422535
0 0.6693359375000001 0.17252347417840377 0.037171875 0.16955399061032866
0 0.7066171875 0.13264084507042254 0.044234375 0.1178169014084507
0 0.7366875 0.22688967136150234 0.03703125 0.10213615023474178
0 0.73990625 0.1604929577464789 0.04496875 0.15230046948356807
0 0.7739921875000001 0.181924882629108 0.027921875000000002 0.198075117370892
0 0.7900234374999999 0.2053286384976526 0.049296875000000004 0.19849765258215962
0 0.84215625 0.21696009389671364 0.045187500000000005 0.21481220657276998
0 0.877140625 0.2538262910798122 0.07868750000000001 0.24323943661971834
0 0.8217343750000001 0.21839201877934272 0.029937500000000002 0.19509389671361502
0 0.6291718749999999 0.16198356807511735 0.046968750000000004 0.17514084507042255
0 0.5881171875000001 0.16463615023474176 0.032953125 0.1773004694835681
0 0.9678437500000001 0.2608920187793427 0.0643125 0.2596244131455399
0 0.47890625000000003 0.22535211267605634 0.9546875 0.3427230046948357
