0 0.51834375 0.48905152224824355 0.21990625000000003 0.6009133489461358
0 0.93396875 0.35461358313817326 0.06003125000000001 0.23672131147540984
0 0.8185390625000001 0.3518266978922717 0.059671875 0.31203747072599536
0 0.9223593750000001 0.2441686182669789 0.03396875 0.09334894613583138
0 0.0547578125 0.2655620608899298 0.044015625 0.23173302107728339
0 0.10926562500000002 0.3253864168618267 0.05971875 0.3316627634660422
0 0.5838515624999999 0.246768149882904 0.063171875 0.16679156908665105
0 0.6384375000000001 0.27389929742388763 0.04278125 0.12686182669789228
0 0.7696875 0.32206088992974236 0.034625 0.23002341920374708
0 0.1981015625 0.3845784543325527 0.09076562500000002 0.41510538641686184
0 0.9836796875 0.30177985948477754 0.032453125 0.21283372365339578
0 0.7202500000000001 0.3065456674473068 0.07409375 0.23168618266978924
0 0.453125 0.31030444964871196 0.8625 0.40046838407494145
