0 0.2292109375 0.5355833333333333 0.23595312499999999 0.6764166666666667
0 0.5027890625 0.58384375 0.10392187500000001 0.33672916666666663
0 0.539140625 0.4670416666666667 0.19584375 0.6138750000000001
0 0.6558515625000001 0.41873958333333333 0.099078125 0.21627083333333333
0 0.8189531250000001 0.38029166666666664 0.10621875000000001 0.3172083333333333
0 0.7633593750000001 0.2812395833333333 0.0498125 0.16685416666666666
0 0.6535390625000002 0.25965625 0.034296875 0.13185416666666666
0 0.26713281250000004 0.25505208333333335 0.032015625 0.11010416666666667
0 0.917515625 0.24346874999999998 0.0204375 0.06939583333333334
0 0.4926875 0.2577291666666667 0.0240625 0.11104166666666666
0 0.9483750000000001 0.25140625 0.02090625 0.04814583333333333
0 0.230421875 0.2102604166666667 0.01928125 0.0770625
0 0.165921875 0.17712500000000003 0.026781250000000003 0.06845833333333333
0 0.6140625000000001 0.253125 0.76875 0.21041666666666667
