0 0.8598359375 0.5231381733021078 0.019484375 0.059718969555035126
0 0.9556953125000001 0.5194847775175644 0.025109375000000003 0.0794847775175644
0 0.8262499999999999 0.5370843091334894 0.053093749999999995 0.08231850117096018
0 0.4571875000000001 0.5084777517564403 0.05425 0.09367681498829039
0 0.1994453125 0.46600702576112407 0.023390625 0.06311475409836065
0 0.4795312500000001 0.37083138173302105 0.01421875 0.04194379391100703
0 0.8793437500000002 0.37021077283372367 0.01621875 0.0405152224824356
0 0.98196875 0.48730679156908663 0.0360625 0.1606088992974239
0 0.5166484375 0.37156908665105387 0.015484375000000002 0.024121779859484778
0 0.3249296875 0.4716627634660421 0.064265625 0.11948477751756441
0 0.3653203125 0.5091451990632319 0.043734375 0.07088992974238875
0 0.9322265625 0.37822014051522246 0.024234375000000002 0.03592505854800937
