0 0.6509733333333333 0.5249300000000001 0.6980533333333333 0.90134
0 0.55908 0.59187 0.15496 0.16134
0 0.2329333333333333 0.52102 0.02912 0.04592
0 0.23245333333333332 0.57001 0.03328 0.03886
0 0.29630666666666666 0.5063599999999999 0.02216 0.03004
0 0.47156 0.49294 0.07261333333333334 0.050280000000000005
0 0.16598666666666664 0.5799099999999999 0.05058666666666666 0.033299999999999996
0 0.34657333333333334 0.56096 0.16824 0.09895999999999999
0 0.08401333333333333 0.5979300000000001 0.06706666666666666 0.05722
0 0.19902666666666663 0.58016 0.03885333333333333 0.03528
0 0.043399999999999994 0.5772999999999999 0.023973333333333333 0.02576
0 0.5407066666666667 0.51041 0.03528 0.0177
0 0.46374666666666664 0.61011 0.12221333333333333 0.17974
0 0.49866666666666665 0.56 0.9973333333333333 0.776
