0 0.466125 0.6249583333333334 0.10871875 0.47491666666666665
0 0.5254765625 0.6045416666666666 0.054203125 0.41670833333333335
0 0.5823984375000001 0.6021458333333333 0.10157812500000002 0.34312499999999996
0 0.8455390625 0.6299583333333333 0.127046875 0.5262916666666667
0 0.9429375000000001 0.57146875 0.11075 0.48543749999999997
0 0.6938046875 0.45311458333333327 0.041046875000000003 0.0754375
0 0.8989609375000001 0.7405208333333333 0.201265625 0.5189583333333333
0 0.8601953125 0.45879166666666665 0.029359375 0.035375000000000004
0 0.6850625 0.44145833333333334 0.0308125 0.09195833333333334
0 0.7395234375 0.66196875 0.21401562500000001 0.6760625
