0 0.252796875 0.4058958333333333 0.022093750000000002 0.06241666666666667
0 0.43739062500000003 0.38085416666666666 0.01634375 0.10162500000000001
0 0.8120000000000002 0.41219791666666666 0.038125 0.0570625
0 0.14779687500000002 0.31509375 0.0295 0.05314583333333334
0 0.17785937500000001 0.3032291666666666 0.01728125 0.043541666666666666
0 0.0519609375 0.32796875000000003 0.023484375000000002 0.06835416666666667
0 0.28485156250000004 0.38282291666666673 0.021671875 0.03835416666666667
0 0.30502343750000005 0.38229166666666664 0.019703125000000002 0.02420833333333333
0 0.26960937500000004 0.29232291666666665 0.01171875 0.0366875
0 0.1106484375 0.3489166666666667 0.022453125 0.043583333333333335
0 0.733125 0.39046875000000003 0.01990625 0.0375625
