0 0.6152734375 0.6321767241379311 0.147921875 0.6591810344827587
0 0.7483203125000001 0.6517780172413792 0.136765625 0.6623491379310344
0 0.920171875 0.24563577586206894 0.027312500000000003 0.13558189655172412
0 0.842078125 0.22260775862068963 0.026968750000000003 0.08547413793103448
0 0.9483046875 0.24451508620689655 0.032578125000000006 0.11528017241379311
0 0.8743281249999999 0.24169181034482762 0.031718750000000004 0.12105603448275862
0 0.6995859375000001 0.20387931034482756 0.021609375 0.034913793103448276
0 0.8366328125 0.10945043103448275 0.020796875000000003 0.040323275862068964
0 0.11166406250000001 0.2873060344827586 0.046671875 0.2093103448275862
0 0.7458750000000001 0.19636853448275865 0.036875000000000005 0.06704741379310344
