0 0.5185468750000001 0.7377138643067847 0.11171875 0.3540117994100295
0 0.724265625 0.8154867256637167 0.1341875 0.2103244837758112
0 0.702921875 0.5702802359882005 0.041906250000000006 0.07365781710914454
0 0.16790625000000003 0.7164896755162242 0.06443750000000001 0.20294985250737463
0 0.41927343750000007 0.2831858407079646 0.037640625000000004 0.16530973451327433
0 0.46335156250000004 0.2747935103244838 0.039984375 0.11460176991150443
0 0.4801015625 0.20038348082595872 0.048046875 0.1447787610619469
0 0.30531250000000004 0.5123598820058997 0.02975 0.06294985250737463
0 0.11285937500000001 0.4355162241887906 0.036187500000000004 0.07705014749262537
0 0.3866875000000001 0.40361356932153397 0.04284375000000001 0.07460176991150443
0 0.5588671875 0.42971976401179945 0.029171875000000003 0.039262536873156346
0 0.7161484375000001 0.3670796460176991 0.033328125 0.10460176991150442
0 0.48153124999999997 0.668834808259587 0.04403125 0.24156342182890855
0 0.49921875000000004 0.46017699115044247 0.9984375000000001 0.9203539823008849
