0 0.8175625000000001 0.6289791183294664 0.29653125 0.7420417633410672
0 0.288046875 0.27261020881670533 0.01190625 0.0191415313225058
0 0.29915624999999996 0.25470997679814383 0.014000000000000002 0.031600928074245936
0 0.603046875 0.19696055684454752 0.0169375 0.03679814385150812
0 0.8901249999999999 0.1681670533642691 0.01334375 0.022877030162412992
0 0.7490859375 0.21751740139211137 0.018609375 0.040881670533642694
0 0.7893515625 0.19900232018561487 0.009828125 0.030069605568445477
0 0.7968359375 0.1275754060324826 0.008984375000000001 0.028747099767981437
0 0.8094687500000002 0.17806264501160093 0.01678125 0.027447795823665893
0 0.7488984375 0.1818793503480278 0.019421875 0.024037122969837586
0 0.67471875 0.21222737819025522 0.013281250000000001 0.02385150812064965
0 0.6680703125 0.1769489559164733 0.011171875000000001 0.0228538283062645
0 0.8845000000000001 0.06588167053364269 0.014281250000000002 0.04573085846867749
0 0.51015625 0.15661252900232017 0.9765625 0.29466357308584684
