0 0.7870781250000001 0.5539375 0.2460625 0.8606666666666667
0 0.9116718750000001 0.14516666666666667 0.17665625000000001 0.23795833333333333
0 0.35309375000000004 0.49663541666666666 0.23090625 0.7460625000000001
0 0.5117265625 0.271375 0.08051562500000001 0.14987499999999998
0 0.204109375 0.4392291666666666 0.11293750000000001 0.4675
0 0.20817187500000003 0.2253125 0.08603125 0.12483333333333334
0 0.09848437500000001 0.39667708333333335 0.035812500000000004 0.16039583333333332
0 0.14277343750000002 0.3686041666666667 0.041765625 0.15975
0 0.03309375 0.42378125 0.0661875 0.4985208333333333
0 0.673671875 0.24094791666666668 0.08034375 0.20681249999999998
0 0.076890625 0.35322916666666665 0.017875 0.09704166666666666
0 0.122546875 0.33315625 0.01803125 0.04635416666666667
