0 0.3469375 0.8874375 0.0735625 0.225125
0 0.4666953125 0.8722395833333333 0.071890625 0.25552083333333336
0 0.55365625 0.87415625 0.07246875000000001 0.22922916666666668
0 0.5825078125 0.8724583333333333 0.023421875 0.12883333333333333
0 0.6172265625000001 0.8362708333333334 0.019109375 0.08091666666666668
0 0.17314062500000002 0.8423645833333334 0.034281250000000006 0.1254375
0 0.0668828125 0.8482916666666667 0.021828125000000004 0.139875
0 0.08126562500000001 0.8687916666666666 0.0344375 0.14683333333333334
0 0.0355703125 0.8701458333333334 0.044953125000000003 0.13925
0 0.6504140625 0.84703125 0.025578125000000004 0.11564583333333332
0 0.016710937500000002 0.8495833333333332 0.033421875000000004 0.1475
0 0.20960156250000003 0.84403125 0.023015625 0.10810416666666667
0 0.30452343750000005 0.80328125 0.022046875 0.04402083333333333
0 0.39687500000000003 0.8427083333333333 0.721875 0.12291666666666666
