0 0.54556 0.5828399999999999 0.16829333333333332 0.38076
0 0.24015999999999998 0.5225 0.08304 0.14216
0 0.02064 0.45921 0.01888 0.02978
0 0.06914666666666666 0.45434 0.008426666666666667 0.0206
0 0.10454666666666666 0.46337 0.01576 0.0313
0 0.27241333333333334 0.45238 0.00776 0.01428
0 0.08258666666666666 0.45619 0.010773333333333333 0.02354
0 0.035706666666666664 0.45618000000000003 0.021386666666666665 0.017079999999999998
0 0.06002666666666666 0.45859 0.01232 0.02206
0 0.9179599999999999 0.45212 0.010426666666666667 0.0054800000000000005
0 0.9063333333333333 0.45841 0.012826666666666665 0.01966
0 0.05533333333333333 0.45436000000000004 0.0104 0.021079999999999998
0 0.00592 0.46165999999999996 0.01184 0.02764
0 0.49466666666666664 0.385 0.76 0.438
