0 0.5775 0.6925390625000001 0.20320833333333335 0.164828125
0 0.9124687499999999 0.23020312500000004 0.043604166666666666 0.02975
0 0.5451041666666667 0.29546875000000006 0.04883333333333333 0.03765625
0 0.5151041666666667 0.2823203125 0.03775 0.045296875
0 0.44022916666666667 0.26862500000000006 0.041 0.04334375
0 0.25265624999999997 0.3135546875 0.050020833333333334 0.051109375000000005
0 0.5276145833333333 0.4793828124999999 0.06572916666666667 0.095609375
0 0.25597916666666665 0.7118203125 0.12479166666666666 0.18010937500000002
0 0.38708333333333333 0.7389765625 0.17779166666666668 0.127484375
0 0.57203125 0.48309375000000004 0.07093749999999999 0.07921875
0 0.41648958333333336 0.34668750000000004 0.07002083333333334 0.056343750000000005
0 0.89425 0.276359375 0.05183333333333333 0.038875
0 0.6921666666666667 0.2979609375 0.04420833333333333 0.035296875
0 0.49895833333333334 0.27968750000000003 0.9979166666666667 0.5593750000000001
