0 0.35871875000000003 0.6329225352112676 0.13796875 0.34288732394366195
0 0.47645312500000003 0.4740962441314554 0.060125 0.21875586854460094
0 0.8811562500000001 0.3752699530516432 0.029593750000000002 0.1137323943661972
0 0.5554765625000001 0.35664319248826293 0.03779687500000001 0.07572769953051643
0 0.5289921875 0.3518661971830986 0.043453125 0.06913145539906103
0 0.099046875 0.3151525821596244 0.0251875 0.09157276995305164
0 0.1421953125 0.27392018779342725 0.018171875 0.11286384976525822
0 0.6960937500000001 0.40456572769953053 0.054593749999999996 0.21204225352112677
0 0.30290625000000004 0.3462910798122066 0.08803125 0.2932394366197183
0 0.22890625 0.25973004694835683 0.0214375 0.043967136150234745
0 0.455421875 0.3093544600938967 0.012750000000000001 0.05321596244131456
0 0.6134296875 0.28417840375586856 0.024921875 0.0792018779342723
0 0.5863124999999999 0.3282511737089202 0.026250000000000002 0.05504694835680751
0 0.4421875 0.29107981220657275 0.8656250000000001 0.2112676056338028
