0 0.10023437500000001 0.6127751756440281 0.06203125000000001 0.27149882903981265
0 0.6466250000000001 0.6500702576112412 0.07534375 0.15100702576112413
0 0.39064843750000006 0.6113934426229508 0.027046874999999998 0.08451990632318503
0 0.6815234375000001 0.610679156908665 0.019328125 0.11967213114754098
0 0.7558125000000001 0.6711124121779859 0.124 0.14522248243559718
0 0.028867187500000002 0.539519906323185 0.038578125000000005 0.08414519906323185
0 0.7416640624999999 0.6426932084309134 0.071578125 0.1380327868852459
0 0.6968593750000001 0.6061943793911007 0.048843750000000005 0.13388758782201404
0 0.6598046875000001 0.5995316159250585 0.024171875000000002 0.09203747072599532
0 0.11708593750000001 0.5241686182669789 0.018890625 0.05110070257611241
0 0.7432343750000001 0.5823067915690867 0.041 0.12142857142857143
