0 0.28665999999999997 0.5693466666666667 0.03604 0.0876
0 0.25803 0.51184 0.017660000000000002 0.04448
0 0.44821 0.3930666666666667 0.01542 0.06026666666666667
0 0.46862000000000004 0.3886933333333333 0.01472 0.06463999999999999
0 0.46199 0.39838666666666667 0.00838 0.04109333333333333
0 0.13648000000000002 0.5135333333333333 0.019719999999999998 0.10669333333333332
0 0.24025 0.53688 0.018420000000000002 0.04549333333333333
0 0.62898 0.48514666666666667 0.01272 0.018186666666666667
0 0.65943 0.48833333333333334 0.00786 0.0196
0 0.6474 0.48966666666666664 0.007240000000000001 0.010053333333333333
0 0.90254 0.4667866666666666 0.009960000000000002 0.02205333333333333
0 0.8718600000000001 0.4820933333333333 0.0068 0.0164
0 0.38 0.39199999999999996 0.112 0.08533333333333333
