0 0.466984375 0.5089665970772442 0.08203125 0.15643006263048018
0 0.5499765625 0.46709812108559495 0.029234375000000003 0.04659707724425887
0 0.6050468750000001 0.5275052192066806 0.0739375 0.23221294363256784
0 0.6535625 0.4938100208768267 0.01528125 0.07329853862212943
0 0.24596874999999999 0.48375782881002083 0.03575 0.04313152400835073
0 0.5796171875000001 0.44419624217118997 0.037453125 0.04605427974947807
0 0.6171484375 0.42779749478079326 0.019046875 0.045824634655532354
0 0.41100000000000003 0.4455219206680584 0.01171875 0.017014613778705636
0 0.46668750000000003 0.4487473903966597 0.01359375 0.026054279749478076
0 0.6638515625000001 0.46627348643006267 0.012265625 0.04807933194154488
0 0.44138281250000005 0.4641440501043841 0.010703125 0.02845511482254697
0 0.2693359375 0.5082463465553235 0.021046875000000003 0.09156576200417535
