0 0.5260833333333332 0.528953125 0.3187916666666667 0.327375
0 0.56565625 0.2543359375 0.04422916666666667 0.041140625
0 0.7964583333333334 0.34503125 0.056749999999999995 0.047656250000000004
0 0.8508437499999999 0.3546796875 0.04127083333333333 0.04926562500000001
0 0.7610625 0.3414609375 0.056625 0.038484375
0 0.7270208333333332 0.38493750000000004 0.059125 0.06146875000000001
0 0.8274270833333334 0.33129687500000005 0.03852083333333333 0.04503125
0 0.64765625 0.37331250000000005 0.07822916666666666 0.07690625000000001
0 0.6952083333333334 0.3741328125 0.03320833333333333 0.061828125000000005
0 0.8315 0.38875 0.04608333333333334 0.0673125
0 0.9100208333333332 0.3583984375 0.03970833333333333 0.051328125
0 0.8921458333333333 0.40768750000000004 0.04425 0.05240625
0 0.5350416666666666 0.365421875 0.056875 0.06578125
