0 0.6642890625 0.40530444964871193 0.174859375 0.20775175644028102
0 0.1541328125 0.6204332552693209 0.047234375 0.19754098360655736
0 0.08000000000000002 0.6293091334894614 0.047625 0.15192037470725997
0 0.054328125 0.6222131147540984 0.0396875 0.1655503512880562
0 0.556015625 0.4799180327868852 0.13031250000000003 0.06985948477751756
0 0.919734375 0.5216276346604216 0.0625 0.10091334894613584
0 0.21925 0.544215456674473 0.033625 0.04894613583138173
0 0.9651640625000001 0.5125058548009367 0.046484375 0.13049180327868853
0 0.8291171875000001 0.4865222482435597 0.032984375 0.07416861826697893
0 0.46965625 0.47370023419203744 0.12075000000000001 0.09648711943793911
0 0.1273671875 0.6327868852459017 0.036484375000000006 0.16969555035128805
0 0.014726562500000002 0.6371545667447307 0.027734375000000002 0.16573770491803277
0 0.8893046875 0.5086651053864168 0.045296875 0.07227166276346604
0 0.50625 0.5843091334894613 0.984375 0.2646370023419204
