0 0.43240625000000005 0.59100622406639 0.46203125 0.7370746887966805
0 0.26380468749999997 0.6793153526970954 0.106796875 0.2063485477178423
0 0.09900781250000001 0.5966286307053942 0.167546875 0.6539211618257261
0 0.520453125 0.20608921161825725 0.08850000000000001 0.14433609958506222
0 0.69315625 0.5166182572614108 0.5679375000000001 0.8501244813278008
0 0.8424140625000001 0.6081431535269709 0.078078125 0.34778008298755186
0 0.6106250000000001 0.5716804979253113 0.05762500000000001 0.13141078838174275
0 0.2980546875 0.5471991701244814 0.095265625 0.15307053941908713
0 0.19500781250000002 0.30913900414937756 0.059703125 0.09147302904564317
0 0.79303125 0.5535477178423237 0.050625 0.20763485477178423
0 0.14521875 0.28314315352697095 0.048343750000000005 0.11379668049792531
0 0.9283593750000002 0.6850726141078838 0.12446875 0.14881742738589213
0 0.0314296875 0.1958298755186722 0.062859375 0.15680497925311204
0 0.46875 0.5653526970954357 0.9375 0.7614107883817427
