0 0.37978125 0.5101058823529412 0.410375 0.9572941176470587
0 0.6655546875000001 0.3386352941176471 0.20892187500000003 0.6202352941176471
0 0.189515625 0.3015764705882353 0.1343125 0.3573176470588235
0 0.031515625 0.16245882352941177 0.06228125 0.24039999999999997
0 0.026453125 0.251635294117647 0.05234375 0.2586117647058823
0 0.9514140625 0.47977647058823525 0.097171875 0.9595529411764705
0 0.8565859375000001 0.21698823529411762 0.127765625 0.314635294117647
0 0.5882499999999999 0.12605882352941175 0.06940625 0.24783529411764704
0 0.76590625 0.2592235294117647 0.13231250000000003 0.44950588235294114
0 0.0392578125 0.7482 0.078515625 0.42261176470588235
