0 0.7188950892857142 0.8479910714285714 0.18627232142857142 0.21342261904761903
0 0.6062388392857142 0.6739880952380951 0.012120535714285712 0.08303571428571428
0 0.7137276785714285 0.6732589285714285 0.07040178571428571 0.17407738095238096
0 0.8258147321428572 0.7088839285714286 0.028058035714285712 0.15294642857142857
0 0.9595089285714284 0.7284970238095237 0.04392857142857143 0.160625
0 0.8902678571428572 0.7194047619047618 0.0303125 0.13142857142857142
0 0.5849107142857143 0.682202380952381 0.024151785714285712 0.08607142857142858
0 0.40244419642857143 0.6868898809523809 0.026629464285714284 0.0961607142857143
0 0.8741406249999999 0.6941964285714285 0.02216517857142857 0.11327380952380953
0 0.9809709821428572 0.7207886904761904 0.027031249999999996 0.17080357142857142
0 0.8021428571428572 0.7048363095238095 0.026383928571428572 0.1270535714285714
0 0.5707924107142857 0.6707440476190476 0.015647321428571427 0.06577380952380953
0 0.9193415178571428 0.7038095238095238 0.021495535714285714 0.10226190476190475
0 0.6171875 0.6726190476190476 0.484375 0.08333333333333333
