0 0.7727421875 0.8134309133489462 0.29476562500000003 0.36119437939110066
0 0.9563671875000002 0.5963348946135831 0.017015625000000003 0.06971896955503513
0 0.94875 0.6361241217798594 0.0493125 0.03454332552693208
0 0.8887968750000002 0.6296604215456675 0.02690625 0.05065573770491803
0 0.6183125 0.5718618266978923 0.00865625 0.041896955503512884
0 0.38951562500000003 0.6025292740046839 0.014281250000000002 0.054754098360655735
0 0.2512109375 0.590327868852459 0.022609375 0.09086651053864168
0 0.26584375000000005 0.5948829039812646 0.02065625 0.07913348946135831
0 0.14315624999999998 0.5944145199063232 0.01646875 0.055245901639344265
0 0.3769453125 0.6132669789227166 0.012609375 0.023395784543325526
0 0.6111953125 0.5736065573770492 0.007203125000000001 0.03395784543325527
0 0.9677421875000001 0.6485948477751757 0.040171875 0.010117096018735363
0 0.6270546875 0.57192037470726 0.010984375000000001 0.0439344262295082
