0 0.38896093750000005 0.7949895833333334 0.016234375000000002 0.059895833333333336
0 0.44927343750000004 0.8136770833333333 0.024578125000000003 0.07110416666666668
0 0.48728906250000004 0.8541249999999999 0.03673437500000001 0.12533333333333332
0 0.5328359375 0.9013229166666668 0.044140625 0.09572916666666667
0 0.8442421874999999 0.8508125 0.023171875 0.049708333333333334
0 0.8113203125 0.8042708333333333 0.018109375 0.051416666666666666
0 0.5900078125 0.9249791666666667 0.05170312500000001 0.050916666666666666
0 0.5268906250000001 0.87403125 0.032375 0.07264583333333333
0 0.8835078125 0.9040520833333333 0.016203125 0.07735416666666667
0 0.9148828125000001 0.9300625 0.026421875 0.056125
