0 0.6472656250000001 0.8661458333333333 0.1988125 0.2677083333333333
0 0.525 0.8820208333333334 0.22753125000000002 0.2135
0 0.5793750000000001 0.5411770833333333 0.1304375 0.13322916666666668
0 0.056820312500000004 0.8482291666666666 0.11364062500000001 0.28029166666666666
0 0.35428125000000005 0.5976874999999999 0.15318750000000003 0.32091666666666663
0 0.23499218749999998 0.825875 0.295765625 0.30541666666666667
0 0.8123984375 0.5361041666666666 0.10635937499999999 0.15583333333333332
0 0.04615625 0.9142916666666667 0.05778125 0.08558333333333333
0 0.861765625 0.8957604166666667 0.23475000000000001 0.20847916666666666
0 0.22892968749999998 0.3718125 0.073734375 0.06120833333333333
0 0.4186953125000001 0.8727916666666666 0.15535937500000002 0.24687499999999998
