0 0.3403359375 0.553559718969555 0.308859375 0.8382201405152225
0 0.5943046875000001 0.5489812646370024 0.311046875 0.9020374707259954
0 0.6253906250000001 0.12549180327868853 0.10746875 0.2505620608899297
0 0.7680703125 0.052740046838407495 0.048953125 0.09779859484777517
0 0.1350859375 0.5270725995316159 0.267171875 0.8210304449648712
0 0.9401328124999999 0.3007611241217798 0.119734375 0.5942154566744731
0 0.271234375 0.07995316159250584 0.05559375 0.1576580796252927
0 0.07071875000000001 0.11275175644028104 0.08771875000000001 0.22550351288056208
0 0.46271875 0.05864168618266979 0.053125000000000006 0.11728337236533957
0 0.34739062500000006 0.06884074941451991 0.07487500000000001 0.13768149882903982
