0 0.7461093750000001 0.94646875 0.00871875 0.03747916666666666
0 0.7616171875000001 0.9446979166666666 0.013171875 0.03672916666666667
0 0.7916640625 0.9318541666666665 0.008046875 0.022500000000000003
0 0.14472656250000002 0.8698437499999999 0.014515624999999999 0.03935416666666667
0 0.46290625 0.8989166666666667 0.0055000000000000005 0.014291666666666668
0 0.7333750000000001 0.9323437499999999 0.005781250000000001 0.023979166666666666
0 0.7159375 0.9259375 0.005875 0.015916666666666666
0 0.40853125000000007 0.8927291666666667 0.008125 0.027875
0 0.488515625 0.9026875 0.005562500000000001 0.013708333333333333
0 0.8207968750000001 0.9382708333333333 0.0074062500000000005 0.03141666666666667
0 0.3893125 0.8946458333333334 0.0053750000000000004 0.021500000000000002
0 0.1240234375 0.8665520833333333 0.011578125000000002 0.034479166666666665
0 0.9680624999999999 0.9641979166666667 0.02125 0.06502083333333333
0 0.79296875 0.9427083333333334 0.045312500000000006 0.04375
