0 0.6296718750000001 0.5017083333333333 0.06856250000000001 0.17433333333333334
0 0.6043671875000001 0.47817708333333336 0.030015625000000004 0.16585416666666666
0 0.6593671875 0.4742604166666667 0.036703124999999996 0.16418750000000001
0 0.4979765625000001 0.5606979166666667 0.042703125 0.09739583333333333
0 0.46912499999999996 0.6206458333333332 0.08190625000000001 0.19466666666666665
0 0.1314921875 0.45522916666666663 0.026984375 0.11562499999999999
0 0.561125 0.3311666666666666 0.012375 0.01983333333333333
0 0.6882421875 0.34492708333333333 0.016859375 0.0273125
0 0.7893359375000001 0.42590625 0.033421875000000004 0.10202083333333332
0 0.9849062500000001 0.409625 0.02140625 0.10970833333333332
0 0.1435390625 0.40732291666666665 0.031890625 0.07597916666666667
0 0.026359375000000004 0.4926979166666667 0.0499375 0.13360416666666666
0 0.606875 0.32237499999999997 0.017781250000000002 0.034416666666666665
0 0.465625 0.421875 0.86875 0.25625
