0 0.41426656151419555 0.5764140624999999 0.1466719242902208 0.5210781250000001
0 0.09981072555205048 0.6483125000000001 0.19962145110410096 0.7033750000000001
0 0.18313091482649843 0.4105625 0.10395899053627759 0.15446875000000002
0 0.2644716088328075 0.417015625 0.05651419558359621 0.04903125
0 0.52051261829653 0.5218515625000001 0.08610410094637225 0.284890625
0 0.5320268138801262 0.4155546875 0.06285488958990536 0.12285937499999999
0 0.8951261829652997 0.4450390625 0.09113564668769716 0.16398437500000002
0 0.9261356466876972 0.4550703125 0.06293375394321767 0.15285937500000002
0 0.8990220820189274 0.42777343749999996 0.05350157728706625 0.140421875
0 0.2591561514195584 0.7153593750000001 0.2965141955835962 0.56928125
0 0.2178627760252366 0.41383593750000003 0.04168769716088328 0.043859375000000006
0 0.31701104100946376 0.47242968750000003 0.06446372239747633 0.162640625
