0 0.21839583333333332 0.6808828125 0.25466666666666665 0.5620781250000001
0 0.9246874999999999 0.5995781250000001 0.15062499999999998 0.4065000000000001
0 0.0615625 0.6813046875 0.123125 0.378390625
0 0.1645 0.44267968750000003 0.11383333333333333 0.244203125
0 0.3457291666666667 0.3653515625 0.08837500000000001 0.073390625
0 0.450125 0.403 0.13454166666666667 0.15071875
0 0.67153125 0.41621093750000004 0.11343750000000001 0.162140625
0 0.8441875000000001 0.5075234375000001 0.10795833333333334 0.11520312500000002
0 0.3244479166666666 0.46683593749999996 0.09285416666666667 0.20660937499999998
0 0.23913541666666666 0.34675781250000004 0.04935416666666667 0.09557812500000001
0 0.7860729166666667 0.38393750000000004 0.06927083333333334 0.113375
0 0.60528125 0.3639375 0.03877083333333333 0.085125
0 0.04091666666666667 0.4228515625 0.08183333333333334 0.213078125
0 0.496875 0.40625 0.76875 0.22812500000000002
