0 0.24610156250000004 0.5487916666666667 0.017828125 0.06670833333333334
0 0.8856484375000001 0.56028125 0.014328125 0.03960416666666667
0 0.8622343749999999 0.57540625 0.01190625 0.05464583333333333
0 0.8489609375000001 0.5507708333333333 0.012453125 0.050583333333333334
0 0.8601328125000001 0.5194791666666666 0.004984375 0.018000000000000002
0 0.5082812499999999 0.56796875 0.0118125 0.03085416666666667
0 0.6979375000000001 0.54203125 0.0175625 0.049604166666666664
0 0.741171875 0.5435312499999999 0.011500000000000002 0.04939583333333333
0 0.76128125 0.54575 0.00946875 0.04829166666666666
0 0.3185234375 0.5441770833333333 0.018546875 0.0606875
0 0.717546875 0.5391354166666668 0.012562499999999999 0.04272916666666667
0 0.6276875000000001 0.5479375 0.01009375 0.03925
0 0.39148437500000005 0.5068125 0.007124999999999999 0.019708333333333335
0 0.44843750000000004 0.5166666666666666 0.8562500000000001 0.15416666666666667
