0 0.4263828125 0.5755827505827507 0.154578125 0.38291375291375296
0 0.3046328125 0.563927738927739 0.046078125 0.22114219114219116
0 0.6077578125 0.5759090909090909 0.047140625000000005 0.24524475524475522
0 0.9050546875000001 0.566060606060606 0.189890625 0.3717482517482517
0 0.8220859375 0.5781002331002331 0.10335937500000002 0.212004662004662
0 0.7481796875000001 0.4637878787878788 0.022609375 0.06258741258741259
0 0.6932890625 0.502039627039627 0.07232812500000001 0.11205128205128205
0 0.6106484375000001 0.06636363636363636 0.022296875 0.02452214452214452
0 0.21333593750000002 0.4962121212121212 0.040546875 0.1031934731934732
0 0.188046875 0.4995571095571096 0.051562500000000004 0.1075990675990676
0 0.032859375 0.5236363636363636 0.065125 0.16237762237762238
0 0.08419531250000001 0.4989510489510489 0.057203125 0.12764568764568765
0 0.569125 0.4976689976689977 0.040375 0.13403263403263405
0 0.5140625 0.36013986013986016 0.96875 0.7202797202797203
