0 0.11892187500000001 0.45971830985915496 0.055343750000000004 0.19774647887323943
0 0.15090625000000002 0.45965962441314556 0.097375 0.24241784037558686
0 0.2558515625 0.4894600938967136 0.11517187499999999 0.3018779342723005
0 0.6044609375000001 0.44922535211267606 0.071828125 0.20079812206572772
0 0.8493906250000001 0.4679225352112676 0.09506250000000001 0.46363849765258214
0 0.9864375 0.42238262910798124 0.027125 0.23565727699530517
0 0.8045 0.45768779342723004 0.042 0.24908450704225352
0 0.21326562500000001 0.4697300469483568 0.035937500000000004 0.19955399061032866
0 0.03621875 0.4941197183098592 0.06540625 0.3319014084507042
0 0.77184375 0.4361267605633803 0.038500000000000006 0.1972300469483568
