0 0.19212500000000002 0.6004460093896714 0.09040625000000001 0.4223943661971831
0 0.11214843750000002 0.5709859154929577 0.063171875 0.29206572769953054
0 0.09075 0.44967136150234743 0.0250625 0.05910798122065728
0 0.1548671875 0.5650821596244132 0.044671875 0.310962441314554
0 0.8580078125 0.5219835680751174 0.046734375 0.19532863849765258
0 0.9825703125 0.5497535211267606 0.032359375 0.22232394366197183
0 0.0761015625 0.5446244131455399 0.034796875 0.2091549295774648
0 0.0343671875 0.6989671361502348 0.067203125 0.5822535211267605
0 0.0919453125 0.4262441314553991 0.016203125 0.03061032863849765
0 0.0549453125 0.4873943661971831 0.019890625000000002 0.05253521126760563
0 0.3275078125 0.38539906103286387 0.013890625000000002 0.04549295774647887
