0 0.24499 0.36529 0.12386 0.29810000000000003
0 0.48497 0.32336000000000004 0.07162 0.12972
0 0.8556800000000001 0.32985000000000003 0.10172 0.1663
0 0.9485699999999999 0.54859 0.10286000000000001 0.65822
0 0.11107 0.4025 0.11498000000000001 0.33368000000000003
0 0.11711 0.27444999999999997 0.1499 0.13582
0 0.36493000000000003 0.33767 0.09742 0.23174
0 0.61236 0.50786 0.65844 0.9618
0 0.8526300000000001 0.21983000000000003 0.048380000000000006 0.0343
0 0.38288 0.45232 0.13147999999999999 0.18552000000000002
0 0.43213999999999997 0.32786000000000004 0.04404 0.21731999999999999
