0 0.77312 0.46052 0.16872 0.42648
0 0.91131 0.45680000000000004 0.12786 0.3602666666666666
0 0.6288199999999999 0.45877333333333337 0.07632 0.25290666666666667
0 0.47165 0.5127466666666666 0.04326 0.16208
0 0.44186000000000003 0.5135066666666667 0.043320000000000004 0.15757333333333334
0 0.5485 0.48430666666666666 0.038759999999999996 0.11997333333333333
0 0.5702 0.5428266666666667 0.06523999999999999 0.10656
0 0.30922000000000005 0.6025333333333333 0.09024 0.268
0 0.7082200000000001 0.5210533333333334 0.038880000000000005 0.1276
0 0.50853 0.50904 0.05154 0.17648000000000003
