0 0.8605703125 0.7793888888888889 0.03307812500000001 0.17477777777777778
0 0.20043750000000002 0.7889583333333333 0.03609375 0.1808611111111111
0 0.3251484375 0.6828888888888889 0.009796875 0.02816666666666667
0 0.2741953125 0.7187916666666666 0.015984375000000002 0.09836111111111111
0 0.1266796875 0.7642361111111111 0.026171875 0.05480555555555556
0 0.8461171875 0.7761388888888888 0.014328125 0.1585
0 0.24760937500000002 0.7566944444444446 0.02434375 0.09966666666666668
0 0.31453125000000004 0.7106527777777778 0.01646875 0.06780555555555556
0 0.154546875 0.8164027777777777 0.0336875 0.21875
0 0.8343984375000002 0.7471111111111111 0.011140625000000001 0.10144444444444446
0 0.20985156249999998 0.719486111111111 0.016046875 0.08169444444444444
0 0.6996093750000001 0.8032638888888888 0.028499999999999998 0.15675
0 0.41718750000000004 0.6986111111111112 0.178125 0.13055555555555556
