0 0.1630859375 0.5964910025706941 0.056484375 0.33812339331619534
0 0.358078125 0.6193316195372751 0.1045625 0.2128020565552699
0 0.4509140625 0.6077892030848329 0.09285937500000001 0.17439588688946014
0 0.8110937500000001 0.5639717223650385 0.06390625 0.20583547557840615
0 0.502125 0.5132005141388174 0.051875000000000004 0.19205655526992285
0 0.574 0.4998714652956298 0.03521875 0.08817480719794343
0 0.6506171875 0.4647686375321336 0.029953125000000004 0.06074550128534704
0 0.53478125 0.5078149100257069 0.04731250000000001 0.09737789203084833
0 0.3797734375 0.5111825192802056 0.039390625000000005 0.128586118251928
0 0.3475078125 0.46902313624678665 0.025703125 0.09573264781491002
