0 0.11731000000000001 0.59756 0.11686 0.45
0 0.24543 0.6017866666666667 0.06822 0.33914666666666665
0 0.30326 0.5668933333333334 0.05172 0.31677333333333335
0 0.39624000000000004 0.6135866666666667 0.09724 0.44808
0 0.5634 0.6401066666666667 0.11800000000000001 0.5752533333333333
0 0.66256 0.6872133333333335 0.16816 0.59416
0 0.69828 0.6849066666666668 0.08056 0.4665066666666666
0 0.05866 0.5666 0.06064 0.32104
0 0.44980000000000003 0.51116 0.04836 0.19858666666666666
0 0.50148 0.4977066666666667 0.06936 0.25616
0 0.24820000000000003 0.45720000000000005 0.03336 0.07114666666666666
0 0.20207999999999998 0.63452 0.10116 0.40024
0 0.33485000000000004 0.5743866666666666 0.09881999999999999 0.4063733333333333
0 0.382 0.5093333333333333 0.76 0.29333333333333333
