0 0.3088984375 0.6932588235294117 0.367109375 0.5865176470588235
0 0.9106953125000001 0.5681176470588235 0.05260937500000001 0.1496470588235294
0 0.8695312500000001 0.5603882352941176 0.0326875 0.16383529411764702
0 0.966203125 0.5569294117647058 0.050687499999999996 0.08096470588235292
0 0.7702734375000001 0.5592470588235294 0.041578125 0.16823529411764704
0 0.6455078125 0.5605176470588235 0.030015625000000004 0.15943529411764706
0 0.6892578125000001 0.5785529411764706 0.074984375 0.20774117647058823
0 0.6670078125000001 0.5233411764705882 0.019984375 0.1035764705882353
0 0.6286796875 0.5451058823529411 0.014171875 0.12696470588235292
0 0.759671875 0.5888117647058823 0.03803125 0.14858823529411763
0 0.737171875 0.5685294117647058 0.03340625 0.1928705882352941
0 0.229546875 0.4678705882352941 0.02015625 0.040635294117647054
0 0.807453125 0.5688470588235294 0.022531250000000003 0.12550588235294116
0 0.5 0.4929411764705882 0.9968750000000001 0.9858823529411764
