0 0.93326 0.4987738095238096 0.11148000000000001 0.31911904761904764
0 0.95811 0.8157142857142857 0.04814 0.2878571428571429
0 0.6117900000000001 0.7618333333333334 0.04894 0.18552380952380954
0 0.6555500000000001 0.7782857142857144 0.04238 0.12942857142857145
0 0.15583 0.3445952380952382 0.08134000000000001 0.359952380952381
0 0.6854699999999999 0.7516666666666667 0.02434 0.07704761904761906
0 0.65301 0.5986071428571429 0.040740000000000005 0.11611904761904764
0 0.8087799999999999 0.7801428571428572 0.03548 0.14733333333333334
0 0.92974 0.7411428571428573 0.024 0.136
0 0.085 0.3666666666666667 0.10400000000000001 0.43809523809523815
0 0.6432000000000001 0.16130952380952382 0.11252 0.2958571428571429
0 0.90116 0.0858452380952381 0.0188 0.033595238095238095
0 0.8824 0.08822619047619049 0.00984 0.01807142857142857
0 0.761 0.6964285714285715 0.47400000000000003 0.5785714285714286
