0 0.453125 0.600936768149883 0.24375000000000002 0.3583138173302108
0 0.71796875 0.4634309133489461 0.12196875000000001 0.23056206088992975
0 0.9467890625 0.5741569086651054 0.106421875 0.7797892271662764
0 0.5491171875 0.46066744730679154 0.105515625 0.2105152224824356
0 0.586109375 0.3788056206088993 0.0913125 0.1748009367681499
0 0.8148671875 0.30392271662763465 0.106453125 0.15281030444964872
0 0.4093046875 0.42134660421545667 0.095953125 0.22245901639344262
0 0.3315625 0.4091686182669789 0.08418750000000001 0.22203747072599533
0 0.1745859375 0.4020374707259953 0.08164062500000001 0.1356440281030445
0 0.6737109375 0.351463700234192 0.073734375 0.1364168618266979
0 0.7690546875000001 0.28756440281030443 0.048671875 0.09269320843091335
0 0.14867968750000002 0.48542154566744733 0.119140625 0.21576112412177983
0 0.6922656250000001 0.5904449648711944 0.24921875000000002 0.314192037470726
0 0.38203125000000004 0.5679156908665105 0.7640625000000001 0.667447306791569
