0 0.22327625570776255 0.6831484375000001 0.420296803652968 0.611234375
0 0.7782077625570776 0.12521875000000002 0.07664383561643835 0.066125
0 0.32415525114155247 0.40765625000000005 0.6417351598173515 0.8040625000000001
0 0.9659360730593608 0.148640625 0.06812785388127854 0.20909375
0 0.7301940639269405 0.1341640625 0.03559360730593607 0.047515625000000006
0 0.7267351598173516 0.6152734375 0.5465296803652968 0.7694531250000001
0 0.09812785388127854 0.07697656250000001 0.08817351598173515 0.068296875
0 0.8996575342465754 0.15310937500000002 0.10840182648401825 0.18890625000000003
0 0.2574086757990868 0.12046875 0.24226027397260272 0.2409375
0 0.11090182648401825 0.2060703125 0.21363013698630134 0.211328125
