0 0.5463593750000001 0.7034270833333333 0.1029375 0.37156249999999996
0 0.7107265625000001 0.6741875 0.098453125 0.3486666666666667
0 0.8229140625 0.6095416666666666 0.082109375 0.287
0 0.6531093750000001 0.19765625 0.02909375 0.0376875
0 0.43202343750000005 0.4209375 0.041828125 0.09758333333333334
0 0.2747265625 0.5618854166666666 0.11776562500000001 0.2801458333333333
0 0.14442968750000001 0.6745520833333334 0.076015625 0.3513541666666667
0 0.03396875 0.5793958333333333 0.0679375 0.297375
0 0.56578125 0.43534375 0.03565625 0.08360416666666667
0 0.6219921875000001 0.38184375 0.035234375000000005 0.0855625
0 0.9685390625000001 0.603625 0.062109375 0.2998333333333333
0 0.8592421875 0.41038541666666667 0.035953125 0.09489583333333333
0 0.7162578125000001 0.3731979166666667 0.031234374999999998 0.0996875
0 0.5281250000000001 0.43645833333333334 0.9125000000000001 0.31875
