0 0.5285703125000001 0.2862222222222222 0.018109375 0.08494444444444445
0 0.3691328125 0.2972916666666667 0.019546875000000002 0.08380555555555556
0 0.08917968750000001 0.8506666666666667 0.039203125000000005 0.1981111111111111
0 0.08787500000000001 0.6691111111111111 0.060937500000000006 0.1102777777777778
0 0.7652890625 0.5147361111111112 0.037328125000000004 0.10669444444444444
0 0.6691796875 0.3278333333333333 0.030953124999999998 0.079
0 0.138328125 0.674625 0.047875 0.08902777777777778
0 0.2794609375 0.20504166666666668 0.012515625 0.020416666666666666
0 0.18070312500000002 0.6252083333333334 0.039781250000000004 0.11102777777777778
0 0.17303125000000003 0.24404166666666668 0.013906250000000002 0.024972222222222222
0 0.545109375 0.9698611111111113 0.043437500000000004 0.06027777777777778
0 0.6291640625 0.14480555555555558 0.011953125000000002 0.035111111111111114
0 0.308203125 0.19280555555555556 0.018218750000000002 0.02638888888888889
0 0.35234375 0.19583333333333333 0.7046875 0.39166666666666666
