0 0.40370312500000005 0.2036826347305389 0.09290625000000001 0.19738522954091814
0 0.28795312500000003 0.6283033932135728 0.15131250000000002 0.6669860279441118
0 0.5800546875 0.6058483033932135 0.162203125 0.7094610778443113
0 0.42728125 0.6210978043912174 0.1595 0.6783233532934131
0 0.745078125 0.2526147704590818 0.09653125000000001 0.27353293413173646
0 0.6387890625 0.29941117764471054 0.09082812500000001 0.20592814371257484
0 0.6363828125 0.20369261477045908 0.126578125 0.19728542914171657
0 0.516203125 0.2313572854291417 0.13568750000000002 0.25037924151696606
0 0.48609375 0.3181936127744511 0.09262500000000001 0.17598802395209578
0 0.7053437499999999 0.6208582834331335 0.1309375 0.6893013972055887
0 0.357390625 0.2994311377245508 0.11621875 0.23415169660678642
0 0.2996796875 0.24263473053892215 0.142015625 0.3278642714570858
