0 0.47078124999999993 0.6071757322175733 0.354125 0.640460251046025
0 0.5994609375 0.45734309623430963 0.017078125 0.05661087866108786
0 0.6556640625000001 0.43509414225941423 0.042796875000000005 0.14102510460251044
0 0.2527109375 0.4205334728033473 0.045171875 0.15018828451882846
0 0.1619140625 0.42861924686192465 0.069578125 0.05485355648535564
0 0.5252421875 0.418755230125523 0.074453125 0.21817991631799163
0 0.5805703125 0.4468305439330544 0.019671875000000002 0.07868200836820083
0 0.7415781250000001 0.4548430962343096 0.02028125 0.07374476987447698
0 0.6335390625000001 0.45233263598326356 0.020640625000000003 0.06872384937238493
0 0.39584375000000005 0.3411401673640167 0.06778125 0.14278242677824265
0 0.9768515625000002 0.48478033472803345 0.046296875 0.1657112970711297
0 0.27694531250000004 0.418336820083682 0.037890625000000004 0.16186192468619245
0 0.5476640625 0.46992677824267776 0.015765625000000002 0.03399581589958159
0 0.6359375 0.45502092050209203 0.1625 0.07740585774058577
