0 0.5863432835820896 0.37121000000000004 0.7857611940298508 0.34126
0 0.15516417910447763 0.34919 0.19916417910447762 0.34098
0 0.16058208955223882 0.23469 0.20516417910447762 0.27846
0 0.7233432835820897 0.8262999999999999 0.1732537313432836 0.21312
0 0.5105074626865671 0.7743000000000001 0.18364179104477613 0.23672
0 0.3760597014925373 0.8411700000000001 0.10507462686567165 0.09514
0 0.30595522388059704 0.72481 0.11459701492537314 0.15938
0 0.2288955223880597 0.7156 0.1479402985074627 0.21532
0 0.8534179104477612 0.91892 0.07913432835820897 0.10056000000000001
0 0.4183582089552239 0.74499 0.14316417910447762 0.15586000000000003
0 0.5955223880597015 0.8121 0.20292537313432837 0.19368000000000002
0 0.09391044776119403 0.07753 0.18782089552238806 0.15506
0 0.8166716417910449 0.84974 0.12146268656716418 0.17136
