0 0.1561171875 0.6381936416184971 0.12270312500000001 0.5707803468208092
0 0.6141640625 0.675 0.11892187500000001 0.635664739884393
0 0.6578203125000001 0.20160404624277453 0.088515625 0.2210115606936416
0 0.8405859375000001 0.17958092485549135 0.064171875 0.28222543352601154
0 0.9407812499999999 0.16654624277456648 0.03803125 0.24621387283236992
0 0.757171875 0.04891618497109825 0.02796875 0.07320809248554913
0 0.6402265625000001 0.10134393063583814 0.041171875000000004 0.10841040462427745
0 0.6594921875 0.08093930635838151 0.019515625 0.08291907514450866
0 0.6169218750000001 0.06841040462427746 0.0370625 0.10265895953757226
0 0.4719140625 0.09338150289017341 0.046671875 0.11468208092485549
0 0.7302265625 0.05495664739884393 0.033234375000000003 0.06349710982658958
0 0.8773984375 0.13138728323699422 0.024359375000000003 0.06942196531791907
0 0.9089843750000001 0.08973988439306357 0.04984375 0.09283236994219651
0 0.49062500000000003 0.08526011560693642 0.9812500000000001 0.17052023121387283
