0 0.633375 0.48455752212389375 0.22634375000000004 0.7360176991150442
0 0.9266562500000002 0.3775221238938053 0.12259375 0.5752802359882007
0 0.05837500000000001 0.5186578171091445 0.11512500000000002 0.6068731563421829
0 0.11989062500000001 0.17004424778761063 0.09425 0.34008849557522125
0 0.0488046875 0.1646017699115044 0.097609375 0.3280825958702065
0 0.3754453125 0.25396755162241885 0.108328125 0.33536873156342184
0 0.22615625000000003 0.6224631268436579 0.30709375 0.4404424778761062
0 0.877203125 0.2842477876106195 0.055031250000000004 0.37380530973451326
0 0.8799765625000001 0.13265486725663717 0.06270312500000001 0.15197640117994102
0 0.2355546875 0.1723008849557522 0.098609375 0.3438938053097345
0 0.42430468750000006 0.24190265486725662 0.032328125000000006 0.09997050147492625
0 0.1602109375 0.06485250737463126 0.058953124999999995 0.12970501474926252
