0 0.55596875 0.24453125 0.04290625000000001 0.10127083333333332
0 0.4732734375 0.250625 0.026015625 0.062
0 0.7778515625000001 0.23820833333333333 0.043078125 0.07162500000000001
0 0.6172343750000001 0.2596354166666667 0.0329375 0.07906250000000001
0 0.7370703125 0.24576041666666668 0.025859375000000004 0.05485416666666666
0 0.7165 0.2595208333333333 0.04253125 0.09291666666666668
0 0.432859375 0.26321875 0.026625 0.04610416666666666
0 0.881265625 0.2725416666666666 0.032031250000000004 0.119875
0 0.4013671875 0.25914583333333335 0.021109375 0.04625
0 0.4427265625000001 0.5397812500000001 0.263390625 0.5199791666666667
0 0.6665625000000001 0.2674583333333333 0.02809375 0.0715
0 0.5221171875 0.27055208333333336 0.029109375 0.0469375
0 0.646390625 0.259875 0.0214375 0.03741666666666667
0 0.6570312500000001 0.2520833333333333 0.5203125000000001 0.10833333333333334
