0 0.27395312499999996 0.8599791666666666 0.11175 0.28004166666666663
0 0.39207812500000006 0.7631666666666667 0.04434375 0.16608333333333333
0 0.3480625 0.7556979166666666 0.0348125 0.12602083333333333
0 0.4254296875 0.7647708333333333 0.025578125000000004 0.15183333333333332
0 0.4756328125 0.7825833333333333 0.051796875 0.16041666666666665
0 0.9036796875 0.7268958333333334 0.023046875 0.08800000000000001
0 0.20352343750000002 0.7165937499999999 0.015828125000000002 0.07714583333333333
0 0.5106328125 0.7740208333333333 0.031515625000000005 0.15583333333333332
0 0.13718750000000002 0.7301979166666667 0.031718750000000004 0.10035416666666667
0 0.22794531250000005 0.7183645833333333 0.024296875000000002 0.08010416666666667
0 0.3637109375 0.7543749999999999 0.023765625000000002 0.144875
0 0.31428906250000005 0.7301770833333333 0.032234375 0.08285416666666667
0 0.8503124999999999 0.7266041666666667 0.022000000000000002 0.08295833333333333
0 0.50234375 0.8125 0.9546875 0.37083333333333335
