0 0.5671713615023475 0.5768593750000001 0.4726525821596244 0.8224687500000001
0 0.1397887323943662 0.5964140625000001 0.26610328638497655 0.7354218750000001
0 0.3222535211267606 0.4209140625 0.14690140845070424 0.298703125
0 0.5091901408450704 0.3603984375 0.07730046948356807 0.192390625
0 0.9209976525821596 0.322015625 0.04147887323943662 0.05565625
0 0.9594718309859156 0.33813281250000005 0.042511737089201876 0.042578125
0 0.9132394366197183 0.3507890625 0.031220657276995308 0.038203125000000004
0 0.8318544600938967 0.348078125 0.07380281690140846 0.07703125
0 0.4260446009389672 0.417796875 0.1137323943661972 0.2991875
0 0.878943661971831 0.328765625 0.03619718309859155 0.036125000000000004
