0 0.48628805620608895 0.3568984375 0.2264871194379391 0.414296875
0 0.2096838407494145 0.39203906250000004 0.07590163934426229 0.109546875
0 0.09488290398126464 0.39943750000000006 0.048875878220140515 0.10965625000000001
0 0.2613583138173302 0.40425781250000004 0.04875878220140515 0.07835937500000001
0 0.07207259953161592 0.38719531250000006 0.025503512880562063 0.05751562500000001
0 0.3434426229508196 0.40301562500000004 0.04088992974238876 0.029562500000000005
0 0.13956674473067915 0.39447656249999996 0.047096018735362996 0.102890625
0 0.042751756440281036 0.3926484375 0.028220140515222484 0.046296875
0 0.732248243559719 0.37596875 0.019578454332552692 0.03871875
0 0.972470725995316 0.369375 0.024145199063231853 0.03746875
0 0.3152927400468384 0.40571874999999996 0.02810304449648712 0.029875000000000002
0 0.25158079625292745 0.358984375 0.04072599531615925 0.0479375
0 0.3936299765807963 0.38348437500000004 0.017236533957845433 0.0315
0 0.49882903981264637 0.38359375 0.9976580796252927 0.09531250000000001
