0 0.34375 0.5005624999999999 0.6368125 0.998875
0 0.74534375 0.2435625 0.0890625 0.2207083333333333
0 0.729921875 0.37669791666666663 0.14671875 0.1883125
0 0.8651718749999999 0.12846875 0.0360625 0.056187499999999994
0 0.609890625 0.12722916666666667 0.04490625 0.09270833333333334
0 0.9352031250000001 0.19266666666666665 0.08190625000000001 0.2222083333333333
0 0.6518046875000001 0.236375 0.110890625 0.19891666666666669
0 0.6976796875000001 0.13214583333333335 0.048953125 0.10495833333333333
0 0.6350859375000001 0.10999999999999999 0.017484375 0.05
0 0.9120390624999999 0.4253854166666667 0.175921875 0.3444375
