0 0.301 0.6155416666666667 0.2713125 0.7689166666666666
0 0.5089453125000001 0.6104791666666666 0.24367187499999998 0.5571666666666667
0 0.566078125 0.4913020833333333 0.16859375000000001 0.25356249999999997
0 0.6370234375000001 0.4575833333333333 0.116515625 0.28179166666666666
0 0.8720859375000001 0.4351041666666667 0.12923437499999998 0.232375
0 0.7046328125 0.4308333333333333 0.083671875 0.15041666666666667
0 0.9415703125000001 0.6057708333333333 0.11685937500000002 0.6584166666666667
0 0.7381640625 0.3759375 0.072140625 0.07779166666666668
0 0.8512890625000001 0.6227708333333333 0.13717187500000003 0.5469166666666666
0 0.6004453125 0.3993333333333333 0.026828125000000005 0.07125000000000001
0 0.9117578125 0.36243749999999997 0.044703125 0.09195833333333334
0 0.9376796875000001 0.3837291666666667 0.016453125 0.06154166666666666
