0 0.4753515625 0.36299999999999993 0.033421875000000004 0.04691666666666666
0 0.7265859375000001 0.46238541666666666 0.011046875000000001 0.01864583333333333
0 0.7907734375000001 0.46814583333333326 0.011234375000000001 0.02245833333333333
0 0.8220546874999999 0.4744479166666667 0.008390625 0.020687499999999998
0 0.8557500000000001 0.4791458333333333 0.01165625 0.025125
0 0.6553046875 0.5166666666666666 0.021171875000000003 0.049791666666666665
0 0.79234375 0.49082291666666666 0.01665625 0.025437500000000002
0 0.21831250000000002 0.4451875 0.01578125 0.018500000000000003
0 0.24175000000000002 0.44207291666666665 0.018093750000000002 0.023687499999999997
0 0.995890625 0.537625 0.00821875 0.0125
0 0.9741250000000001 0.5379375 0.017781250000000002 0.014791666666666667
0 0.9567812499999999 0.5307916666666667 0.014249999999999999 0.027499999999999997
0 0.49375 0.5020833333333333 0.984375 0.225
