0 0.11039062500000002 0.7662916666666668 0.22078125000000004 0.46291666666666664
0 0.8065546874999999 0.8043645833333334 0.152671875 0.39127083333333335
0 0.21429687500000003 0.6977916666666667 0.14328125 0.3554583333333333
0 0.9429218750000001 0.6939791666666667 0.11415625000000001 0.26016666666666666
0 0.0755859375 0.40597916666666667 0.021984375 0.09233333333333334
0 0.30442968750000005 0.6435729166666667 0.074984375 0.09864583333333334
0 0.7052578125000001 0.586 0.067703125 0.10037499999999999
0 0.6417812500000001 0.5326666666666666 0.050875000000000004 0.05558333333333333
0 0.93925 0.8871354166666666 0.1206875 0.2250625
0 0.5078515625 0.5809375 0.575109375 0.8116666666666666
0 0.8151015625000002 0.57240625 0.013140625000000001 0.0200625
0 0.865328125 0.7145 0.1153125 0.304125
