0 0.7373437500000001 0.6206145833333333 0.0615 0.23522916666666666
0 0.6714140625000001 0.6198125 0.072359375 0.244875
0 0.06088281250000001 0.6954479166666666 0.11957812500000001 0.6080208333333333
0 0.9172812500000002 0.5564687500000001 0.0295 0.10872916666666665
0 0.45642187500000003 0.5883958333333333 0.07596875 0.174875
0 0.34534375 0.5337395833333333 0.03225 0.051895833333333335
0 0.8647890624999999 0.55375 0.027046874999999998 0.12241666666666666
0 0.8116171875000001 0.5640625 0.042015625 0.1564583333333333
0 0.604875 0.5833854166666668 0.027531250000000004 0.15002083333333335
0 0.1999375 0.50325 0.0120625 0.017583333333333333
0 0.7099531250000001 0.5996458333333333 0.0325 0.20266666666666666
0 0.28049999999999997 0.5215624999999999 0.01234375 0.019416666666666665
0 0.69575 0.5261875 0.016875 0.03791666666666667
0 0.5234375 0.5541666666666667 0.7937500000000001 0.15416666666666667
