0 0.26165625 0.4936944444444445 0.21740625 0.9752777777777779
0 0.9444140625000002 0.5424027777777778 0.084328125 0.4018611111111111
0 0.8985468750000001 0.5543888888888888 0.022593750000000003 0.037722222222222226
0 0.6872109375000001 0.58075 0.042859375000000005 0.11427777777777778
0 0.09195312500000001 0.5586666666666668 0.022093750000000002 0.134
0 0.6358984375000001 0.49838888888888894 0.030015625000000004 0.05188888888888889
0 0.6030859375000001 0.5521944444444444 0.037046875 0.14027777777777778
0 0.6303671875000001 0.5740555555555555 0.026015625 0.11794444444444445
0 0.5813125 0.5618472222222223 0.0189375 0.11558333333333333
0 0.6484453125 0.5759722222222223 0.018453125 0.09383333333333334
0 0.558609375 0.5795277777777778 0.0135625 0.07344444444444445
0 0.5640234375 0.5379166666666667 0.014671875000000001 0.06888888888888889
0 0.0086171875 0.5611666666666667 0.017234375 0.0995
0 0.47265625 0.5597222222222222 0.1703125 0.11944444444444445
