0 0.631203125 0.5224707259953161 0.14693750000000003 0.6089695550351287
0 0.42821093750000006 0.20563231850117097 0.110359375 0.13960187353629977
0 0.07711718750000002 0.12223653395784544 0.066640625 0.10152224824355972
0 0.44941406250000004 0.08488290398126463 0.07882812500000001 0.11936768149882904
0 0.36709375 0.09675644028103043 0.0713125 0.14278688524590163
0 0.13206250000000003 0.09423887587822014 0.06053125000000001 0.09170960187353629
0 0.5256953125 0.15588992974238874 0.048578125 0.07590163934426229
0 0.20354687500000002 0.059765807962529276 0.09503125000000001 0.11953161592505855
0 0.4579453125 0.13557377049180327 0.053734375 0.07297423887587821
0 0.5577734375000001 0.09072599531615924 0.063046875 0.16918032786885245
0 0.0405625 0.07464871194379391 0.0809375 0.14929742388758782
0 0.24766406250000006 0.14162763466042155 0.035015625 0.03866510538641686
0 0.5950390625 0.08655737704918033 0.054546874999999995 0.17311475409836066
