0 0.0879375 0.6507683741648106 0.0128125 0.0388195991091314
0 0.11010937500000001 0.6502895322939866 0.01590625 0.05189309576837416
0 0.3955546875 0.6573719376391982 0.015828125000000002 0.046414253897550106
0 0.5194921874999999 0.29439866369710466 0.018234375 0.019576837416481065
0 0.15749218750000002 0.6578507795100222 0.014734375000000001 0.05953229398663697
0 0.57309375 0.2907015590200445 0.026812500000000003 0.0299554565701559
0 0.459453125 0.6605567928730511 0.01196875 0.039376391982182624
0 0.3214609375 0.6586971046770601 0.016234375000000002 0.044565701559020045
0 0.21235937500000002 0.6469042316258352 0.007593750000000001 0.00997772828507795
0 0.28261718750000003 0.6586636971046769 0.010484375 0.045790645879732736
