0 0.40311718750000003 0.4943779342723005 0.483140625 0.988755868544601
0 0.7112421875 0.5513145539906104 0.163046875 0.34830985915492957
0 0.8401406250000001 0.5009272300469484 0.12678125 0.3634037558685446
0 0.8107109375000001 0.37190140845070424 0.07179687500000001 0.26741784037558686
0 0.7079140625 0.5744483568075117 0.16685937500000003 0.5233098591549296
0 0.11986718750000001 0.5478990610328639 0.070828125 0.5047652582159624
0 0.20716406250000002 0.5797652582159625 0.103203125 0.35056338028169015
0 0.0559375 0.5181690140845071 0.111875 0.5758215962441315
0 0.7455078125000001 0.3559507042253521 0.08926562500000002 0.24931924882629108
0 0.6329609375 0.3297652582159624 0.054234375 0.1752112676056338
