0 0.46071093750000003 0.8685406698564593 0.029453125000000004 0.18444976076555022
0 0.43243750000000003 0.8791387559808612 0.023875 0.18526315789473682
0 0.07920312500000001 0.8460526315789473 0.0346875 0.22492822966507175
0 0.0562421875 0.7965311004784689 0.012796875 0.11688995215311004
0 0.7699296875 0.7608133971291867 0.012671874999999999 0.08842105263157894
0 0.62928125 0.7719856459330143 0.012687499999999999 0.08263157894736842
0 0.23609375000000005 0.8180382775119617 0.012562499999999999 0.10095693779904306
0 0.034031250000000006 0.7965789473684209 0.02134375 0.12837320574162678
0 0.12512500000000001 0.7922966507177034 0.010937500000000001 0.06401913875598086
0 0.0146484375 0.7902392344497609 0.020828125000000003 0.15444976076555023
0 0.024429687500000002 0.7351674641148324 0.007734375000000001 0.04287081339712919
0 0.11375781250000001 0.7792583732057417 0.010046875 0.050287081339712915
0 0.0245703125 0.9110047846889953 0.028109375 0.06794258373205742
0 0.51171875 0.7511961722488038 0.9515625000000001 0.24880382775119617
