0 0.40249414519906324 0.662234375 0.3738875878220141 0.6471875
0 0.710679156908665 0.4808984375 0.1414519906323185 0.256171875
0 0.10752927400468384 0.7066484375000001 0.2083606557377049 0.567265625
0 0.9107611241217798 0.47538281250000003 0.10161592505854801 0.26179687500000004
0 0.9694613583138174 0.5173984375 0.061077283372365336 0.21020312500000002
0 0.7828220140515222 0.451984375 0.09215456674473069 0.184625
0 0.9449063231850117 0.7681953125000001 0.11018735362997657 0.069859375
0 0.6215807962529273 0.47407812499999996 0.10053864168618266 0.23928125
0 0.8533021077283373 0.42682812499999995 0.05644028103044497 0.03484375
0 0.8502927400468384 0.41009375 0.06629976580796253 0.0521875
