0 0.42008593750000006 0.6460520833333332 0.016203125 0.03860416666666667
0 0.5388359375 0.65128125 0.015984375000000002 0.0534375
0 0.6443671875000001 0.94496875 0.081171875 0.1100625
0 0.22141406250000004 0.65875 0.015609375000000002 0.04620833333333333
0 0.16140625 0.6600416666666666 0.0196875 0.043875
0 0.6298125 0.6457395833333333 0.0175625 0.034354166666666665
0 0.6741171875 0.63740625 0.028015625000000002 0.07677083333333333
0 0.2327265625 0.6637500000000001 0.010953125000000001 0.042416666666666665
0 0.0763125 0.6587395833333334 0.021968750000000002 0.059520833333333335
0 0.8745937500000001 0.6009687499999999 0.03621875 0.058604166666666666
0 0.163796875 0.6849479166666668 0.061375000000000006 0.0366875
0 0.28815625000000006 0.9395729166666666 0.081125 0.12085416666666667
0 0.484375 0.6625 0.5593750000000001 0.0875
