0 0.31763281250000003 0.7035245901639345 0.08976562500000002 0.29440281030444965
0 0.2826953125 0.6987704918032787 0.044703125 0.28995316159250584
0 0.2320546875 0.6784426229508197 0.074046875 0.3129508196721311
0 0.371171875 0.6469320843091335 0.031375 0.18936768149882904
0 0.574515625 0.6269555035128807 0.038437500000000006 0.1561592505854801
0 0.9407890625 0.765831381733021 0.117265625 0.4683372365339578
0 0.7213125 0.5999297423887588 0.01903125 0.11283372365339578
0 0.8049687500000001 0.6826463700234192 0.04806250000000001 0.2327400468384075
0 0.8639453125 0.7046018735362998 0.07201562500000001 0.33309133489461357
0 0.6370546875 0.6168852459016394 0.03829687500000001 0.14669789227166277
0 0.3863046875 0.6435480093676815 0.025828125000000004 0.18723653395784545
0 0.6862421875 0.6173067915690866 0.034390625 0.15466042154566745
0 0.8411640624999999 0.6718852459016393 0.047765625000000006 0.2920608899297424
0 0.58515625 0.544496487119438 0.8265625000000001 0.4566744730679157
