0 0.48249218750000006 0.4487616822429907 0.222921875 0.8076168224299065
0 0.2293515625 0.5794976635514019 0.14689062500000002 0.5081542056074766
0 0.7091093750000002 0.48273364485981307 0.09484375 0.44999999999999996
0 0.9029609375000001 0.4930957943925234 0.19129687500000003 0.9819859813084112
0 0.295046875 0.430841121495327 0.07981250000000001 0.28658878504672897
0 0.6473984375 0.3746845794392523 0.043984375 0.15941588785046729
0 0.0345625 0.35211448598130834 0.069125 0.23371495327102804
0 0.8249453125000001 0.5308644859813083 0.027234375 0.08196261682242989
0 0.7985234375000001 0.5207827102803737 0.030265625000000004 0.04927570093457943
0 0.7563906250000001 0.4917172897196261 0.062406249999999996 0.42105140186915885
0 0.3715859375 0.48960280373831777 0.061171875 0.31915887850467284
0 0.5701171875000001 0.45232476635514013 0.11810937500000002 0.6752102803738318
0 0.674828125 0.3584345794392523 0.046906250000000003 0.08831775700934578
0 0.48671875000000003 0.47663551401869153 0.8546875 0.3878504672897196
