0 0.5011562500000001 0.651416861826698 0.10553125000000002 0.4322950819672131
0 0.094796875 0.4979391100702576 0.034375 0.12576112412177987
0 0.07475 0.48694379391100706 0.034625 0.13955503512880563
0 0.030734374999999998 0.5359601873536299 0.05246875 0.267423887587822
0 0.7479765625 0.5378220140515223 0.028359375 0.11606557377049181
0 0.15481250000000002 0.5016627634660421 0.022125000000000002 0.11011709601873537
0 0.9402968750000001 0.5978571428571429 0.022093750000000002 0.0833489461358314
0 0.9340937500000002 0.5723887587822014 0.02640625 0.09793911007025762
0 0.969578125 0.5905269320843092 0.021781250000000002 0.03772833723653396
0 0.8398203125000001 0.5821428571428572 0.024203125000000002 0.06653395784543326
0 0.8747031250000001 0.5914168618266978 0.02496875 0.05894613583138174
0 0.889328125 0.5880210772833723 0.01065625 0.054777517564402814
0 0.4595078125 0.5454098360655738 0.059234375 0.2492271662763466
0 0.4859375 0.5199063231850117 0.9625 0.22014051522248243
