0 0.797296875 0.6451882845188284 0.15478125 0.6609205020920502
0 0.6693046875 0.6107635983263598 0.11129687500000002 0.568347280334728
0 0.5579375000000001 0.6265899581589958 0.16590625000000003 0.6247280334728033
0 0.6112734375000001 0.3688493723849372 0.087796875 0.14661087866108785
0 0.49749218750000007 0.3737029288702928 0.065578125 0.1802092050209205
0 0.43143750000000003 0.614163179916318 0.15996875 0.6287866108786611
0 0.2198671875 0.6955020920502092 0.325609375 0.6089958158995816
0 0.35161718750000004 0.5865167364016737 0.11579687500000001 0.5662970711297071
0 0.22265625 0.6472280334728033 0.186375 0.6978870292887028
0 0.373765625 0.3203138075313808 0.1101875 0.13744769874476986
