0 0.2591640625 0.4944007858546169 0.055140625 0.06762278978388998
0 0.643859375 0.5547740667976424 0.0454375 0.1118271119842829
0 0.50353125 0.4815422396856581 0.048375 0.1005697445972495
0 0.6054609375000001 0.5394400785854616 0.045171875 0.06662082514734773
0 0.34850781250000007 0.4955108055009823 0.082203125 0.1730255402750491
0 0.7113437500000002 0.5625049115913555 0.03703125 0.0536935166994106
0 0.7346953125 0.605844793713163 0.051609375000000006 0.11825147347740667
0 0.669671875 0.554007858546169 0.01959375 0.058821218074656186
0 0.5315703125 0.5055500982318271 0.024765625 0.05766208251473477
0 0.2693359375 0.5171119842829076 0.106546875 0.10836935166994105
