0 0.5971471471471471 0.58731 0.24738738738738736 0.2041
0 0.8461861861861862 0.5160699999999999 0.23597597597597597 0.35286
0 0.2564114114114114 0.48760000000000003 0.2532432432432432 0.32460000000000006
0 0.14442942942942943 0.6888399999999999 0.23204204204204204 0.22488
0 0.918963963963964 0.34091000000000005 0.11456456456456456 0.10858
0 0.5727027027027027 0.44403 0.13177177177177177 0.07906
0 0.14923423423423424 0.34301 0.13966966966966965 0.12066
0 0.7035135135135134 0.8943800000000001 0.3745345345345345 0.18428
0 0.5084834834834835 0.43735 0.1703003003003003 0.11818000000000001
0 0.9237837837837838 0.6843300000000001 0.15243243243243243 0.30469999999999997
0 0.29852852852852857 0.30344 0.09531531531531531 0.06148
0 0.39729729729729735 0.38953 0.18420420420420422 0.17942
0 0.6005405405405405 0.31665 0.10966966966966968 0.15822
0 0.45645645645645644 0.43 0.9069069069069069 0.444
