0 0.4808958333333333 0.5596953125 0.3925 0.6831406250000001
0 0.9175833333333333 0.42225 0.05604166666666666 0.0921875
0 0.8463854166666667 0.38853125 0.041604166666666664 0.0615625
0 0.3451979166666667 0.3842890625 0.023770833333333335 0.041984375000000004
0 0.2651145833333333 0.38258593750000003 0.019270833333333334 0.06610937500000001
0 0.29714583333333333 0.3828984375 0.06883333333333333 0.12907812500000002
0 0.14594791666666668 0.39060937500000004 0.07906250000000001 0.14825
0 0.77690625 0.3842109375 0.03897916666666667 0.065171875
0 0.9324270833333334 0.39832031250000005 0.0285625 0.040984375
0 0.0428125 0.39757812500000006 0.05983333333333333 0.15681250000000002
0 0.07024999999999999 0.37503125 0.031875 0.07600000000000001
0 0.9894895833333334 0.38314843750000005 0.021020833333333332 0.034734375000000005
0 0.496875 0.3796875 0.99375 0.096875
