0 0.2607265625 0.4214988290398127 0.10695312500000001 0.6396252927400469
0 0.8085625000000001 0.04249414519906323 0.01371875 0.051077283372365334
0 0.19900781250000002 0.5225058548009368 0.15214062500000003 0.8435128805620609
0 0.8072265625 0.37581967213114753 0.104109375 0.3604449648711944
0 0.49176562500000004 0.3910070257611241 0.1259375 0.4988758782201405
0 0.7088046875 0.04724824355971897 0.015765625000000002 0.05988290398126464
0 0.6860468750000001 0.04386416861826698 0.01878125 0.06173302107728337
0 0.8633046875 0.04679156908665105 0.014953125000000001 0.04847775175644028
0 0.673390625 0.050444964871194375 0.008843750000000001 0.04908665105386417
0 0.7203359375 0.04588992974238876 0.013484375000000002 0.05758782201405152
0 0.9123203125 0.4460655737704918 0.12145312500000001 0.23597189695550352
0 0.7759921875 0.039836065573770486 0.017671875 0.06491803278688524
0 0.87165625 0.04345433255269321 0.01209375 0.04901639344262295
0 0.8 0.05035128805620609 0.384375 0.10070257611241218
