0 0.5760937500000001 0.5969561243144424 0.055406250000000004 0.1403107861060329
0 0.7681953125000001 0.59845521023766 0.036953124999999996 0.14776965265082267
0 0.16262500000000002 0.6039945155393053 0.0286875 0.1523034734917733
0 0.11934375 0.626636197440585 0.04521875 0.06489945155393052
0 0.4800312500000001 0.5942504570383912 0.01815625 0.04996343692870201
0 0.7055625 0.5347806215722122 0.03759375 0.05478976234003656
0 0.21553125 0.5791407678244973 0.01109375 0.031992687385740404
0 0.14382031250000002 0.6057952468007313 0.020390625000000002 0.07191956124314443
0 0.43325781249999995 0.3902193784277879 0.019609375000000002 0.03155393053016454
0 0.32709375 0.6224680073126143 0.018 0.05056672760511883
0 0.09926562500000001 0.6296526508226691 0.04246875 0.15875685557586838
0 0.8245 0.5026782449725777 0.005531250000000001 0.022760511882998172
0 0.6765625000000001 0.5168464351005484 0.018343750000000002 0.0243327239488117
0 0.44453125000000004 0.4936014625228519 0.8296875 0.3327239488117002
