0 0.2826797385620915 0.6223611111111111 0.1215686274509804 0.3509640522875817
0 0.3825571895424837 0.4406699346405229 0.07867647058823529 0.15075163398692812
0 0.44937091503267973 0.2990359477124183 0.021944444444444444 0.056797385620915034
0 0.5458823529411765 0.29750000000000004 0.03294117647058824 0.06777777777777777
0 0.6797140522875817 0.33339869281045753 0.0451797385620915 0.11813725490196078
0 0.7166666666666667 0.30752450980392154 0.028986928104575163 0.06181372549019608
0 0.8615032679738562 0.2837254901960784 0.04712418300653595 0.15179738562091505
0 0.8305964052287582 0.2928921568627451 0.04939542483660131 0.0980718954248366
0 0.5670996732026145 0.642826797385621 0.1532843137254902 0.3765686274509804
0 0.4646895424836601 0.28076797385620916 0.0430718954248366 0.09689542483660131
0 0.5740522875816995 0.27725490196078434 0.033823529411764704 0.08794117647058824
0 0.2326633986928105 0.35928921568627453 0.07686274509803921 0.1984150326797386
0 0.6338316993464053 0.27941176470588236 0.028545751633986927 0.08908496732026144
0 0.5343137254901961 0.28022875816993464 0.9281045751633987 0.119281045751634
