0 0.23878906249999998 0.7464999999999999 0.010953125000000001 0.015583333333333334
0 0.4131250000000001 0.7858333333333333 0.017906250000000002 0.04770833333333333
0 0.47647656250000003 0.7951250000000001 0.013234375000000001 0.05
0 0.10296875000000001 0.9547500000000001 0.0765625 0.0885
0 0.60109375 0.792875 0.009 0.02395833333333333
0 0.605 0.7955833333333333 0.00428125 0.021791666666666668
0 0.6280703125 0.9007916666666667 0.016421875 0.06770833333333333
0 0.7498984375000001 0.8779166666666667 0.012453125 0.023375
0 0.6242968750000001 0.8458958333333334 0.013531250000000002 0.049875
0 0.3253671875 0.77321875 0.008234375 0.013020833333333334
0 0.33509375 0.7696666666666666 0.01178125 0.02275
0 0.611453125 0.9197291666666667 0.02034375 0.06216666666666667
0 0.460875 0.7855520833333334 0.009750000000000002 0.0480625
0 0.5 0.671875 0.9968750000000001 0.6520833333333333
