0 0.371046875 0.5202699530516433 0.28034375 0.8941549295774649
0 0.5503828125 0.506924882629108 0.08035937500000001 0.3592957746478873
0 0.1380390625 0.36021126760563377 0.028109375 0.04464788732394366
0 0.8585000000000002 0.49321596244131455 0.0205625 0.10084507042253521
0 0.10321093749999999 0.31508215962441316 0.039203125000000005 0.10326291079812207
0 0.058124999999999996 0.30583333333333335 0.0165625 0.08532863849765258
0 0.154 0.3222535211267606 0.021843750000000002 0.07262910798122066
0 0.20134375000000004 0.3206924882629108 0.024 0.07049295774647887
0 0.17223437500000002 0.3278286384976526 0.023375000000000003 0.06359154929577465
0 0.1269375 0.3076995305164319 0.0221875 0.08906103286384977
