0 0.41907812499999997 0.4913607594936708 0.15256250000000002 0.24139240506329113
0 0.5544765625 0.615379746835443 0.161984375 0.37436708860759493
0 0.763421875 0.125 0.10787500000000001 0.2162025316455696
0 0.7893984375 0.5704588607594937 0.18885937500000002 0.32174050632911394
0 0.8221796875000001 0.1179746835443038 0.044390625 0.20449367088607595
0 0.233109375 0.5615822784810127 0.197 0.300253164556962
0 0.5970078125 0.12835443037974684 0.095515625 0.17113924050632912
0 0.097078125 0.5584335443037974 0.18787500000000001 0.26996835443037975
0 0.47261718750000004 0.13338607594936708 0.121078125 0.14455696202531645
0 0.6611875 0.5788291139240507 0.23359375000000002 0.3062658227848101
0 0.359984375 0.5813607594936709 0.19946875 0.2610759493670886
0 0.14159375000000002 0.5170569620253164 0.12037500000000001 0.3632911392405063
0 0.19344531250000002 0.07087025316455696 0.11992187500000001 0.14174050632911392
0 0.5945312500000001 0.3639240506329114 0.8078125 0.7278481012658228
