0 0.58303125 0.7612646370023419 0.1743125 0.27250585480093675
0 0.49315625 0.48238875878220144 0.20099999999999998 0.31007025761124124
0 0.590046875 0.5471896955503512 0.0274375 0.11203747072599532
0 0.3717734375 0.5112529274004683 0.020890625 0.06063231850117096
0 0.71234375 0.5439812646370024 0.0165625 0.10637002341920375
0 0.764140625 0.5070725995316159 0.01215625 0.0253864168618267
0 0.3595625 0.693688524590164 0.17825000000000002 0.3453629976580796
0 0.3176640625 0.5013114754098361 0.006234375 0.011943793911007024
0 0.32959375 0.5320491803278689 0.020875 0.05744730679156909
0 0.23151562500000003 0.5500702576112412 0.021375 0.08177985948477752
0 0.3189765625 0.5803747072599531 0.020546875000000003 0.06646370023419204
0 0.6938828125000001 0.5489344262295082 0.019078125 0.10451990632318502
0 0.51875 0.5538641686182669 0.878125 0.16159250585480095
