0 0.65659375 0.6209367681498829 0.29653125 0.7233723653395785
0 0.8186875000000001 0.5337704918032786 0.0641875 0.38702576112412174
0 0.8523359375 0.452903981264637 0.027328124999999998 0.1920374707259953
0 0.9774687499999999 0.3909718969555035 0.045062500000000005 0.39819672131147543
0 0.09936718750000001 0.43951990632318505 0.067859375 0.2637236533957845
0 0.8766953125000001 0.4448009367681499 0.030828125 0.1952224824355972
0 0.06699218750000001 0.3877166276346604 0.022578125 0.05313817330210773
0 0.9057109375 0.40954332552693207 0.031265625000000005 0.05515222482435597
0 0.9175546875 0.7988875878220141 0.164890625 0.3483138173302108
0 0.9329140625000001 0.40446135831381735 0.018296875 0.05014051522248244
0 0.041406250000000006 0.382271662763466 0.021906250000000002 0.03765807962529274
0 0.5292734375 0.35894613583138174 0.062734375 0.06318501170960188
0 0.9528515624999999 0.43320843091334893 0.028578125 0.11859484777517565
