0 0.68848 0.63752 0.02528 0.13034666666666667
0 0.7508400000000001 0.6824533333333334 0.038759999999999996 0.14831999999999998
0 0.78855 0.6867733333333333 0.02554 0.12602666666666665
0 0.80549 0.6364533333333333 0.0257 0.08085333333333333
0 0.38792000000000004 0.5806666666666667 0.026760000000000003 0.09301333333333334
0 0.40962000000000004 0.579 0.013519999999999999 0.09085333333333333
0 0.609 0.6120133333333333 0.02856 0.10647999999999999
0 0.6625899999999999 0.6497066666666667 0.0381 0.13578666666666667
0 0.9880400000000001 0.6868533333333333 0.023920000000000004 0.1656
0 0.40038999999999997 0.5219199999999999 0.012220000000000002 0.040959999999999996
0 0.6422300000000001 0.6284933333333333 0.02922 0.15864
