0 0.12742968750000003 0.2533802816901408 0.07795312500000001 0.15539906103286386
0 0.4058671875 0.5183215962441314 0.144515625 0.576924882629108
0 0.6974687500000001 0.5875469483568075 0.32565625 0.2505399061032864
0 0.70934375 0.42875586854460096 0.058375 0.1715492957746479
0 0.5449453125 0.23084507042253521 0.067453125 0.0855868544600939
0 0.6854375 0.12167840375586855 0.056281250000000005 0.16068075117370892
0 0.5066406250000001 0.18024647887323944 0.06256250000000001 0.16058685446009388
0 0.20492187499999998 0.4820305164319249 0.2034375 0.42471830985915493
0 0.6102812500000001 0.44830985915492966 0.1765 0.5370892018779343
0 0.910328125 0.4335915492957747 0.08575 0.2976525821596244
0 0.3940078125 0.17950704225352113 0.065453125 0.10258215962441315
0 0.5718828125000001 0.18980046948356805 0.021015625 0.06246478873239437
0 0.8543515625000002 0.15181924882629108 0.065859375 0.10321596244131455
0 0.496875 0.17370892018779344 0.9906250000000001 0.3474178403755869
