0 0.11900835073068892 0.5350234375 0.09951983298538622 0.21420312500000002
0 0.21922755741127345 0.5221796875 0.0847599164926931 0.19457812500000002
0 0.2205949895615866 0.7156484375000001 0.1434446764091858 0.174328125
0 0.36810020876826716 0.7126796875000001 0.16037578288100204 0.181984375
0 0.6774634655532358 0.7385546875 0.24970772442588723 0.420203125
0 0.9410229645093945 0.846953125 0.044133611691022964 0.21246874999999998
0 0.6201565762004175 0.432203125 0.05154488517745302 0.08653125
0 0.5681837160751566 0.43936718750000003 0.04275574112734864 0.098296875
0 0.34392484342379953 0.4399453125 0.0438830897703549 0.08692187500000001
0 0.3944780793319415 0.42235937500000004 0.039645093945720244 0.0775625
0 0.430250521920668 0.4204296875 0.030981210855949893 0.070390625
0 0.14312108559498954 0.4259921875 0.04281837160751566 0.08326562500000001
0 0.16841336116910224 0.4356953125 0.034864300626304794 0.098421875
0 0.3538622129436325 0.44375000000000003 0.3778705636743215 0.13125
