0 0.35615625 0.7268854166666666 0.39775000000000005 0.5462291666666667
0 0.9245156250000002 0.67621875 0.15096875 0.3994375
0 0.074609375 0.7209583333333333 0.08553125 0.197
0 0.90490625 0.68684375 0.03759375 0.04152083333333333
0 0.7481953125 0.7482916666666667 0.342953125 0.5034166666666666
0 0.583703125 0.7198229166666666 0.1630625 0.49072916666666666
0 0.6910468750000001 0.7951874999999999 0.031625 0.14183333333333334
0 0.6147265625 0.5751770833333334 0.054265625 0.20235416666666664
0 0.8598437500000001 0.7406979166666667 0.07950000000000002 0.13747916666666665
0 0.9377734375000002 0.5606875 0.039296875 0.16116666666666665
0 0.213140625 0.6917395833333334 0.0676875 0.1230625
0 0.1289296875 0.7479479166666667 0.16551562500000003 0.21502083333333333
