0 0.2156796875 0.6200131233595801 0.136796875 0.5678477690288714
0 0.32409375000000007 0.519750656167979 0.11209374999999999 0.39104986876640424
0 0.46910937500000005 0.5094881889763779 0.19740625 0.4117847769028871
0 0.5269921875 0.42877952755905513 0.10707812500000001 0.24769028871391077
0 0.6399921875000001 0.5355511811023622 0.216515625 0.355511811023622
0 0.816890625 0.541010498687664 0.09003125000000001 0.3380314960629921
0 0.9096171875 0.5504593175853019 0.114578125 0.4346719160104987
0 0.7443437500000001 0.5469553805774279 0.07015625 0.3188451443569554
0 0.05260937500000001 0.6422703412073492 0.10521875000000001 0.6935170603674541
0 0.11371093750000001 0.6528083989501313 0.085609375 0.6629396325459318
0 0.6178750000000001 0.4576509186351706 0.07918750000000001 0.16931758530183727
0 0.4085234375 0.4301574803149606 0.073234375 0.1958530183727034
