0 0.5050703125 0.23620283018867924 0.22082812500000004 0.3569811320754717
0 0.8751562500000001 0.5004127358490565 0.0174375 0.03540094339622641
0 0.8593828125 0.5249646226415093 0.017015625000000003 0.09337264150943397
0 0.8361015625000001 0.5252712264150943 0.031921875 0.10087264150943397
0 0.796296875 0.5230778301886793 0.018875000000000003 0.09398584905660377
0 0.774 0.45429245283018865 0.0174375 0.046226415094339626
0 0.653078125 0.44139150943396227 0.019625000000000004 0.04858490566037736
0 0.7605312500000001 0.4952594339622641 0.015562500000000002 0.034669811320754716
0 0.0604765625 0.45985849056603767 0.019984375 0.054716981132075466
0 0.0156875 0.4779127358490566 0.0308125 0.04884433962264151
0 0.746078125 0.5205188679245283 0.02034375 0.09617924528301887
0 0.8176484374999999 0.5008962264150943 0.015265625 0.02971698113207547
0 0.08461718750000001 0.45850235849056603 0.023015625 0.04577830188679245
0 0.40234375 0.49646226415094336 0.7703125000000001 0.1061320754716981
