0 0.7780228758169935 0.7446568627450981 0.40807189542483663 0.47084967320261445
0 0.1168545751633987 0.2584313725490196 0.2202124183006536 0.4674183006535948
0 0.23595588235294118 0.7431290849673202 0.4584150326797386 0.47191176470588236
0 0.32381535947712414 0.1946813725490196 0.14106209150326798 0.3507679738562091
0 0.5688153594771242 0.2786519607843137 0.20619281045751633 0.42697712418300654
0 0.6549754901960785 0.27889705882352944 0.25609477124183005 0.42433006535947715
0 0.22973039215686275 0.2623856209150327 0.35135620915032684 0.4819934640522876
0 0.41861928104575163 0.8588153594771243 0.019787581699346406 0.07766339869281046
0 0.36051470588235296 0.8584477124183006 0.053545751633986935 0.0888562091503268
0 0.44315359477124183 0.8533169934640523 0.030326797385620913 0.06581699346405229
0 0.4624183006535948 0.8544852941176472 0.017483660130718955 0.07808823529411765
0 0.4753349673202614 0.859403594771242 0.026813725490196078 0.06602941176470588
