0 0.44350000000000006 0.5311971830985917 0.16903125000000002 0.6853990610328639
0 0.2640078125 0.764049295774648 0.24979687500000003 0.44495305164319254
0 0.723953125 0.882018779342723 0.18846875000000002 0.21347417840375588
0 0.4865390625 0.8887910798122066 0.199984375 0.22241784037558687
0 0.38271875 0.16754694835680753 0.02296875 0.08626760563380281
0 0.0477109375 0.22808685446009389 0.033203125 0.18274647887323942
0 0.10892968750000001 0.1721830985915493 0.039515625 0.08962441314553991
0 0.15135937500000002 0.20685446009389674 0.033625 0.1523943661971831
0 0.220625 0.4685328638497653 0.17500000000000002 0.5235915492957747
0 0.6515234375000001 0.09768779342723005 0.023984375000000002 0.040352112676056345
0 0.8202578125000001 0.10001173708920187 0.019203125 0.07190140845070422
0 0.016125 0.1725469483568075 0.0321875 0.09673708920187794
0 0.36026562500000003 0.06949530516431925 0.0318125 0.0642018779342723
0 0.5 0.13849765258215962 0.9968750000000001 0.27699530516431925
