0 0.21840625000000002 0.5190515222482436 0.42484374999999996 0.9394613583138173
0 0.8654765625 0.316463700234192 0.032453125 0.07213114754098361
0 0.7055078125 0.5985362997658079 0.205859375 0.7308430913348946
0 0.931046875 0.6240281030444965 0.13790625 0.7191100702576112
0 0.8229296875 0.46373536299765805 0.07723437500000001 0.3414285714285714
0 0.400703125 0.3734426229508197 0.041843750000000006 0.1892271662763466
0 0.48951562499999995 0.5112295081967213 0.1424375 0.43370023419203746
0 0.4388984375 0.3627634660421546 0.027140625 0.16412177985948478
0 0.5262734375 0.6911826697892272 0.215078125 0.6176346604215457
0 0.33146875 0.3224941451990632 0.042625 0.13295081967213115
0 0.8665156250000001 0.4754215456674473 0.05771875 0.3136065573770492
0 0.07640625000000001 0.33782201405152223 0.03471875 0.10468384074941453
0 0.0589140625 0.30389929742388755 0.017328125 0.04156908665105386
0 0.17343750000000002 0.38173302107728335 0.30625 0.2154566744730679
