0 0.1267109375 0.59528125 0.06135937500000001 0.19502083333333334
0 0.0481484375 0.59571875 0.048984375000000004 0.24322916666666666
0 0.41980468750000005 0.53671875 0.05651562500000001 0.1581875
0 0.6044609375000001 0.5678125 0.06142187500000001 0.2977916666666667
0 0.2723984375 0.52034375 0.014296875 0.0553125
0 0.337421875 0.5010104166666667 0.00625 0.03647916666666667
0 0.287015625 0.5244166666666666 0.017249999999999998 0.06129166666666667
0 0.39901562500000004 0.6328854166666668 0.05028125 0.08464583333333334
0 0.317046875 0.4994479166666666 0.0130625 0.036229166666666666
0 0.014851562500000002 0.5895416666666667 0.027203125 0.09375
0 0.8407265625000001 0.44356249999999997 0.053453125000000004 0.07904166666666666
0 0.32935156250000003 0.5063645833333332 0.011640625000000002 0.043145833333333335
