0 0.3648645833333333 0.20495312500000004 0.051062500000000004 0.0518125
0 0.09408333333333332 0.2728125 0.07425 0.07259375
0 0.0274375 0.9570625 0.050666666666666665 0.085875
0 0.7381041666666667 0.1379921875 0.5237916666666667 0.246796875
0 0.5828229166666666 0.1771875 0.043979166666666666 0.047125
0 0.5446354166666667 0.1837578125 0.036187500000000004 0.042390625
0 0.46296875 0.61703125 0.09618750000000001 0.1206875
0 0.6058958333333333 0.129953125 0.04591666666666666 0.04590625
0 0.13240625 0.23105468750000002 0.03822916666666667 0.044359375000000006
0 0.1538645833333333 0.18944531250000002 0.04635416666666667 0.036890625
0 0.40565625 0.199453125 0.034937499999999996 0.046125
0 0.5024479166666667 0.18510937500000002 0.04022916666666666 0.03078125
0 0.1934375 0.18203125 0.042291666666666665 0.04503125
0 0.4666666666666667 0.1125 0.9333333333333333 0.225
