0 0.4331562500000001 0.6964791666666666 0.10665625000000001 0.3719166666666667
0 0.31348437500000004 0.6720625 0.11796875000000001 0.3595416666666667
0 0.2085234375 0.6616979166666667 0.084078125 0.32285416666666666
0 0.10684375 0.6511979166666666 0.10049999999999999 0.3361458333333333
0 0.6630078125000001 0.37725 0.069265625 0.139625
0 0.10941406250000002 0.3011770833333333 0.084703125 0.2964791666666667
0 0.14975000000000002 0.3344166666666667 0.048375 0.10008333333333333
0 0.5980000000000001 0.39928125 0.05175 0.17472916666666669
0 0.053476562500000005 0.3188020833333333 0.06651562500000001 0.26660416666666664
0 0.835671875 0.18094791666666665 0.1078125 0.2543125
0 0.0398359375 0.6208020833333333 0.079671875 0.3406875
0 0.3598125 0.20066666666666666 0.04653125 0.08829166666666667
0 0.029812500000000006 0.19038541666666667 0.05512500000000001 0.25777083333333334
