0 0.479390625 0.4847279792746115 0.16796875 0.3922538860103627
0 0.2904453125 0.44556994818652856 0.15957812500000002 0.28253886010362694
0 0.3263359375 0.3829274611398964 0.086515625 0.232279792746114
0 0.13112500000000002 0.531321243523316 0.05550000000000001 0.4019170984455958
0 0.08015625 0.5338212435233161 0.07690625000000001 0.40163212435233164
0 0.8023671875 0.547098445595855 0.071765625 0.35
0 0.5004296875 0.4266968911917099 0.036296875 0.14976683937823834
0 0.690359375 0.4879663212435233 0.0845625 0.5439119170984456
0 0.903921875 0.545919689119171 0.06275 0.33774611398963733
0 0.643484375 0.5731476683937824 0.04459375 0.3151036269430052
0 0.15962500000000002 0.42932642487046635 0.0166875 0.0633678756476684
0 0.19003906250000002 0.4437823834196892 0.07079687500000001 0.2073575129533679
0 0.9833281249999999 0.5327849740932642 0.03334375 0.36862694300518134
0 0.49843750000000003 0.3588082901554404 0.9968750000000001 0.7124352331606217
