0 0.696703125 0.7637032710280374 0.09696875 0.4725934579439252
0 0.63609375 0.7670794392523363 0.0715625 0.4611214953271028
0 0.8039999999999999 0.7550584112149531 0.0991875 0.46740654205607474
0 0.0360703125 0.7348364485981308 0.072140625 0.5033644859813083
0 0.48766406249999994 0.7322079439252336 0.10670312500000001 0.512359813084112
0 0.3666796875 0.7359579439252336 0.141265625 0.505607476635514
0 0.22316406250000004 0.7730373831775701 0.10670312500000001 0.4494392523364486
0 0.8811249999999999 0.7454906542056075 0.10543750000000002 0.4864953271028037
0 0.3435 0.5718457943925234 0.10821875000000002 0.2345327102803738
0 0.955359375 0.749357476635514 0.08684375 0.4597429906542056
