0 0.4991328125 0.58753125 0.098328125 0.2263125
0 0.4963203125000001 0.4081041666666667 0.055234375 0.08695833333333333
0 0.5273046874999999 0.36354166666666665 0.046953125000000005 0.154875
0 0.566484375 0.44515625000000003 0.03225 0.034479166666666665
0 0.5645859375 0.49997916666666664 0.028921875000000003 0.05875
0 0.6410859375000001 0.52990625 0.008828125000000001 0.013729166666666666
0 0.5212734375 0.303 0.053953125000000005 0.1105
0 0.5523515625000001 0.33997916666666667 0.024328125000000003 0.08045833333333333
0 0.665375 0.5249479166666666 0.0199375 0.026104166666666664
0 0.4889062500000001 0.4799583333333333 0.0749375 0.12512500000000001
0 0.793046875 0.5346041666666667 0.018875000000000003 0.019375
0 0.5515390625000001 0.5226145833333333 0.07320312500000001 0.1166875
0 0.5530078125000001 0.4111041666666666 0.027140625 0.06916666666666667
0 0.5 0.4510416666666667 0.9968750000000001 0.18541666666666667
