0 0.7208333333333333 0.265125 0.08320833333333333 0.0890625
0 0.4344583333333334 0.5067343750000001 0.33558333333333334 0.42471875000000003
0 0.23565625 0.30975 0.06977083333333334 0.16025
0 0.6837708333333333 0.607328125 0.23933333333333331 0.2555
0 0.7325937499999999 0.366296875 0.18277083333333333 0.22471875
0 0.61109375 0.30000000000000004 0.10427083333333333 0.18828125
0 0.8923020833333334 0.37264062500000006 0.19185416666666666 0.19278125000000002
0 0.5138125 0.26815625000000004 0.08762500000000001 0.0778125
0 0.9709479166666667 0.27211718749999997 0.058104166666666665 0.100546875
0 0.30491666666666667 0.28064843749999996 0.06883333333333333 0.090359375
0 0.21405208333333334 0.402015625 0.14952083333333333 0.13778125000000002
0 0.8816249999999999 0.2758984375 0.0845 0.082828125
0 0.496875 0.3640625 0.99375 0.359375
