0 0.10839062500000002 0.6848117154811716 0.21000000000000002 0.6076987447698745
0 0.2834375 0.5878451882845188 0.08915625 0.2117154811715481
0 0.44097656250000006 0.5726046025104602 0.095328125 0.2559623430962343
0 0.5622109375000001 0.5103661087866108 0.031234374999999998 0.10985355648535564
0 0.5743046875000001 0.4963493723849372 0.022046875 0.0955439330543933
0 0.6039765625 0.4952196652719665 0.023109375 0.08633891213389121
0 0.6950078125000001 0.5030962343096235 0.028484375000000003 0.10104602510460249
0 0.9525000000000001 0.6558786610878661 0.095 0.6882426778242677
0 0.7391093750000001 0.48064853556485354 0.02140625 0.06987447698744768
0 0.4904140625 0.522081589958159 0.044671875 0.15286610878661086
0 0.5240312500000001 0.5156066945606694 0.03125 0.13401673640167364
0 0.64153125 0.5188493723849372 0.0341875 0.11958158995815898
