0 0.332080078125 0.758984375 0.05603515625 0.12293750000000002
0 0.181591796875 0.80065625 0.09267578125 0.23278125
0 0.09130859375 0.7916875000000001 0.117109375 0.24009375
0 0.38478515625 0.7356171875 0.0549609375 0.12070312500000001
0 0.284306640625 0.7233593750000001 0.06970703125 0.17118750000000002
0 0.587080078125 0.7505625 0.10111328125 0.19775
0 0.5966210937499999 0.6041796875 0.0630859375 0.138359375
0 0.413173828125 0.8732890625 0.13623046875 0.238546875
0 0.4840625 0.6004296875000001 0.0566796875 0.073765625
0 0.43890625 0.7074296875 0.058515625 0.11304687499999999
0 0.7207910156249999 0.653515625 0.04986328125 0.104375
0 0.660859375 0.58434375 0.044921875 0.04446875
0 0.6880957031249999 0.6229765625000001 0.04064453125 0.096203125
0 0.408203125 0.7117187500000001 0.8125 0.3484375
