0 0.85659375 0.2904179104477612 0.017 0.035522388059701496
0 0.8453515625 0.3017910447761194 0.011359375 0.06776119402985074
0 0.7727109375000001 0.3276119402985075 0.009546875000000002 0.051880597014925374
0 0.6823593750000001 0.3558955223880597 0.00871875 0.03429850746268657
0 0.447734375 0.39385074626865674 0.0025312500000000005 0.010865671641791046
0 0.744234375 0.33761194029850744 0.01146875 0.04507462686567164
0 0.9340234375000002 0.26971641791044776 0.011984375 0.08546268656716417
0 0.9022812499999999 0.27873134328358207 0.01225 0.058059701492537315
0 0.85825 0.32117910447761194 0.011500000000000002 0.03656716417910448
0 0.9796562500000001 0.2583731343283582 0.013875000000000002 0.08128358208955225
0 0.7629453125 0.33183582089552244 0.006109375 0.04092537313432836
0 0.63828125 0.3402985074626866 0.6296875000000001 0.1492537313432836
