0 0.42304687500000004 0.6295983379501385 0.5096875 0.740803324099723
0 0.38596875 0.8325761772853184 0.06465625000000001 0.20448753462603877
0 0.1330625 0.6698614958448753 0.09996875 0.2476454293628809
0 0.7797968750000001 0.6851108033240997 0.08515625 0.37310249307479226
0 0.8452500000000001 0.6849584487534627 0.06675 0.32182825484764543
0 0.847078125 0.8822853185595568 0.13240625 0.2347645429362881
0 0.7360078125 0.8970498614958449 0.064734375 0.1721606648199446
0 0.9681250000000001 0.8567451523545706 0.06375 0.28650969529085873
0 0.19774218750000003 0.8213434903047091 0.19520312500000003 0.33481994459833797
0 0.7295390625000001 0.9201662049861496 0.102859375 0.15966759002770084
0 0.7149296875000001 0.8154986149584487 0.086390625 0.18457063711911356
0 0.90996875 0.9182825484764543 0.04928125 0.15745152354570638
0 0.6929765625000001 0.6868144044321329 0.078265625 0.2640443213296399
0 0.45703125 0.7451523545706371 0.9140625 0.5041551246537396
