0 0.39831250000000007 0.5287083333333333 0.0143125 0.04670833333333334
0 0.419125 0.5300729166666667 0.026812500000000003 0.05547916666666666
0 0.3042265625 0.5400520833333333 0.026359375000000004 0.0388125
0 0.36919531250000004 0.5309375 0.032296875 0.06304166666666666
0 0.4501640625000001 0.5451458333333333 0.010921875000000001 0.022833333333333334
0 0.740703125 0.5698125 0.09628125 0.04729166666666666
0 0.6163046875 0.55053125 0.009984375 0.0389375
0 0.6478828125 0.54625 0.012359375 0.022208333333333333
0 0.6790781250000001 0.5531666666666666 0.018093750000000002 0.035791666666666666
0 0.5709140625 0.5485000000000001 0.011171875000000001 0.034041666666666665
0 0.23243750000000005 0.52 0.04656250000000001 0.034708333333333334
0 0.759828125 0.5338645833333333 0.00609375 0.008270833333333333
0 0.5906328125 0.5552291666666667 0.007609375000000001 0.016874999999999998
0 0.503125 0.5510416666666667 0.70625 0.10208333333333333
