0 0.3686640625 0.6303541666666667 0.6513593750000001 0.7392916666666667
0 0.47685937500000003 0.6721458333333333 0.33543750000000006 0.6557083333333333
0 0.8521875 0.4136666666666667 0.11921875 0.22058333333333333
0 0.7938203125000001 0.47640625000000003 0.15842187500000002 0.14831249999999999
0 0.5406953124999999 0.36934374999999997 0.21254687500000002 0.2088125
0 0.6258203125000001 0.37414583333333334 0.07201562500000001 0.19129166666666664
0 0.9398359374999998 0.35960416666666667 0.093546875 0.11104166666666666
0 0.9133593750000002 0.6818229166666666 0.17059375000000002 0.5960208333333332
0 0.701640625 0.48812500000000003 0.12065625 0.22904166666666667
0 0.9425078125000002 0.8686666666666667 0.11320312500000002 0.26266666666666666
0 0.348859375 0.46911458333333333 0.0779375 0.11485416666666667
0 0.7276093750000001 0.76453125 0.37596875 0.4709375
