0 0.9891718750000001 0.39986458333333336 0.021 0.1000625
0 0.35015625000000006 0.39764583333333337 0.022625000000000003 0.07741666666666666
0 0.6473671875 0.39591666666666664 0.013734375 0.075625
0 0.3232421875 0.39608333333333334 0.016453125 0.076625
0 0.7015156250000001 0.3744166666666667 0.010937500000000001 0.029666666666666668
0 0.4541171875 0.39628125000000003 0.009328125 0.04039583333333333
0 0.9590000000000001 0.3679479166666666 0.01734375 0.04952083333333333
0 0.9206328125000001 0.37767708333333333 0.020921875000000003 0.0596875
0 0.9223515625000002 0.40307291666666667 0.024953125000000003 0.0949375
0 0.9803984374999999 0.39519791666666665 0.019328125 0.10710416666666665
0 0.4275390625 0.38068749999999996 0.015390625 0.03320833333333333
0 0.8456406249999999 0.37976041666666666 0.015375 0.03264583333333333
0 0.9448593750000001 0.3961145833333333 0.03284375 0.11022916666666666
0 0.35234375 0.38645833333333335 0.5859375 0.07291666666666667
