0 0.5499375000000001 0.48065573770491804 0.0228125 0.08271662763466042
0 0.8974062500000001 0.5183723653395784 0.041843750000000006 0.13393442622950819
0 0.11406250000000001 0.49405152224824356 0.04984375 0.17911007025761125
0 0.07207812499999999 0.49677985948477754 0.0459375 0.17046838407494147
0 0.52859375 0.4650702576112412 0.022156250000000002 0.10447306791569086
0 0.5918828125000001 0.4802459016393443 0.030109375 0.1489695550351288
0 0.62375 0.4643559718969555 0.01103125 0.04918032786885246
0 0.9313828124999999 0.5305503512880562 0.031015625000000005 0.1367447306791569
0 0.9705078125000001 0.5350234192037471 0.058984375000000006 0.1773536299765808
0 0.7195234375 0.46909836065573773 0.014828125000000001 0.06779859484777517
0 0.9203749999999999 0.4681498829039813 0.01446875 0.04243559718969555
0 0.8196328125000001 0.5034426229508197 0.032015625 0.06234192037470726
0 0.9454921874999999 0.4660655737704918 0.008390625 0.05259953161592506
0 0.6023437500000001 0.49414519906323184 0.7546875000000001 0.12646370023419204
