0 0.5863593750000001 0.6224292452830188 0.16028125000000001 0.45490566037735847
0 0.8029140625000001 0.6581957547169812 0.29945312500000004 0.6836084905660378
0 0.3962109375 0.6015330188679245 0.237328125 0.5551415094339622
0 0.14842968750000002 0.618183962264151 0.29685937500000004 0.665377358490566
0 0.3330546875 0.42159198113207547 0.080671875 0.2657783018867924
0 0.299375 0.390436320754717 0.04903125 0.3369575471698113
0 0.3653515625 0.27926886792452826 0.08145312500000002 0.16273584905660377
0 0.4771796875 0.355566037735849 0.129546875 0.48268867924528297
0 0.1115078125 0.4084198113207547 0.078703125 0.13117924528301886
0 0.14440625 0.3728066037735849 0.03778125 0.08466981132075471
0 0.047875 0.5112853773584906 0.09393750000000001 0.3761556603773585
