0 0.48024218750000003 0.5064814814814815 0.21379687500000003 0.5131808278867103
0 0.171640625 0.438202614379085 0.15309375000000003 0.34159041394335515
0 0.932203125 0.3006427015250545 0.08762500000000001 0.3181045751633987
0 0.5022031250000001 0.11687363834422658 0.09250000000000001 0.10673202614379086
0 0.6136328125 0.1268736383442266 0.072890625 0.07766884531590415
0 0.6887421875 0.11917211328976036 0.08089062500000001 0.09455337690631808
0 0.4115703125000001 0.1310566448801743 0.09026562500000002 0.09078431372549021
0 0.9123984375000002 0.08157952069716777 0.080046875 0.15413943355119827
0 0.7897109375000001 0.1179847494553377 0.07735937500000001 0.09662309368191722
0 0.50703125 0.08588235294117648 0.09165625 0.13320261437908498
0 0.43007812500000003 0.08581699346405229 0.08634375 0.1620479302832244
0 0.5554140625 0.06601307189542484 0.060203125 0.13202614379084968
0 0.6267812500000001 0.07961873638344227 0.0763125 0.12633986928104576
0 0.25625000000000003 0.09477124183006537 0.25 0.18954248366013074
