0 0.9060078125000001 0.5910163934426229 0.057828125 0.36852459016393446
0 0.4756796875 0.6462786885245901 0.026421875 0.3720983606557377
0 0.9529375 0.613327868852459 0.0335 0.45491803278688525
0 0.22728125000000002 0.47878688524590163 0.04000000000000001 0.061967213114754095
0 0.19283593750000003 0.48670491803278687 0.027671875000000002 0.06068852459016394
0 0.1677265625 0.47090163934426227 0.019234375 0.05990163934426229
0 0.09541406250000001 0.5621639344262295 0.022796875 0.24314754098360655
0 0.5714453125000001 0.4616557377049181 0.016765625000000003 0.015114754098360658
0 0.15234375 0.46967213114754097 0.021968750000000002 0.03331147540983607
0 0.4320859375000001 0.581639344262295 0.053078125000000004 0.3445901639344262
0 0.60978125 0.47209836065573774 0.0185 0.02839344262295082
