0 0.8134 0.8848198198198197 0.0728 0.1847147147147147
0 0.90794 0.8356456456456456 0.07436 0.0754954954954955
0 0.7098499999999999 0.7333783783783784 0.046579999999999996 0.07324324324324324
0 0.67349 0.7498498498498498 0.02934 0.1303303303303303
0 0.51685 0.6598348348348348 0.03554 0.14315315315315316
0 0.5356900000000001 0.626006006006006 0.027460000000000002 0.057537537537537535
0 0.45852 0.5829429429429429 0.01392 0.030690690690690692
0 0.39089999999999997 0.5274474474474474 0.018760000000000002 0.043243243243243246
0 0.37854 0.5383933933933934 0.027039999999999998 0.04315315315315315
0 0.93088 0.615 0.039799999999999995 0.061111111111111116
0 0.5603000000000001 0.6886486486486486 0.0474 0.11369369369369368
0 0.43945 0.6013213213213213 0.03474 0.12648648648648647
0 0.8879 0.5519519519519519 0.04344 0.08168168168168168
0 0.736 0.5165165165165165 0.464 0.23423423423423423
