0 0.4922833723653396 0.5434531250000001 0.8424590163934427 0.8803750000000001
0 0.16071428571428573 0.8436796874999999 0.30789227166276345 0.291203125
0 0.9191686182669789 0.8647109374999999 0.13655737704918033 0.178078125
0 0.9457377049180328 0.906125 0.10679156908665105 0.18640625
0 0.93211943793911 0.6001953125 0.04227166276346604 0.035046875
0 0.03827868852459016 0.6008671875 0.07655737704918032 0.066703125
0 0.057025761124121783 0.7000078125 0.052552693208430916 0.036578125
0 0.7790632318501172 0.30037500000000006 0.04004683840749415 0.048875
0 0.9538524590163935 0.48807031250000005 0.0251288056206089 0.019546875000000002
0 0.9323185011709603 0.5229296874999999 0.04154566744730679 0.049484375000000004
0 0.9406557377049181 0.5730546875 0.024871194379391098 0.022234375
0 0.9303864168618268 0.6300859375000001 0.031217798594847777 0.030734375000000005
0 0.852224824355972 0.325234375 0.03358313817330211 0.013625000000000002
