0 0.20651000000000003 0.6874324324324325 0.02186 0.0687987987987988
0 0.77621 0.6691441441441441 0.01686 0.04507507507507508
0 0.91707 0.671006006006006 0.01218 0.05780780780780781
0 0.62876 0.6738288288288288 0.010960000000000001 0.05102102102102102
0 0.58441 0.6734234234234234 0.00934 0.05555555555555555
0 0.8540899999999999 0.6761711711711711 0.014060000000000001 0.056726726726726726
0 0.6525899999999999 0.6745045045045045 0.0091 0.05027027027027026
0 0.6621 0.6854954954954955 0.01216 0.026246246246246246
0 0.31089 0.686996996996997 0.01098 0.045585585585585585
0 0.33038 0.6938738738738739 0.01436 0.035735735735735734
0 0.5465 0.5935885885885885 0.009880000000000002 0.026096096096096096
0 0.57365 0.6783483483483483 0.01382 0.04066066066066066
