0 0.8515703125 0.6053873239436619 0.20682812500000003 0.49082159624413146
0 0.6623125000000001 0.403943661971831 0.13803125000000002 0.2292018779342723
0 0.5542578125000001 0.3990845070422535 0.098796875 0.18647887323943663
0 0.9069765625000001 0.2670539906103287 0.100703125 0.2205399061032864
0 0.4347734375 0.39586854460093895 0.10995312500000001 0.1963849765258216
0 0.8333750000000001 0.4919366197183099 0.13271875 0.3613849765258216
0 0.172765625 0.45618544600938965 0.08825 0.2381924882629108
0 0.07320312500000001 0.5794131455399061 0.1451875 0.5111737089201878
0 0.3169921875 0.3696361502347418 0.066296875 0.1718075117370892
0 0.5603515625000001 0.2528169014084507 0.026734375 0.08647887323943663
0 0.4797421875 0.2356924882629108 0.023515625000000002 0.03875586854460095
0 0.271953125 0.4255985915492958 0.09746875 0.18950704225352114
