0 0.1805546875 0.7146830985915493 0.005328125 0.020258215962441317
0 0.31814062500000007 0.6909976525821596 0.00790625 0.024812206572769953
0 0.23537500000000003 0.6984741784037559 0.00653125 0.022957746478873237
0 0.24496875 0.7069248826291081 0.007718750000000001 0.030187793427230047
0 0.1287734375 0.6996830985915493 0.004203125 0.02096244131455399
0 0.37959375 0.688556338028169 0.005687500000000001 0.022887323943661973
0 0.06571875 0.7086384976525821 0.0064375000000000005 0.021220657276995302
0 0.19149218750000002 0.6947417840375587 0.006734375 0.025258215962441315
0 0.2072890625 0.7148004694835681 0.005671875 0.01884976525821596
0 0.22738281250000003 0.6994835680751175 0.008671875 0.025492957746478872
0 0.15330468750000004 0.7009389671361503 0.006140625 0.01755868544600939
0 0.21399218750000004 0.7176760563380281 0.004859375 0.015352112676056339
0 0.215328125 0.6900586854460093 0.00728125 0.02152582159624413
0 0.4859375 0.6854460093896714 0.6625000000000001 0.09859154929577466
