0 0.48178125 0.6727049180327869 0.16743750000000002 0.13997658079625294
0 0.3779453125 0.6010070257611241 0.14835937500000002 0.22510538641686184
0 0.3713437500000001 0.37407494145199066 0.09078125000000001 0.31995316159250586
0 0.176234375 0.3138524590163934 0.05378125 0.15674473067915692
0 0.23097656249999998 0.1971896955503513 0.070703125 0.13578454332552692
0 0.3838046875 0.17151053864168622 0.058046875 0.17749414519906326
0 0.4511953125000001 0.24193208430913352 0.033515625 0.18578454332552694
0 0.550796875 0.20795081967213114 0.043250000000000004 0.23491803278688525
0 0.12971875000000002 0.23311475409836063 0.05246875 0.14669789227166277
0 0.4185546875 0.23036299765807966 0.042390625 0.21370023419203746
0 0.31218750000000006 0.2425526932084309 0.05612500000000001 0.2777985948477752
0 0.329609375 0.15604215456674472 0.02034375 0.07540983606557378
0 0.12781250000000002 0.4378454332552693 0.05246875 0.25925058548009366
0 0.61875 0.21194379391100704 0.759375 0.3629976580796253
