0 0.4942056074766355 0.5935625 0.075 0.1515
0 0.8707593457943925 0.53490625 0.041705607476635514 0.06340625
0 0.1955140186915888 0.649375 0.1992523364485981 0.06709375
0 0.4204906542056074 0.64559375 0.07630841121495326 0.040906250000000005
0 0.4169392523364485 0.6213359375 0.09887850467289719 0.033734375000000004
0 0.9377570093457942 0.4624375 0.019065420560747663 0.03125
0 0.9794392523364485 0.461265625 0.013644859813084111 0.029375000000000002
0 0.9031775700934579 0.44443750000000004 0.012523364485981308 0.0088125
0 0.32496495327102803 0.637890625 0.0533411214953271 0.03059375
0 0.8138901869158878 0.446015625 0.013154205607476634 0.02715625
0 0.36521028037383174 0.64984375 0.05406542056074766 0.05375
