0 0.3418203125 0.5551990632318501 0.258796875 0.6210772833723653
0 0.15217968750000002 0.6742974238875878 0.26239062500000004 0.45843091334894615
0 0.06903125 0.3475175644028103 0.0975 0.35419203747072603
0 0.59071875 0.5352693208430913 0.1319375 0.3168618266978923
0 0.8299765625 0.317576112412178 0.10232812499999999 0.44447306791569086
0 0.4979765625000001 0.31059718969555034 0.08214062500000001 0.3705152224824356
0 0.7597421875000001 0.33137002341920374 0.071671875 0.39004683840749416
0 0.44903906250000003 0.5345667447306791 0.12445312500000001 0.3101170960187353
0 0.14092968749999998 0.3573067915690866 0.10495312500000001 0.23372365339578455
0 0.308796875 0.21366510538641686 0.098375 0.14873536299765808
0 0.2066015625 0.45606557377049184 0.082484375 0.16594847775175645
0 0.5976093750000001 0.28 0.08750000000000001 0.3097892271662763
0 0.081125 0.5535480093676816 0.08531250000000001 0.3063466042154567
0 0.6375000000000001 0.2306791569086651 0.7156250000000001 0.2927400468384075
