0 0.46146875 0.8293970893970894 0.04928125 0.07962577962577963
0 0.3882109375 0.8807692307692307 0.044390625 0.0972972972972973
0 0.08653125 0.2645634095634096 0.018375 0.020311850311850312
0 0.26365625000000004 0.21616424116424116 0.012906250000000001 0.018191268191268192
0 0.6730312500000001 0.9483160083160084 0.04221875 0.08091476091476092
0 0.955078125 0.6573076923076923 0.03884375 0.07415800415800416
0 0.4295859375 0.20445945945945948 0.005703125 0.008711018711018712
0 0.7190625 0.9531288981288981 0.048125 0.07977130977130976
0 0.7052734375 0.9213097713097714 0.025953125 0.05168399168399169
0 0.653 0.8647920997920998 0.02409375 0.04945945945945946
0 0.8478593750000001 0.8763929313929315 0.024125 0.04197505197505198
0 0.8894062500000001 0.7916008316008316 0.017625 0.02602910602910603
0 0.17165625 0.6129729729729729 0.04384375 0.12482328482328482
0 0.49921875000000004 0.498960498960499 0.9984375000000001 0.997920997920998
