0 0.34703125 0.6669775280898878 0.06271875 0.3539101123595506
0 0.1605 0.6330449438202247 0.08709375000000001 0.2555280898876405
0 0.6665390625000001 0.6243820224719102 0.094890625 0.3803146067415731
0 0.4271796875 0.4521685393258427 0.017953125 0.05485393258426967
0 0.29128125 0.4662247191011236 0.01253125 0.06080898876404495
0 0.1774609375 0.485370786516854 0.017203125 0.06777528089887641
0 0.39175000000000004 0.436056179775281 0.009031250000000001 0.02564044943820225
0 0.2757109375 0.47028089887640456 0.011640625000000002 0.05346067415730337
0 0.339265625 0.4495168539325843 0.00828125 0.04559550561797753
0 0.163109375 0.4844494382022472 0.01853125 0.06831460674157304
0 0.6283828124999999 0.4450898876404495 0.013140625000000001 0.06698876404494382
0 0.19006250000000002 0.47192134831460686 0.009093750000000001 0.02914606741573034
