0 0.6709296875000001 0.39965696465696465 0.04195312500000001 0.10592515592515593
0 0.7077421875000001 0.45216216216216215 0.022296875 0.05966735966735967
0 0.7366015625000001 0.44194386694386695 0.030671875 0.08991683991683992
0 0.7823046875 0.4648336798336799 0.037359375 0.056860706860706864
0 0.886515625 0.4781600831600831 0.03025 0.05644490644490645
0 0.8573046875000001 0.47786902286902294 0.029921875 0.05594594594594595
0 0.6467265625 0.3606860706860707 0.030921875 0.07442827442827443
0 0.6149375 0.3924636174636175 0.03375 0.11424116424116425
0 0.8198515624999999 0.4710810810810811 0.036109375 0.0597920997920998
0 0.5514765625 0.35254677754677755 0.027890625000000002 0.053659043659043656
0 0.4754921875000001 0.34623700623700626 0.020609375 0.05014553014553015
0 0.4373984375 0.3415800415800416 0.020484375 0.05646569646569647
0 0.38699218750000003 0.3393762993762994 0.020515625000000003 0.055384615384615386
0 0.11072656250000001 0.35854469854469856 0.026828125000000005 0.1210810810810811
0 0.52890625 0.35135135135135137 0.9390625 0.35343035343035345
