0 0.1770546875 0.5471596244131456 0.145609375 0.5269014084507042
0 0.2158359375 0.3520070422535211 0.076109375 0.23349765258215963
0 0.2614765625 0.3774413145539906 0.059203125 0.23112676056338027
0 0.591546875 0.2209037558685446 0.0770625 0.1377699530516432
0 0.8077031250000002 0.15653755868544603 0.05825 0.1298826291079812
0 0.320453125 0.16454225352112675 0.066 0.17039906103286387
0 0.31860937500000003 0.22031690140845073 0.03759375 0.05645539906103287
0 0.93303125 0.6292136150234743 0.13393750000000001 0.5438262910798122
0 0.41657031250000004 0.44157276995305167 0.261765625 0.7932394366197184
0 0.17112500000000003 0.3075586854460094 0.06009375 0.12422535211267606
0 0.8785390625 0.3552464788732394 0.242921875 0.6096478873239436
0 0.059625 0.24685446009389672 0.0316875 0.07431924882629108
0 0.9520859375000001 0.32167840375586854 0.09417187500000002 0.2757042253521127
0 0.13984375000000002 0.5316901408450704 0.27968750000000003 0.6690140845070423
