0 0.601375 0.6357262569832403 0.09109375 0.4044692737430168
0 0.518796875 0.6382122905027934 0.082 0.4025139664804469
0 0.10450781250000002 0.6427374301675978 0.10092187500000001 0.4448603351955307
0 0.19284375 0.6397905027932962 0.09121875000000002 0.41215083798882685
0 0.35110937500000006 0.63981843575419 0.07896875 0.40097765363128496
0 0.16677343750000004 0.4333379888268156 0.076390625 0.18734636871508378
0 0.6839921875000001 0.6438826815642458 0.071203125 0.39312849162011176
0 0.7593984375 0.6226675977653632 0.09423437500000001 0.4141620111731844
0 0.43660156250000004 0.6323324022346369 0.07823437500000001 0.4010335195530726
0 0.27046875 0.6429469273743017 0.0881875 0.3952793296089385
0 0.8510078125 0.6348324022346369 0.098046875 0.42022346368715086
0 0.9226562500000001 0.6359636871508381 0.09303125000000001 0.3955027932960894
