0 0.3414921875 0.5548645833333334 0.097203125 0.2646041666666667
0 0.736515625 0.45056250000000003 0.09775 0.42920833333333336
0 0.586546875 0.5836979166666667 0.45984375000000005 0.4451458333333333
0 0.1643828125 0.5259895833333333 0.125734375 0.2861041666666667
0 0.09230468750000001 0.41086458333333326 0.10570312500000001 0.4644791666666666
0 0.3612968750000001 0.3264375 0.101125 0.29662499999999997
0 0.426375 0.5813854166666667 0.2465 0.44277083333333334
0 0.9860234375000001 0.31483333333333335 0.027953125000000002 0.23725
0 0.5878593750000001 0.3762916666666667 0.09628125 0.464625
0 0.272484375 0.33991666666666664 0.1025 0.36524999999999996
0 0.4599765625 0.3333229166666667 0.099953125 0.33210416666666664
0 0.25519531250000005 0.5545416666666667 0.12076562500000002 0.2623333333333333
