0 0.5299140625000001 0.5696607142857143 0.139609375 0.5236071428571429
0 0.6724687500000001 0.5528035714285714 0.1494375 0.5707857142857142
0 0.075703125 0.5764017857142857 0.1278125 0.5190892857142857
0 0.4119453125 0.5345535714285714 0.06042187500000001 0.22728571428571429
0 0.35142968750000003 0.5137410714285714 0.067328125 0.19701785714285713
0 0.8180234375000002 0.5132410714285713 0.062109375 0.225875
0 0.9153046874999999 0.5105267857142857 0.054484375 0.223875
0 0.8692578124999999 0.4961339285714285 0.042765625 0.15723214285714285
0 0.7834453125 0.48206249999999995 0.050484375000000005 0.195625
0 0.95153125 0.4503214285714286 0.033875 0.15335714285714283
0 0.7600078125 0.46297321428571425 0.030171875 0.1641607142857143
0 0.8697187500000001 0.41207142857142853 0.041375 0.0879642857142857
