0 0.08888281250000002 0.7498159509202454 0.028265625000000003 0.1342331288343558
0 0.060445312499999994 0.7740030674846625 0.016265625000000002 0.06383435582822086
0 0.032 0.7807515337423313 0.012781250000000001 0.036042944785276074
0 0.24255468750000003 0.722638036809816 0.031046875 0.08110429447852761
0 0.2930546875 0.7297852760736196 0.010078125 0.05392638036809815
0 0.3374140625 0.707239263803681 0.027578125 0.09809815950920246
0 0.4349375 0.6623312883435584 0.019000000000000003 0.0894478527607362
0 0.5761015625 0.6918711656441718 0.013671875 0.05877300613496933
0 0.0077578125 0.7631441717791411 0.015515625 0.07432515337423314
0 0.1458984375 0.6394478527607362 0.012859375000000001 0.06705521472392638
0 0.3682109375 0.7340184049079754 0.017203125 0.07631901840490797
0 0.6376328125 0.6727147239263804 0.019359375 0.0833435582822086
0 0.1922421875 0.7437269938650306 0.016203125 0.07076687116564417
0 0.46328125000000003 0.6901840490797546 0.6796875 0.17791411042944785
