0 0.14795081967213114 0.23719531250000003 0.05585480093676815 0.093390625
0 0.6084660421545668 0.24046093749999997 0.046487119437939116 0.07845312500000001
0 0.32548009367681496 0.21003125 0.052880562060889924 0.0415
0 0.4831147540983607 0.222953125 0.05072599531615925 0.077625
0 0.7886182669789228 0.22092968750000003 0.04028103044496487 0.042390625
0 0.2948711943793911 0.2120078125 0.035784543325526934 0.025546875000000004
0 0.6366978922716627 0.22885156250000002 0.03325526932084309 0.051578125
0 0.8318501170960187 0.23128125 0.025480093676814992 0.026187500000000002
0 0.08786885245901638 0.2684140625 0.07466042154566745 0.156890625
0 0.6900585480093677 0.2150625 0.046159250585480094 0.03396875
