0 0.56865625 0.38695804195804195 0.12415625 0.17037296037296037
0 0.6465859375 0.39243589743589746 0.022109375 0.13587412587412587
0 0.9499453125000001 0.3443589743589744 0.059765625 0.29953379953379955
0 0.33287500000000003 0.675967365967366 0.47728125 0.5034032634032635
0 0.604375 0.3614219114219114 0.029562500000000005 0.1782284382284382
0 0.672234375 0.3923892773892774 0.040656250000000005 0.15065268065268064
0 0.6994609375 0.34776223776223775 0.029171875000000003 0.03958041958041958
0 0.8987656249999999 0.36699300699300696 0.06503125 0.26
0 0.63084375 0.3755827505827506 0.03053125 0.1583916083916084
0 0.583390625 0.33726107226107227 0.05165625000000001 0.1480885780885781
0 0.45668749999999997 0.33749417249417246 0.0493125 0.06804195804195805
0 0.7126640625 0.3563519813519814 0.018609375 0.04258741258741259
0 0.80115625 0.42214452214452214 0.023281250000000003 0.08438228438228439
0 0.6039062500000001 0.3951048951048951 0.7671875 0.20279720279720279
