0 0.1413515625 0.5741549295774648 0.282703125 0.8516901408450704
0 0.63121875 0.6056220657276996 0.15856250000000002 0.5595539906103286
0 0.2853125 0.6083568075117372 0.09790625 0.4016431924882629
0 0.302078125 0.35698356807511733 0.1154375 0.39640845070422537
0 0.399984375 0.3761737089201878 0.07209375 0.3392957746478873
0 0.601 0.26734741784037563 0.04653125 0.16492957746478876
0 0.540203125 0.31099765258215967 0.065 0.28800469483568075
0 0.492203125 0.43296948356807513 0.15465625000000002 0.6025586854460094
0 0.666109375 0.26257042253521123 0.04984375 0.267018779342723
0 0.56653125 0.2848004694835681 0.037937500000000006 0.19847417840375586
0 0.5478359374999999 0.1964319248826291 0.019796875000000002 0.056572769953051646
0 0.5821953125 0.21160798122065727 0.023953125000000002 0.10293427230046949
0 0.6218750000000001 0.25821596244131456 0.07500000000000001 0.1971830985915493
