0 0.2189 0.5494460641399416 0.15724000000000002 0.5415743440233236
0 0.6890499999999999 0.6682798833819242 0.36838 0.5896209912536443
0 0.4060600000000001 0.46637026239067053 0.06768 0.27355685131195334
0 0.76694 0.40604956268221576 0.02576 0.11139941690962099
0 0.8827299999999999 0.40536443148688045 0.02734 0.10874635568513119
0 0.93537 0.408396501457726 0.08018000000000002 0.1938192419825073
0 0.86418 0.43342565597667637 0.01752 0.08061224489795918
0 0.49273 0.4004373177842566 0.060700000000000004 0.17883381924198252
0 0.5630000000000001 0.39505830903790085 0.044840000000000005 0.14889212827988338
0 0.8293100000000001 0.4107142857142857 0.02222 0.10014577259475219
0 0.78716 0.40272594752186586 0.027559999999999998 0.149533527696793
0 0.13827 0.39797376093294456 0.04686 0.12871720116618074
0 0.5142300000000001 0.4117930029154519 0.01838 0.10591836734693877
0 0.436 0.40816326530612246 0.764 0.18658892128279883
