0 0.8627421875 0.5651650943396226 0.15035937500000002 0.3708018867924528
0 0.669859375 0.6288443396226415 0.03796875 0.06636792452830188
0 0.7578828125000001 0.5931721698113207 0.035265625 0.14860849056603773
0 0.7826875000000001 0.5859316037735849 0.017937500000000002 0.03860849056603774
0 0.646734375 0.602558962264151 0.038375 0.12497641509433963
0 0.9559375000000001 0.5363207547169812 0.0253125 0.06349056603773585
0 0.9546406250000001 0.6259316037735848 0.043312500000000004 0.08648584905660378
0 0.7288828125000001 0.6055070754716981 0.024828125000000003 0.1216745283018868
0 0.7120859375 0.5963797169811321 0.023828125000000002 0.13016509433962264
0 0.45678906249999995 0.5806485849056603 0.014515624999999999 0.023042452830188676
0 0.5061796875 0.5824646226415094 0.011921875 0.02922169811320755
0 0.9707734375000001 0.5452358490566037 0.014296875 0.01330188679245283
0 0.9761953125 0.5837146226415094 0.029609375 0.06615566037735848
0 0.49921875000000004 0.5507075471698113 0.9984375000000001 0.2570754716981132
