0 0.3950234375 0.5161792452830188 0.252828125 0.6829245283018868
0 0.45672656250000004 0.43979952830188684 0.09398437500000001 0.5159669811320755
0 0.7982578125 0.19547169811320753 0.035046875 0.05877358490566038
0 0.1853515625 0.24607311320754718 0.07592187500000001 0.23596698113207545
0 0.623875 0.38252358490566035 0.21171875 0.4246226415094339
0 0.824859375 0.3377240566037736 0.15637500000000001 0.34804245283018864
0 0.9379765625000002 0.3185966981132075 0.108015625 0.27808962264150944
0 0.765671875 0.22033018867924528 0.05821875 0.0715566037735849
0 0.49653125 0.34024764150943393 0.08584375 0.358938679245283
0 0.8963984375000001 0.21354952830188678 0.045953125000000004 0.07379716981132076
0 0.23046093750000002 0.24976415094339624 0.046890625000000005 0.07528301886792453
