0 0.2933671875 0.6074948024948025 0.248265625 0.785010395010395
0 0.7963203125000001 0.6483160083160084 0.197609375 0.6809147609147609
0 0.033507812500000005 0.6970893970893971 0.035171875000000005 0.10711018711018712
0 0.11091406250000001 0.673898128898129 0.030078125 0.11099792099792101
0 0.148375 0.6985758835758836 0.02109375 0.04076923076923077
0 0.19682812500000002 0.6784927234927236 0.03503125000000001 0.14189189189189189
0 0.577609375 0.5943866943866943 0.26684375 0.7887733887733888
0 0.4644765625 0.6881081081081082 0.038953125000000005 0.12307692307692308
0 0.9145781250000001 0.7130249480249481 0.0736875 0.23332640332640334
0 0.140578125 0.6791060291060291 0.01928125 0.0883991683991684
0 0.08492968750000002 0.6736798336798338 0.022234375 0.10889812889812892
0 0.9491015625000001 0.7067359667359667 0.044390625 0.20715176715176717
0 0.67371875 0.7078378378378378 0.055406250000000004 0.19051975051975054
0 0.0390625 0.6767151767151768 0.07500000000000001 0.15176715176715178
