0 0.43952343749999995 0.7898517520215633 0.099703125 0.4195956873315364
0 0.348703125 0.6993665768194072 0.06790625 0.2757681940700809
0 0.412640625 0.561711590296496 0.029656250000000002 0.07555256064690027
0 0.32902343750000007 0.5754851752021564 0.028296875 0.12649595687331536
0 0.30006250000000007 0.6079649595687332 0.022031250000000002 0.14768194070080862
0 0.2949140625 0.5669811320754717 0.013828125 0.07800539083557952
0 0.5342890625 0.5633153638814017 0.016109375000000002 0.0709433962264151
0 0.39328125 0.6759838274932616 0.04271875 0.2771967654986523
0 0.4908359375 0.5672371967654987 0.011078125000000001 0.05269541778975742
0 0.46989843750000004 0.5599191374663074 0.012703125000000003 0.056388140161725074
0 0.22892968749999998 0.6046765498652291 0.016328125 0.12218328840970351
0 0.36397656250000004 0.5684770889487871 0.021640625 0.09404312668463613
0 0.4525546875 0.5589353099730459 0.013484375000000002 0.06681940700808625
0 0.596875 0.5862533692722373 0.171875 0.1320754716981132
