0 0.35140625000000003 0.6359583333333333 0.4028125 0.59775
0 0.7873828125000001 0.7035208333333334 0.33401562500000004 0.41062499999999996
0 0.29020312500000006 0.4050625 0.09340625000000001 0.39137500000000003
0 0.11410937500000001 0.43706249999999996 0.09012500000000001 0.40854166666666664
0 0.033359375 0.40546875 0.06646875000000001 0.45918749999999997
0 0.6504453125 0.30955208333333334 0.099234375 0.11697916666666666
0 0.363203125 0.2937083333333333 0.0926875 0.12583333333333332
0 0.8679375 0.3164375 0.1206875 0.2921666666666667
0 0.9472578125000001 0.34640625 0.10548437500000002 0.2429375
0 0.7263828125 0.4045 0.122234375 0.32595833333333335
