0 0.13784375000000001 0.49745833333333334 0.02521875 0.12158333333333333
0 0.25017968749999997 0.4725729166666667 0.038203125000000004 0.12222916666666667
0 0.1793671875 0.5797083333333333 0.045140625000000004 0.06304166666666666
0 0.38600781250000005 0.4988854166666667 0.076921875 0.1226875
0 0.5793203125 0.5207708333333334 0.041140625 0.13195833333333334
0 0.22078125000000004 0.8516875 0.12809375 0.27416666666666667
0 0.552265625 0.3037708333333333 0.018437500000000002 0.08345833333333334
0 0.463890625 0.5003854166666667 0.0305625 0.13085416666666666
0 0.9026484375000001 0.8185520833333334 0.06979687500000001 0.13872916666666668
0 0.5147343750000001 0.5039791666666666 0.046312500000000006 0.16
0 0.5815625 0.29754166666666665 0.014843750000000001 0.08074999999999999
0 0.6404609375 0.25165625 0.013953125 0.0656875
0 0.48981250000000004 0.327125 0.0220625 0.078625
0 0.49921875000000004 0.49895833333333334 0.9984375000000001 0.9979166666666667
