0 0.1314609375 0.5528125 0.08089062500000001 0.31012500000000004
0 0.2008828125 0.553125 0.066171875 0.30720833333333336
0 0.7583125000000001 0.585375 0.08746875 0.25579166666666664
0 0.483984375 0.632 0.20059375000000002 0.15745833333333334
0 0.5346015625 0.5829062500000001 0.075796875 0.21285416666666668
0 0.56390625 0.5483541666666666 0.0491875 0.23304166666666667
0 0.5686484374999999 0.4546041666666667 0.07392187500000001 0.13004166666666667
0 0.6239609375 0.4510625 0.05801562500000001 0.133625
0 0.316953125 0.4758333333333333 0.056031250000000005 0.1295
0 0.6913125 0.5939791666666667 0.07615625000000001 0.21616666666666667
0 0.408203125 0.50871875 0.04590625 0.12152083333333333
0 0.4449687500000001 0.4778541666666667 0.05031250000000001 0.11812500000000001
0 0.2657578125 0.5418645833333334 0.06085937500000001 0.2715208333333334
0 0.49531250000000004 0.5427083333333333 0.7406250000000001 0.35625
