0 0.80846875 0.35056338028169015 0.07628125000000001 0.2876525821596244
0 0.27699218750000004 0.2589319248826291 0.017546875 0.04392018779342723
0 0.31178906250000005 0.3288380281690141 0.029640625 0.12946009389671362
0 0.25390625 0.3179577464788732 0.05871875 0.1775117370892019
0 0.3485546875 0.4000821596244132 0.131890625 0.33983568075117376
0 0.5856171874999999 0.3660328638497653 0.043609375000000006 0.24089201877934274
0 0.7178359375000001 0.34231220657276995 0.059546875 0.25021126760563384
0 0.4077656250000001 0.3423356807511737 0.06596875 0.21396713615023477
0 0.9799765625000001 0.29065727699530514 0.040046875 0.16314553990610328
0 0.9425390625000001 0.2678521126760563 0.044765625 0.14293427230046948
0 0.487265625 0.4021713615023474 0.08675000000000001 0.3377230046948357
0 0.9112734374999999 0.2783920187793427 0.035640625 0.14265258215962442
0 0.21371875 0.376737089201878 0.07525 0.22934272300469485
0 0.49843750000000003 0.48826291079812206 0.9968750000000001 0.971830985915493
