0 0.4388922155688623 0.60372 0.4942514970059881 0.57872
0 0.030134730538922162 0.11427 0.05991017964071857 0.13522
0 0.057844311377245515 0.06098 0.10341317365269462 0.12196
0 0.7588173652694611 0.29566000000000003 0.11553892215568864 0.08272
0 0.28263473053892213 0.11527 0.09526946107784431 0.14142
0 0.3803443113772455 0.12819 0.10781437125748503 0.16598
0 0.48236526946107783 0.12762 0.11796407185628743 0.16272
0 0.41282934131736526 0.03454 0.107874251497006 0.06908
0 0.8797005988023954 0.24831999999999999 0.1648502994011976 0.16404
0 0.9146257485029942 0.17316 0.11398203592814372 0.13468000000000002
0 0.9693263473053892 0.06330999999999999 0.061347305389221556 0.12602
0 0.8211077844311377 0.014580000000000001 0.08323353293413174 0.029160000000000002
0 0.8008832335329342 0.18289 0.11056886227544911 0.12978
0 0.5194610778443114 0.162 0.8592814371257486 0.324
