0 0.4501756440281031 0.4233203125 0.5362763466042155 0.4435156250000001
0 0.8363934426229508 0.6552656250000001 0.09714285714285714 0.09275
0 0.7742622950819671 0.6292109375000001 0.0405152224824356 0.066703125
0 0.7310772833723653 0.6398671875 0.05330210772833724 0.107890625
0 0.670831381733021 0.6373046875 0.05983606557377049 0.10492187500000001
0 0.92692037470726 0.6443828125 0.05187353629976581 0.08795312500000001
0 0.1316393442622951 0.5774453125 0.04800936768149883 0.071171875
0 0.16296252927400467 0.5731953125000001 0.043208430913348944 0.083328125
0 0.2044847775175644 0.589703125 0.0535128805620609 0.07390624999999999
0 0.8785128805620609 0.6564375 0.05121779859484778 0.10484375
0 0.626990632318501 0.635953125 0.04161592505854801 0.097625
0 0.9102693208430913 0.6480546875000001 0.02864168618266979 0.076765625
0 0.018981264637002344 0.5655078125 0.03018735362997658 0.06148437500000001
0 0.5304449648711944 0.640625 0.9344262295081968 0.19375
