0 0.7506171875000001 0.6865105386416861 0.253328125 0.5985948477751756
0 0.33584375 0.5460655737704918 0.14093750000000002 0.42248243559718973
0 0.569734375 0.4764051522248244 0.1529375 0.34606557377049185
0 0.476421875 0.5346252927400468 0.06784375000000001 0.30629976580796253
0 0.18499218750000002 0.3758313817330211 0.17670312500000002 0.6835128805620609
0 0.6694140625 0.5143325526932084 0.111671875 0.31348946135831385
0 0.680875 0.3396370023419204 0.025968750000000002 0.11346604215456675
0 0.5557500000000001 0.32878220140515224 0.02321875 0.04576112412177986
0 0.65009375 0.34660421545667447 0.0195625 0.06243559718969555
0 0.4917421875000001 0.3436299765807963 0.036859375 0.0814519906323185
0 0.22967187500000003 0.4601405152224825 0.1315 0.4072599531615925
