0 0.2295390625 0.84828125 0.19001562500000002 0.2869791666666667
0 0.5864375000000001 0.9011041666666666 0.03284375 0.13883333333333334
0 0.3494609375 0.9078125 0.07760937500000001 0.17916666666666667
0 0.7126171875 0.9270520833333333 0.051015625 0.11797916666666668
0 0.8605312500000001 0.9367812499999999 0.06381250000000001 0.12227083333333333
0 0.0901640625 0.8943854166666666 0.038765625 0.11235416666666666
0 0.9879687500000002 0.9216041666666667 0.0240625 0.14179166666666668
0 0.9155312500000001 0.9204895833333334 0.07062500000000001 0.15902083333333333
0 0.14928125 0.9032291666666666 0.03871875 0.13716666666666666
0 0.8242578125 0.8932916666666667 0.016703125 0.07204166666666666
