0 0.1533671875 0.33203856749311295 0.083546875 0.11674931129476585
0 0.5525234375 0.4775206611570248 0.128734375 0.4022589531680441
0 0.7459921875000001 0.33646005509641874 0.062140625000000005 0.12404958677685951
0 0.9924609375 0.3318870523415978 0.015015625 0.05936639118457301
0 0.6740625000000001 0.29687327823691456 0.01109375 0.10008264462809917
0 0.15790625000000003 0.2394903581267218 0.032468750000000005 0.05606060606060607
0 0.3876875 0.48953168044077133 0.10815625000000001 0.3999449035812673
0 0.6204453125 0.222603305785124 0.011609375 0.023553719008264466
0 0.10350000000000002 0.30790633608815426 0.031718750000000004 0.07179063360881542
0 0.08175 0.165633608815427 0.0201875 0.05490358126721763
0 0.5893281250000001 0.19471074380165293 0.05096875 0.13553719008264464
0 0.34784375 0.21234159779614326 0.0569375 0.1594490358126722
0 0.274515625 0.306900826446281 0.030937500000000003 0.05776859504132231
0 0.6875 0.2713498622589532 0.565625 0.162534435261708
