0 0.1536015625 0.32123958333333336 0.042109375000000004 0.1090625
0 0.312640625 0.3651770833333333 0.08596875000000001 0.3842708333333333
0 0.20035937500000003 0.27415625 0.030468750000000003 0.0666875
0 0.13629687499999998 0.30904166666666666 0.0193125 0.08125
0 0.1221796875 0.2921666666666667 0.014953125000000001 0.058416666666666665
0 0.102609375 0.28008333333333335 0.017687500000000002 0.019874999999999997
0 0.0205703125 0.35046875 0.041140625 0.17156249999999998
0 0.0766875 0.43145833333333333 0.10618749999999999 0.43145833333333333
0 0.2320234375 0.33796875 0.053484375 0.17077083333333332
0 0.8851093750000001 0.4280833333333333 0.22978125000000002 0.10562500000000001
0 0.19703906250000003 0.24863541666666666 0.014390625000000002 0.025604166666666664
