0 0.654859375 0.8051944444444444 0.00959375 0.02777777777777778
0 0.62859375 0.8177500000000002 0.014718750000000001 0.03705555555555556
0 0.763171875 0.815861111111111 0.012125 0.0355
0 0.899609375 0.8079861111111112 0.01046875 0.02930555555555556
0 0.9698749999999999 0.7824861111111111 0.011500000000000002 0.027472222222222224
0 0.9548671875000001 0.7845416666666667 0.014078125 0.026361111111111113
0 0.6865703125000001 0.8109722222222224 0.007984375 0.04711111111111112
0 0.721640625 0.8205972222222223 0.01115625 0.02808333333333333
0 0.7878515625000001 0.81775 0.011046875000000001 0.027500000000000004
0 0.6402265625000001 0.825486111111111 0.011671875 0.01713888888888889
0 0.6792578125000001 0.8274166666666667 0.008546875 0.013055555555555556
0 0.8045078125 0.8151527777777777 0.016390625000000002 0.03086111111111111
