0 0.32528125 0.57528125 0.57978125 0.8224791666666667
0 0.6145390625 0.38596874999999997 0.109359375 0.18452083333333333
0 0.135359375 0.45144791666666667 0.13521875000000003 0.20410416666666667
0 0.8409609374999999 0.4493229166666667 0.087296875 0.10872916666666665
0 0.4541171875000001 0.4917916666666667 0.105984375 0.1845
0 0.0538828125 0.43314583333333334 0.034546875 0.06433333333333333
0 0.4916484375000001 0.49298958333333337 0.060671875 0.19122916666666667
0 0.022734375 0.4534791666666667 0.043125000000000004 0.091875
0 0.0733125 0.8382083333333332 0.146625 0.301125
0 0.7361093750000001 0.5847708333333334 0.5129687500000001 0.74075
0 0.237265625 0.40959375000000003 0.14803125 0.25127083333333333
0 0.8994921874999999 0.4081875 0.049703125 0.07691666666666667
0 0.5265468750000001 0.481625 0.05462500000000001 0.22549999999999998
