0 0.5541796875 0.3641588785046729 0.05795312500000001 0.18822429906542054
0 0.34832031250000006 0.3585280373831775 0.236765625 0.49060747663551396
0 0.8386562500000001 0.3473364485981308 0.038125 0.11102803738317757
0 0.889671875 0.3446378504672897 0.03740625 0.13002336448598129
0 0.0708125 0.41000000000000003 0.03746875 0.10495327102803738
0 0.5009140625 0.37330607476635513 0.037671875 0.08717289719626169
0 0.1375859375 0.4044859813084111 0.032296875 0.0875233644859813
0 0.30404687500000005 0.3804556074766355 0.01646875 0.06684579439252336
0 0.0243125 0.39606308411214947 0.0238125 0.1333411214953271
0 0.11628125 0.40692757009345787 0.035875000000000004 0.09492990654205608
0 0.044726562500000004 0.4187733644859813 0.027390625000000002 0.08553738317757009
0 0.09225 0.4154322429906542 0.03640625 0.07936915887850467
