0 0.22803125000000002 0.5550235294117646 0.08040625000000001 0.37174117647058824
0 0.27499218750000004 0.4876588235294117 0.05901562500000001 0.3354588235294117
0 0.3925546875 0.5334705882352941 0.052953125000000004 0.33465882352941173
0 0.443359375 0.492035294117647 0.04725 0.3015294117647059
0 0.5102265625000001 0.4955176470588235 0.07632812500000001 0.3828
0 0.584234375 0.5216235294117647 0.07800000000000001 0.3513411764705882
0 0.6266328125 0.48029411764705876 0.042078125 0.2892941176470588
0 0.7042890625 0.5038823529411763 0.076515625 0.3281882352941176
0 0.7824765625000001 0.5114235294117646 0.054296875 0.30279999999999996
0 0.13466406250000001 0.5460470588235293 0.076390625 0.39952941176470586
0 0.0934921875 0.38767058823529404 0.036453124999999996 0.14456470588235293
0 0.5485625000000001 0.45474117647058815 0.032718750000000005 0.19461176470588232
0 0.8650078125 0.5095999999999999 0.068078125 0.2616470588235294
0 0.49921875000000004 0.5423529411764706 0.9984375000000001 0.4729411764705882
