0 0.3425859375 0.6764051522248244 0.361328125 0.5528103044496487
0 0.73721875 0.5485948477751756 0.20934375 0.7030444964871194
0 0.8740546875 0.2621194379391101 0.076890625 0.14166276346604215
0 0.217 0.5898360655737706 0.19728125000000002 0.6701639344262296
0 0.7741562500000001 0.12288056206088993 0.08681250000000001 0.16266978922716627
0 0.31125 0.40617096018735366 0.0901875 0.2225058548009368
0 0.14675000000000002 0.4048829039812647 0.06759375 0.17618266978922717
0 0.45122656250000004 0.3917213114754098 0.071828125 0.15838407494145199
0 0.45917968750000004 0.4583372365339578 0.066453125 0.10426229508196722
0 0.5730078125 0.4455971896955504 0.095203125 0.12627634660421547
0 0.577109375 0.29158079625292743 0.066 0.15440281030444966
0 0.5302656250000001 0.37879391100702575 0.08403125 0.19379391100702575
0 0.9171718749999999 0.4261826697892272 0.07946875 0.1389695550351288
0 0.49921875000000004 0.25526932084309134 0.9984375000000001 0.5105386416861827
