0 0.29335937500000003 0.6370520833333334 0.267625 0.4204791666666667
0 0.651765625 0.69334375 0.22134375 0.2838541666666667
0 0.80309375 0.67865625 0.19381250000000003 0.3505625
0 0.8725234375000002 0.2778958333333333 0.101828125 0.4285833333333333
0 0.6759375000000001 0.29451041666666666 0.0735625 0.0851875
0 0.9361328125 0.3056041666666667 0.058734375000000005 0.13320833333333332
0 0.9788359375000001 0.3465 0.042046875000000004 0.07033333333333333
0 0.4965234375 0.0985625 0.131640625 0.197125
0 0.1284921875 0.18047916666666666 0.059796875000000006 0.16795833333333335
0 0.4068984375 0.13659374999999999 0.112703125 0.2698541666666667
0 0.7548671874999999 0.30735416666666665 0.086796875 0.09116666666666666
0 0.0273515625 0.13535416666666666 0.054703125 0.16608333333333333
