0 0.5696640625 0.37040625000000005 0.10448437500000002 0.3236041666666667
0 0.44462500000000005 0.360875 0.12896875000000002 0.26333333333333336
0 0.8851875 0.6216145833333333 0.12271875000000002 0.17035416666666667
0 0.5936328125 0.5893854166666666 0.11945312500000001 0.19193749999999998
0 0.7449453125000001 0.6977499999999999 0.18876562500000002 0.294375
0 0.741421875 0.5743125 0.14012500000000003 0.14379166666666665
0 0.562921875 0.7539375 0.32021875 0.4382083333333333
0 0.9424140625 0.8809062499999999 0.11517187499999999 0.21572916666666667
0 0.8140468750000001 0.9089895833333334 0.1483125 0.1595625
0 0.9347109374999999 0.6791145833333334 0.130578125 0.2044375
0 0.26490625 0.66678125 0.21275 0.3100625
0 0.39189062500000005 0.5971145833333333 0.12975 0.21247916666666666
0 0.0925 0.6350520833333333 0.14971874999999998 0.2048125
0 0.35703125 0.7052083333333333 0.7140625 0.5854166666666667
