0 0.5724296875 0.6990515222482435 0.06498437500000001 0.2273770491803279
0 0.6840078125 0.7024590163934425 0.035890625 0.17409836065573772
0 0.5059609375 0.6940281030444964 0.034828125 0.2268384074941452
0 0.711640625 0.7036768149882904 0.03809375 0.12121779859484777
0 0.5290703125 0.6871077283372365 0.044671875 0.2437704918032787
0 0.47232031249999995 0.7044964871194379 0.016671875 0.10594847775175645
0 0.45511718749999996 0.7068618266978922 0.018546875 0.10477751756440282
0 0.4204140625 0.7042857142857143 0.024328125000000003 0.102903981264637
0 0.3813515625 0.7034660421545668 0.018265625 0.10501170960187355
0 0.3201640625 0.7098594847775176 0.017734375 0.09545667447306791
0 0.6165 0.7025526932084308 0.015375 0.11517564402810304
0 0.398453125 0.6846018735362998 0.02734375 0.07285714285714286
0 0.6537265625 0.7034192037470727 0.038671875 0.21854800936768148
0 0.51484375 0.7201405152224825 0.9390625 0.16159250585480095
