0 0.55302734375 0.41980468750000005 0.2476953125 0.525109375
0 0.8909375 0.451703125 0.074609375 0.05275
0 0.806240234375 0.4543125 0.07759765625 0.048406250000000005
0 0.8192578125 0.436828125 0.0894140625 0.07790625000000001
0 0.0609375 0.5403125 0.1006640625 0.22412500000000002
0 0.170869140625 0.5186328124999999 0.10876953125 0.256171875
0 0.062900390625 0.42800000000000005 0.09123046875 0.07234375
0 0.903720703125 0.42525781250000005 0.03134765625 0.051484375000000006
0 0.704033203125 0.4373984375 0.03880859375 0.034921875000000005
0 0.8567675781249999 0.4202421875 0.03572265625 0.035703125
0 0.957998046875 0.4340390625000001 0.08056640625 0.080703125
0 0.741611328125 0.44702343750000006 0.05943359375 0.06248437500000001
