0 0.5394375 0.35243922204213934 0.33362500000000006 0.3280875202593193
0 0.6880000000000001 0.4375769854132901 0.20271875000000003 0.476515397082658
0 0.3487890625 0.5393192868719611 0.255640625 0.5033711507293355
0 0.10978125000000001 0.3831685575364668 0.06225000000000001 0.2046839546191248
0 0.0542578125 0.40439222042139383 0.058890625 0.25679092382495944
0 0.0215234375 0.293322528363047 0.006796875 0.01740680713128039
0 0.024632812500000004 0.3868233387358185 0.04926562500000001 0.1784440842787682
0 0.0219921875 0.3577147487844408 0.043984375 0.16
0 0.2131953125 0.33759319286871964 0.026453125 0.060243111831442465
0 0.151453125 0.33122366288492705 0.022031250000000002 0.05894651539708265
0 0.4265000000000001 0.3477633711507293 0.025343749999999998 0.0685575364667747
0 0.010484375 0.2961021069692058 0.02096875 0.039303079416531606
