0 0.5410078125000001 0.5490625 0.44157812500000004 0.8696666666666667
0 0.6460781250000001 0.4535208333333333 0.30062500000000003 0.6587083333333333
0 0.7860703125000001 0.4465208333333333 0.132546875 0.5122916666666667
0 0.8328046875 0.36989583333333337 0.194546875 0.49624999999999997
0 0.1258359375 0.22616666666666665 0.117453125 0.0895
0 0.9174375 0.21769791666666669 0.0891875 0.0576875
0 0.26172656250000004 0.24260416666666668 0.074765625 0.024458333333333332
0 0.08474218750000001 0.22096875 0.167796875 0.16922916666666668
0 0.9604531249999999 0.22105208333333334 0.04075 0.04785416666666666
0 0.375 0.7614270833333333 0.16684375 0.45393749999999994
0 0.7179609375 0.21638541666666666 0.045515625000000004 0.06210416666666666
