0 0.501984375 0.7649375 0.022125000000000002 0.08904166666666667
0 0.737609375 0.9485104166666667 0.0605 0.10260416666666666
0 0.4891640625 0.72565625 0.019484375 0.08097916666666666
0 0.3729765625 0.7523124999999999 0.014390625000000002 0.04933333333333333
0 0.24544531249999998 0.7858541666666667 0.063421875 0.0655
0 0.463671875 0.7516666666666666 0.030375000000000003 0.09541666666666666
0 0.914109375 0.7711770833333332 0.0321875 0.041479166666666664
0 0.8686562499999999 0.7601875000000001 0.020875 0.036125
0 0.059859375000000006 0.73484375 0.11971875000000001 0.5303125
0 0.236734375 0.7454062499999999 0.0239375 0.0456875
0 0.8151406250000002 0.7844895833333333 0.027218750000000003 0.10772916666666667
0 0.3500078125 0.7287395833333333 0.019515625 0.09364583333333334
0 0.2340390625 0.79584375 0.10039062500000001 0.1125625
0 0.5437500000000001 0.7625 0.909375 0.4708333333333333
