0 0.8695625000000002 0.5667447306791569 0.052562500000000005 0.1830913348946136
0 0.3564921875 0.3666978922716628 0.034890625 0.03887587822014052
0 0.3155078125 0.587576112412178 0.143296875 0.27295081967213114
0 0.41159375000000004 0.36640515222482434 0.015593750000000002 0.029765807962529277
0 0.8863203125000001 0.36295081967213116 0.029734375000000004 0.0703512880562061
0 0.43671875000000004 0.35269320843091334 0.03215625 0.05798594847775176
0 0.7006562500000001 0.5452693208430913 0.0770625 0.2611241217798595
0 0.8253593750000001 0.3686768149882904 0.03275 0.05262295081967213
0 0.81103125 0.3354098360655738 0.0204375 0.0502576112412178
0 0.29742968750000004 0.3638056206088993 0.018515625 0.030327868852459014
0 0.3121328125 0.34117096018735366 0.029890625 0.06599531615925058
0 0.16253125000000002 0.34584309133489455 0.0191875 0.029156908665105386
0 0.229546875 0.32151053864168616 0.03484375 0.051124121779859484
0 0.5 0.27400468384074944 0.9968750000000001 0.5245901639344263
