0 0.29910156250000003 0.48490610328638495 0.19301562500000002 0.7670422535211268
0 0.6020546875 0.5022417840375587 0.234828125 0.9235915492957747
0 0.727703125 0.4051525821596244 0.10612500000000001 0.44692488262910796
0 0.8885000000000001 0.3449413145539906 0.0658125 0.3932629107981221
0 0.8252812500000002 0.25401408450704227 0.032281250000000004 0.17328638497652582
0 0.9510390625 0.3440140845070423 0.071078125 0.41427230046948355
0 0.6801328125000001 0.3017018779342723 0.055421875 0.2533098591549296
0 0.20399218750000003 0.30759389671361503 0.104859375 0.3343896713615023
0 0.9849921875000001 0.20741784037558686 0.030015625000000004 0.1184037558685446
0 0.807953125 0.31723004694835677 0.08725000000000001 0.3413615023474178
0 0.7146875000000001 0.19115023474178405 0.01359375 0.05544600938967136
0 0.6673125 0.18860328638497653 0.014156250000000002 0.05913145539906104
0 0.7891328125 0.36634976525821594 0.106109375 0.4646713615023474
