0 0.7863828125000001 0.4455035128805621 0.172421875 0.6337236533957846
0 0.6416953125 0.4618032786885246 0.11095312500000001 0.5865105386416862
0 0.5517421875 0.5921311475409836 0.182921875 0.7842622950819672
0 0.314453125 0.556943793911007 0.30459375 0.886112412177986
0 0.41667187499999997 0.2694496487119438 0.02059375 0.08569086651053864
0 0.43990625000000005 0.26517564402810306 0.019875000000000004 0.07414519906323185
0 0.22046875 0.28578454332552694 0.019250000000000003 0.05672131147540983
0 0.16028125000000001 0.29284543325526935 0.0195625 0.049765807962529274
0 0.20491406250000002 0.2807377049180328 0.015796875 0.06653395784543326
0 0.0707890625 0.2998126463700234 0.013796875 0.033536299765807964
0 0.38317187500000005 0.26710772833723656 0.01246875 0.0733255269320843
0 0.3967734375 0.27192037470725994 0.018015625 0.0648711943793911
