0 0.26001562500000003 0.22383254716981132 0.04471875 0.11700471698113207
0 0.8908671875 0.30281839622641504 0.06410937500000001 0.1023820754716981
0 0.07946875 0.3713207547169811 0.09859375000000001 0.3454716981132075
0 0.327609375 0.2740448113207547 0.07650000000000001 0.19148584905660376
0 0.697484375 0.26966981132075474 0.058062499999999996 0.22471698113207547
0 0.6459921875000001 0.267629716981132 0.053796875 0.19464622641509433
0 0.94534375 0.31054245283018866 0.06456250000000001 0.1318867924528302
0 0.12357031250000002 0.37490566037735845 0.11910937500000002 0.350566037735849
0 0.50653125 0.29106132075471697 0.0686875 0.22099056603773584
0 0.428921875 0.2831957547169811 0.061968749999999996 0.23492924528301887
0 0.5679531250000001 0.2708254716981132 0.0595625 0.24462264150943394
0 0.06786718750000001 0.24813679245283018 0.06967187500000001 0.1305188679245283
0 0.37839062500000004 0.2696816037735849 0.061406249999999996 0.18700471698113208
0 0.553125 0.25 0.7250000000000001 0.22169811320754715
