0 0.59790625 0.7284375 0.021906250000000002 0.06104166666666667
0 0.865234375 0.7143125 0.00971875 0.05508333333333334
0 0.41003906250000005 0.7004375 0.032203125 0.036875
0 0.84246875 0.72084375 0.0145625 0.051062500000000004
0 0.16497656250000003 0.7414791666666666 0.10682812500000001 0.075875
0 0.7683359375 0.7017812499999999 0.012765625000000001 0.0120625
0 0.8326328125 0.719 0.011734375 0.03991666666666667
0 0.7998828125 0.6999583333333332 0.015671875 0.02325
0 0.7840390625 0.701 0.009796875 0.0095
0 0.8179921875 0.712875 0.009734375000000002 0.020833333333333332
0 0.7441328125 0.6948541666666668 0.010046875 0.012708333333333332
