0 0.707671875 0.7365654205607476 0.122375 0.5268691588785046
0 0.8836562500000001 0.2741588785046729 0.18634375000000003 0.3550467289719626
0 0.274265625 0.4988785046728972 0.25396875 0.8764018691588785
0 0.05259375000000001 0.5022429906542055 0.10218750000000001 0.9955140186915886
0 0.9452734375 0.5644742990654206 0.10820312500000001 0.8382009345794392
0 0.7228125000000001 0.17464953271028036 0.01734375 0.03275700934579439
0 0.7057578125 0.1786682242990654 0.011765625000000002 0.02336448598130841
0 0.9780234375000001 0.11398364485981306 0.043953125 0.09563084112149532
0 0.65090625 0.17096962616822428 0.009750000000000002 0.0325
0 0.581375 0.16751168224299062 0.03759375 0.03535046728971963
0 0.5572421875000001 0.1730373831775701 0.014578125 0.03172897196261682
0 0.7994375 0.1782943925233645 0.013625000000000002 0.03336448598130841
0 0.64609375 0.16939252336448596 0.4265625 0.08177570093457943
