0 0.321875 0.5427184466019418 0.18003125 0.7181067961165049
0 0.5589218750000001 0.6185558252427185 0.12731250000000002 0.7302184466019417
0 0.6857968750000001 0.5854368932038834 0.10149999999999999 0.7052427184466019
0 0.6232500000000001 0.2724635922330097 0.049218750000000006 0.13885922330097086
0 0.7741015625000001 0.34211165048543685 0.044953125000000003 0.16718446601941744
0 0.8088906250000001 0.36239077669902914 0.04553125 0.11876213592233009
0 0.2320546875 0.3170631067961165 0.021609375 0.07936893203883495
0 0.189453125 0.33239077669902906 0.0206875 0.08225728155339805
0 0.7593125000000001 0.3443567961165048 0.05121875000000001 0.1353640776699029
0 0.8439296875000001 0.3601820388349514 0.022296875 0.10555825242718446
0 0.9564921875 0.35827669902912623 0.024640625 0.08674757281553398
0 0.6495546875 0.2985558252427184 0.055328125 0.12478155339805823
0 0.40046875000000004 0.35307038834951454 0.022375000000000003 0.07468446601941747
0 0.6414062500000001 0.45873786407766987 0.3953125 0.38834951456310673
