0 0.74136 0.5182933333333333 0.2312 0.7695466666666666
0 0.45711 0.49942666666666663 0.14898 0.6839733333333333
0 0.30786 0.47315999999999997 0.20648 0.7848799999999999
0 0.9155400000000001 0.38964 0.03716 0.14189333333333334
0 0.13618000000000002 0.3066133333333333 0.01136 0.043519999999999996
0 0.58477 0.4787466666666666 0.16166 0.7464
0 0.95367 0.38519999999999993 0.02906 0.08218666666666666
0 0.86676 0.30385333333333336 0.010320000000000001 0.0244
0 0.16969 0.3210133333333333 0.01102 0.018826666666666665
0 0.9037399999999999 0.19274666666666665 0.008119999999999999 0.015413333333333333
0 0.8857200000000001 0.3054 0.01316 0.025626666666666666
0 0.8520899999999999 0.2322266666666667 0.0050999999999999995 0.02146666666666667
0 0.583 0.19466666666666665 0.8300000000000001 0.2826666666666667
