0 0.7139453125 0.5869742990654205 0.09979687500000001 0.19240654205607474
0 0.579171875 0.566448598130841 0.047468750000000004 0.12598130841121494
0 0.661234375 0.5816588785046729 0.10246875 0.15518691588785047
0 0.4603828125 0.5815771028037383 0.048609375 0.0650233644859813
0 0.38472656250000004 0.5694976635514017 0.046203125000000005 0.090303738317757
0 0.43341406250000003 0.5800817757009346 0.035109375 0.07385514018691589
0 0.6011796875000001 0.5663785046728972 0.04535937500000001 0.11584112149532709
0 0.5617656249999999 0.577161214953271 0.028999999999999998 0.0936214953271028
0 0.4859140625 0.5724182242990654 0.033203125 0.06964953271028036
0 0.435359375 0.5513785046728972 0.021968750000000002 0.025093457943925233
