0 0.6065312500000001 0.6278203125 0.0744375 0.10695312500000001
0 0.17597656250000002 0.37885156249999996 0.033296875 0.082671875
0 0.545953125 0.603140625 0.054843750000000004 0.1676875
0 0.5879531250000001 0.5916640624999999 0.0685 0.123859375
0 0.6606093749999999 0.61121875 0.08831250000000002 0.13312500000000002
0 0.2218515625 0.5536328125 0.045984375 0.077890625
0 0.46151562500000004 0.45719531249999995 0.03425 0.048296875
0 0.5885078125 0.35771875000000003 0.022546875 0.02471875
0 0.3941171875 0.4689609375000001 0.05367187500000001 0.051484375000000006
0 0.219546875 0.27103906250000004 0.029437500000000002 0.04845312500000001
0 0.5260156250000001 0.596265625 0.07162500000000001 0.15409375000000003
0 0.56796875 0.6664062500000001 0.22968750000000002 0.13593750000000002
