0 0.93875 0.05174473067915691 0.014249999999999999 0.02358313817330211
0 0.18606250000000002 0.27011709601873535 0.08646875000000001 0.32196721311475407
0 0.34180468750000004 0.17946135831381732 0.073734375 0.2200936768149883
0 0.5128125 0.5245316159250585 0.29368750000000005 0.8126229508196722
0 0.42315625 0.19737704918032786 0.08925 0.2292271662763466
0 0.5019140625 0.1967096018735363 0.08920312500000001 0.22100702576112413
0 0.1360859375 0.2473302107728337 0.06185937500000001 0.3492271662763466
0 0.92759375 0.27511709601873535 0.08940625 0.3247540983606557
0 0.09315625000000001 0.2674941451990632 0.09675 0.3399531615925058
0 0.774375 0.21797423887587822 0.051000000000000004 0.20601873536299767
0 0.8444531249999999 0.22556206088992975 0.1151875 0.38789227166276347
0 0.0187421875 0.47683840749414524 0.037484375 0.19550351288056206
0 0.27942968749999997 0.26605386416861826 0.07229687500000001 0.3366510538641686
0 0.5 0.27985948477751754 0.9968750000000001 0.5550351288056206
