0 0.681046875 0.54259375 0.17825000000000002 0.43497916666666664
0 0.5246171875 0.6043541666666666 0.19092187500000002 0.31933333333333336
0 0.8181953125 0.33030208333333333 0.10785937500000001 0.1334375
0 0.6050156250000001 0.32073958333333336 0.06706250000000001 0.1200625
0 0.7331484375 0.03145833333333333 0.08426562500000001 0.06291666666666666
0 0.40702343750000003 0.3 0.10279687500000001 0.12358333333333334
0 0.6815390625000001 0.32508333333333334 0.081578125 0.11054166666666666
0 0.538484375 0.017979166666666668 0.07246875000000001 0.035958333333333335
0 0.26713281250000004 0.5157291666666667 0.143265625 0.39775
0 0.9157968750000001 0.03966666666666666 0.07159375 0.07870833333333334
0 0.982265625 0.4051875 0.030937500000000003 0.045625
0 0.539140625 0.32204166666666667 0.06231250000000001 0.10125
0 0.14073437500000002 0.14828125 0.06815625 0.29564583333333333
0 0.66953125 0.27708333333333335 0.6421875 0.5541666666666667
