0 0.338125 0.600023419203747 0.2350625 0.5117564402810305
0 0.7313437500000001 0.7275292740046839 0.016625 0.05379391100702576
0 0.8338203125 0.7008782201405153 0.019921875000000002 0.021569086651053865
0 0.607515625 0.7462177985948477 0.015343750000000001 0.024707259953161594
0 0.7935234375000001 0.6890046838407495 0.0064531250000000005 0.01861826697892272
0 0.020132812500000003 0.5202459016393443 0.014015625000000002 0.034215456674473066
0 0.9078984375 0.6279859484777518 0.005109375 0.022107728337236534
0 0.6545000000000001 0.7409601873536301 0.013781250000000002 0.02009367681498829
0 0.708296875 0.713255269320843 0.005875 0.02018735362997658
0 0.9134375000000001 0.6228103044496487 0.0055000000000000005 0.017236533957845433
0 0.900625 0.6326463700234192 0.00515625 0.016721311475409836
0 0.9424453125 0.619976580796253 0.011109375000000001 0.015175644028103046
0 0.7687812500000001 0.7279391100702576 0.02490625 0.07498829039812648
0 0.80390625 0.6533957845433255 0.3828125 0.20140515222482436
