0 0.7669921875000001 0.694110824742268 0.071828125 0.12873711340206187
0 0.73084375 0.6961984536082474 0.03690625 0.0922938144329897
0 0.16718750000000002 0.6795747422680413 0.06381250000000001 0.326159793814433
0 0.524421875 0.6292010309278351 0.035562500000000004 0.06685567010309279
0 0.9015234375000001 0.6782860824742268 0.041265625 0.21085051546391753
0 0.8715625 0.6659278350515464 0.038250000000000006 0.15103092783505154
0 0.7235156250000001 0.5518427835051547 0.03534375 0.09414948453608248
0 0.46578125 0.6059278350515463 0.022093750000000002 0.0977319587628866
0 0.5666484374999999 0.5453737113402062 0.023328125 0.05837628865979381
0 0.5617265625 0.7189175257731959 0.06660937500000001 0.19829896907216493
0 0.5852578125 0.5416365979381443 0.017328125 0.04414948453608247
0 0.69865625 0.6837499999999999 0.045500000000000006 0.10518041237113403
0 0.1331796875 0.6094974226804124 0.028484375000000003 0.11935567010309278
0 0.48828125 0.7525773195876289 0.9765625 0.4896907216494845
