0 0.5002421875 0.10660416666666667 0.021078125000000003 0.03916666666666667
0 0.591546875 0.10916666666666666 0.027250000000000003 0.07570833333333334
0 0.6863359375 0.0999375 0.024234375000000002 0.04554166666666667
0 0.7579296875 0.09610416666666666 0.016453125 0.04458333333333333
0 0.8044921875000001 0.11455208333333333 0.030453124999999998 0.052812500000000005
0 0.8576796875 0.06682291666666666 0.027890625000000002 0.11014583333333333
0 0.26220312500000004 0.11880208333333332 0.026218750000000002 0.045187500000000005
0 0.16928125000000002 0.05505208333333333 0.023031250000000003 0.07681249999999999
0 0.34803125 0.6184166666666667 0.12978125000000001 0.3662916666666666
0 0.7629765625 0.3720208333333333 0.05667187500000001 0.06241666666666667
0 0.8122343750000001 0.37122916666666667 0.038875 0.06204166666666667
0 0.5569140625 0.16690625 0.031921875 0.0596875
0 0.52334375 0.10385416666666666 0.024156250000000004 0.042416666666666665
0 0.5 0.23541666666666666 0.9968750000000001 0.4708333333333333
