0 0.6442578125 0.5011159737417943 0.20057812500000002 0.8449452954048139
0 0.5215078125 0.6235995623632385 0.15726562500000002 0.4696498905908096
0 0.27715625 0.5729321663019693 0.19968750000000002 0.7561487964989059
0 0.13977343750000001 0.5594967177242888 0.183703125 0.7516849015317286
0 0.37860156250000004 0.49354485776805246 0.047953125000000006 0.25890590809628006
0 0.7703203125 0.5098687089715536 0.019796875000000002 0.07391684901531728
0 0.9103984375 0.502144420131291 0.014453125 0.054442013129102844
0 0.784015625 0.5142778993435448 0.01853125 0.06592997811816192
0 0.4403984375000001 0.5173194748358861 0.019546875000000002 0.08041575492341356
0 0.9047578125 0.5011378555798687 0.021984375 0.046170678336980304
