0 0.14027343750000001 0.7797647058823528 0.152203125 0.4179764705882352
0 0.18034375 0.6694117647058823 0.09875 0.35317647058823526
0 0.76125 0.6266470588235293 0.04246875 0.18143529411764703
0 0.7479296875000001 0.5455411764705882 0.010734375 0.026235294117647058
0 0.786515625 0.541835294117647 0.015218750000000001 0.03124705882352941
0 0.8821875000000001 0.7658117647058823 0.1355 0.4683764705882353
0 0.7320859375000001 0.6229647058823529 0.025703125 0.17397647058823526
0 0.783203125 0.603835294117647 0.029125 0.1532705882352941
0 0.0522265625 0.749435294117647 0.09848437500000001 0.46517647058823525
0 0.7244765625 0.5502470588235293 0.009109375000000001 0.02501176470588235
0 0.013859375000000002 0.474 0.023031250000000003 0.058211764705882345
