0 0.5078515625 0.5813114754098361 0.10026562500000001 0.27831381733021077
0 0.653078125 0.8097892271662763 0.06237500000000001 0.30576112412177986
0 0.3352578125000001 0.42635831381733025 0.047515625000000006 0.2093911007025761
0 0.33021875 0.1900585480093677 0.034125 0.06943793911007025
0 0.500515625 0.28692037470726 0.045875 0.07950819672131149
0 0.6724296875 0.15229508196721311 0.032296875 0.11807962529274005
0 0.5264375 0.21494145199063233 0.03840625 0.11606557377049181
0 0.542546875 0.2876463700234192 0.032125 0.0817096018735363
0 0.5901953125 0.2923887587822014 0.020484375 0.06763466042154566
0 0.5712734375 0.2891569086651054 0.026921875 0.080327868852459
0 0.66146875 0.3042857142857143 0.02128125 0.0414519906323185
0 0.1004921875 0.0961592505854801 0.026953125 0.06800936768149883
0 0.471109375 0.17228337236533958 0.03696875 0.05585480093676815
0 0.49921875000000004 0.4601873536299766 0.9984375000000001 0.9203747072599532
