0 0.7899140625000001 0.7741598360655738 0.287859375 0.4381967213114754
0 0.6031484375 0.8089959016393443 0.157640625 0.35954918032786887
0 0.41895312500000004 0.6932581967213115 0.111375 0.2359426229508197
0 0.366328125 0.6615778688524591 0.06 0.2807786885245902
0 0.3015703125 0.6495901639344263 0.08567187500000001 0.3236065573770492
0 0.7349296875000001 0.4839651639344263 0.030265625000000004 0.09706967213114755
0 0.18415625000000002 0.5485860655737704 0.025093749999999998 0.16135245901639345
0 0.15374218750000002 0.558063524590164 0.049671875000000004 0.13325819672131148
0 0.9624375 0.7803586065573772 0.075125 0.3497745901639344
0 0.2334609375 0.5895594262295082 0.050859375 0.21141393442622952
0 0.9271718750000002 0.459969262295082 0.01584375 0.01817622950819672
0 0.2781796875 0.5238114754098361 0.038109375 0.10344262295081967
0 0.7659453125 0.4874590163934427 0.019515625 0.06987704918032787
