0 0.83025 0.8950000000000001 0.04814 0.20622754491017964
0 0.68826 0.8698203592814371 0.08256000000000001 0.22473053892215572
0 0.72456 0.8868413173652696 0.044840000000000005 0.22218562874251496
0 0.95477 0.8496107784431137 0.06178 0.24449101796407186
0 0.92761 0.74437125748503 0.0303 0.1481437125748503
0 0.82478 0.7131736526946109 0.04536 0.14497005988023953
0 0.89767 0.8584281437125748 0.08406000000000001 0.2247005988023952
0 0.07809 0.755059880239521 0.04318 0.19772455089820362
0 0.6545899999999999 0.6942365269461078 0.03234 0.12583832335329342
0 0.78289 0.7259730538922157 0.03182 0.14362275449101797
0 0.035739999999999994 0.7416467065868264 0.037 0.1522754491017964
0 0.09236 0.677065868263473 0.024960000000000003 0.08652694610778443
0 0.7671800000000001 0.791062874251497 0.03648 0.1700299401197605
0 0.5 0.7065868263473054 0.996 0.39520958083832336
