0 0.5996875 0.9559895833333333 0.05403125 0.08802083333333333
0 0.7711171875000001 0.9481979166666668 0.04560937500000001 0.0788125
0 0.6306406250000001 0.95096875 0.039593750000000004 0.0980625
0 0.555046875 0.9501666666666667 0.048656250000000005 0.09966666666666667
0 0.47477343750000006 0.9516458333333332 0.041140625 0.09670833333333334
0 0.4548046875 0.9428541666666667 0.036390625 0.11233333333333334
0 0.428046875 0.9176562500000001 0.02759375 0.10456249999999999
0 0.5071328125 0.9554479166666665 0.036953124999999996 0.08656249999999999
0 0.9039140625000001 0.9446458333333333 0.155296875 0.11070833333333334
0 0.527828125 0.9321041666666667 0.032531250000000005 0.08929166666666666
0 0.5922109375 0.919625 0.020703125000000003 0.05520833333333333
