0 0.8579765625000001 0.7634389671361502 0.082671875 0.2709154929577465
0 0.5047421875000001 0.13643192488262912 0.025734375 0.11854460093896714
0 0.4662343750000001 0.06620892018779344 0.023375000000000003 0.04265258215962442
0 0.5829765625000001 0.09684272300469485 0.026515625 0.03744131455399061
0 0.6255625 0.0971244131455399 0.0245 0.03997652582159625
0 0.6467890625000001 0.09694835680751174 0.021203125000000003 0.03807511737089202
0 0.668984375 0.1002112676056338 0.02134375 0.029483568075117372
0 0.6874765625000001 0.09454225352112676 0.024828125000000003 0.04044600938967136
0 0.6993203125 0.07330985915492957 0.024484375000000003 0.04323943661971832
0 0.5882734375 0.08400234741784036 0.015359375000000001 0.03617370892018779
0 0.6325859375 0.0770774647887324 0.029265625000000003 0.046408450704225356
0 0.47517968749999995 0.09438967136150234 0.021765625 0.0368075117370892
0 0.8198750000000001 0.10427230046948358 0.018312500000000002 0.02708920187793427
0 0.49375 0.06690140845070423 0.984375 0.13380281690140847
