0 0.23773437500000003 0.5995329087048832 0.38393750000000004 0.7498513800424629
0 0.6459296875 0.4483333333333333 0.200359375 0.5370488322717621
0 0.7702421875000001 0.43262208067940555 0.137203125 0.5559447983014862
0 0.8982734375 0.21119957537154987 0.169734375 0.18791932059447983
0 0.7888515625000001 0.06225053078556263 0.11576562500000001 0.12135881104033969
0 0.6762343749999999 0.09611464968152865 0.12093750000000002 0.19176220806794053
0 0.43583593750000005 0.12747346072186835 0.148390625 0.2549469214437367
0 0.17929687500000002 0.11993630573248408 0.1414375 0.2218259023354565
0 0.3632265625 0.0685244161358811 0.113484375 0.1370488322717622
0 0.561171875 0.12715498938428874 0.15275000000000002 0.25430997876857747
0 0.73428125 0.03370488322717622 0.05621875 0.06740976645435244
0 0.27034375000000005 0.06736730360934183 0.113375 0.13473460721868366
0 0.075359375 0.045583864118895964 0.15071875 0.09116772823779193
