0 0.5713900000000001 0.62472 0.5874600000000001 0.7178133333333333
0 0.21115 0.5664399999999999 0.17906 0.3761333333333334
0 0.24248000000000003 0.3624 0.07392 0.10053333333333334
0 0.11489 0.28624 0.05422 0.10389333333333334
0 0.04929 0.35274666666666665 0.09858 0.16373333333333331
0 0.73899 0.5106266666666667 0.0555 0.08941333333333333
0 0.79047 0.5289733333333333 0.06806000000000001 0.08845333333333333
0 0.80472 0.4392266666666666 0.037 0.05605333333333333
0 0.5985600000000001 0.3576266666666666 0.01044 0.03914666666666666
0 0.08522 0.31149333333333334 0.06312 0.10186666666666667
0 0.9665 0.5535866666666667 0.02748 0.03778666666666666
0 0.31390999999999997 0.43674666666666656 0.12218000000000001 0.18426666666666663
0 0.1601 0.36057333333333336 0.09544 0.15192
0 0.5 0.3 0.988 0.5893333333333333
