0 0.3937410926365796 0.4864843750000001 0.5752256532066509 0.9346875000000001
0 0.5765795724465559 0.5580703124999999 0.16959619952494065 0.11982812500000001
0 0.8843230403800476 0.36404687500000005 0.231353919239905 0.32809375
0 0.7438717339667459 0.24997656250000003 0.1359144893111639 0.145234375
0 0.6698218527315914 0.20973437500000003 0.14577197149643706 0.136375
0 0.8919477434679335 0.17928125000000003 0.1756294536817102 0.13284375
0 0.2410570071258908 0.19386718749999998 0.08577197149643706 0.135421875
0 0.6893586698337292 0.11114062499999999 0.12513064133016627 0.10028125000000002
0 0.7940498812351543 0.14997656250000002 0.09807600950118765 0.13192187500000002
0 0.5637410926365796 0.22325 0.08296912114014252 0.08334375000000001
