0 0.61248 0.9800933333333333 0.01824 0.03981333333333333
0 0.39241000000000004 0.9515333333333332 0.0197 0.05709333333333333
0 0.3721 0.9479466666666667 0.01752 0.05930666666666666
0 0.37157999999999997 0.8988266666666667 0.01068 0.037386666666666665
0 0.6523 0.9579333333333334 0.0418 0.07869333333333334
0 0.4346 0.9494 0.014920000000000001 0.05752
0 0.8500599999999999 0.8631333333333333 0.01236 0.039066666666666666
0 0.26781 0.9544266666666665 0.05026 0.09114666666666667
0 0.36188 0.9573733333333333 0.03712 0.08360000000000001
0 0.5282899999999999 0.9763466666666666 0.05162 0.04672
0 0.40721000000000007 0.9363333333333334 0.01182 0.03202666666666666
0 0.9491800000000001 0.8492933333333333 0.01864 0.05570666666666667
0 0.20835 0.9068533333333333 0.01462 0.03472
0 0.548 0.8693333333333333 0.9 0.256
