0 0.40698437500000006 0.7144730679156909 0.244375 0.3084309133489461
0 0.1799140625 0.6618032786885246 0.161921875 0.4741451990632319
0 0.45064843750000005 0.19065573770491803 0.031640625 0.08814988290398126
0 0.47825 0.19282201405152227 0.0230625 0.08653395784543326
0 0.3613671875 0.47764637002341914 0.016203125 0.1396487119437939
0 0.38398437500000004 0.47066744730679155 0.026125 0.16484777517564403
0 0.433421875 0.42608899297423886 0.02428125 0.0346135831381733
0 0.463390625 0.47147540983606556 0.0241875 0.1495550351288056
0 0.4512890625 0.37596018735362996 0.021078125000000003 0.08372365339578454
0 0.7078593750000001 0.3728103044496487 0.032718750000000005 0.06627634660421546
0 0.3605546875 0.3946604215456675 0.013453125 0.02459016393442623
0 0.8303203125 0.06257611241217799 0.012484375 0.04426229508196721
0 0.46350781250000006 0.17682669789227165 0.013234375000000001 0.05444964871194379
0 0.49921875000000004 0.5550351288056206 0.9953125 0.5245901639344263
