0 0.1904296875 0.7024121779859485 0.050359375 0.26173302107728336
0 0.23920312500000002 0.6533372365339578 0.018468750000000003 0.08644028103044496
0 0.26017968750000003 0.6432669789227167 0.029484375000000004 0.10850117096018735
0 0.062859375 0.6467564402810305 0.0171875 0.06227166276346604
0 0.03859375 0.6407962529274005 0.013125000000000001 0.07864168618266978
0 0.07752343750000001 0.6417681498829039 0.021234375 0.07177985948477751
0 0.6680703125 0.609695550351288 0.016640625000000003 0.025526932084309135
0 0.5657890625 0.6633255269320844 0.022859375 0.04721311475409836
0 0.6291875 0.6330562060889929 0.025656250000000005 0.0747775175644028
0 0.2177265625 0.6658430913348946 0.036671875 0.1289695550351288
0 0.5315156249999999 0.6630093676814989 0.026250000000000002 0.09618266978922717
0 0.5446953124999999 0.6497658079625293 0.011796875 0.06182669789227166
0 0.30614843750000004 0.6166276346604216 0.012734375000000001 0.019063231850117098
0 0.47968750000000004 0.6370023419203747 0.93125 0.20608899297423888
