0 0.6376718750000001 0.4428467908902692 0.13878125 0.43430641821946175
0 0.5021093750000001 0.4444306418219462 0.17475000000000002 0.4749896480331263
0 0.1390625 0.4741511387163561 0.1899375 0.5033747412008281
0 0.20404687500000002 0.40332298136645967 0.1350625 0.5527329192546585
0 0.40301562500000004 0.3932194616977226 0.11078125000000001 0.5203933747412008
0 0.5566640625 0.3074327122153209 0.11389062500000001 0.35362318840579715
0 0.7509453125000001 0.32939958592132507 0.13107812500000002 0.4267908902691511
0 0.8465 0.44069358178053836 0.20028125000000002 0.49074534161490685
0 0.69240625 0.603209109730849 0.1605 0.24028985507246378
0 0.358890625 0.6098861283643893 0.1434375 0.2510766045548654
0 0.34428125000000004 0.44434782608695655 0.18284375 0.49366459627329196
