0 0.42664843750000003 0.8441317991631798 0.020421875000000003 0.09746861924686193
0 0.8594140625 0.8799058577405857 0.050328125 0.1965899581589958
0 0.8978281250000001 0.8709518828451882 0.0516875 0.19211297071129704
0 0.44078125000000007 0.7845292887029288 0.011625000000000002 0.04529288702928869
0 0.16178125000000002 0.7860669456066945 0.023906250000000004 0.010418410041841004
0 0.9801796875 0.7964644351464435 0.011734375 0.016903765690376566
0 0.5616093750000001 0.7651778242677824 0.013656250000000002 0.02089958158995816
0 0.80859375 0.877144351464435 0.064375 0.20165271966527196
0 0.8804140625000001 0.7705125523012551 0.006515625000000001 0.013661087866108786
0 0.8686093750000001 0.772144351464435 0.01003125 0.014456066945606694
0 0.8587265625000001 0.7720188284518827 0.009265625 0.012405857740585773
0 0.7447343750000002 0.8765481171548116 0.06534375 0.19895397489539746
