0 0.364046875 0.7625520833333332 0.13146875 0.4516875
0 0.4380625 0.7019791666666667 0.16359375 0.3433333333333334
0 0.5853046875000001 0.7623854166666666 0.160484375 0.4504375
0 0.7049062500000001 0.7590000000000001 0.16640625 0.40429166666666666
0 0.7976562500000001 0.5833020833333333 0.1635 0.34239583333333334
0 0.646609375 0.5258125 0.17790625000000002 0.2905833333333333
0 0.48259375000000004 0.5338854166666667 0.1055625 0.20456249999999998
0 0.3818671875 0.5218541666666667 0.139765625 0.2487083333333333
0 0.40118750000000003 0.3636875 0.118 0.18708333333333332
0 0.49584374999999997 0.41783333333333333 0.11737500000000001 0.17312499999999997
0 0.53040625 0.5098333333333332 0.044375 0.120125
