0 0.565527108433735 0.44706 0.46364457831325306 0.67676
0 0.7796234939759036 0.2165 0.19774096385542173 0.18892
0 0.2260240963855422 0.2018 0.19180722891566265 0.1574
0 0.8701355421686747 0.30355000000000004 0.22834337349397593 0.20738
0 0.4167018072289157 0.36007 0.16376506024096385 0.10958
0 0.06941265060240964 0.32912 0.1312951807228916 0.15096
0 0.0755722891566265 0.24707 0.151144578313253 0.26866
0 0.2470481927710844 0.32023 0.20307228915662653 0.18202000000000002
0 0.3772138554216868 0.10689 0.2094277108433735 0.1811
0 0.5923644578313253 0.08885 0.1530421686746988 0.1409
0 0.6956626506024097 0.043160000000000004 0.16620481927710845 0.0852
0 0.08522590361445782 0.38210000000000005 0.16129518072289156 0.06568
0 0.9325753012048194 0.36346999999999996 0.13484939759036146 0.08626
0 0.5180722891566265 0.09 0.9578313253012049 0.18
