0 0.6331328125000001 0.6692812499999999 0.603703125 0.6300625
0 0.047406250000000004 0.6942604166666667 0.0924375 0.6114791666666667
0 0.8752734375 0.5874166666666666 0.06651562500000001 0.13833333333333334
0 0.3995859375 0.8257395833333333 0.11007812500000001 0.1556875
0 0.315546875 0.8640104166666667 0.16943750000000002 0.27197916666666666
0 0.12235156250000001 0.6421666666666667 0.081796875 0.202625
0 0.9421406250000001 0.6325833333333333 0.0471875 0.110125
0 0.427125 0.6824999999999999 0.03484375 0.144375
0 0.18707812499999998 0.87303125 0.192125 0.22247916666666667
0 0.3063125 0.75940625 0.039781250000000004 0.08085416666666667
0 0.9206562500000001 0.5831041666666666 0.015593750000000002 0.03145833333333333
0 0.8928984375 0.5960625 0.008671875 0.018958333333333334
0 0.5284531250000001 0.7215729166666667 0.029656250000000002 0.11785416666666666
0 0.53125 0.7270833333333333 0.9125000000000001 0.4666666666666667
