0 0.5685000000000001 0.29408139534883726 0.16381250000000003 0.4839767441860465
0 0.11474218750000001 0.3191046511627907 0.223453125 0.6202093023255814
0 0.75375 0.26038372093023254 0.09362500000000001 0.2083953488372093
0 0.53678125 0.1527906976744186 0.14675000000000002 0.2973953488372093
0 0.3751875 0.5033720930232558 0.45143750000000005 0.9348372093023256
0 0.7520468750000001 0.07961627906976744 0.12371875000000002 0.159
0 0.27708593750000005 0.07367441860465117 0.09814062500000001 0.14702325581395348
0 0.8316015625000001 0.05202325581395349 0.046828125 0.10404651162790698
0 0.45218749999999996 0.13091860465116278 0.10340625000000002 0.26183720930232557
0 0.8159921874999999 0.11475581395348837 0.021671875 0.10918604651162792
0 0.86434375 0.026953488372093024 0.026562500000000003 0.05390697674418605
