0 0.16380468750000002 0.08077083333333333 0.036859375 0.16154166666666667
0 0.2834140625 0.10097916666666666 0.071234375 0.20195833333333332
0 0.2519453125 0.09023958333333333 0.051453125 0.18047916666666666
0 0.31684375000000004 0.04173958333333333 0.0226875 0.06985416666666666
0 0.921328125 0.6496041666666666 0.15734375 0.63275
0 0.41744531250000005 0.14122916666666666 0.060265625 0.22595833333333332
0 0.43980468749999996 0.14792708333333332 0.075265625 0.2577291666666667
0 0.3438203125 0.11460416666666666 0.053921875 0.22920833333333332
0 0.5424375 0.11942708333333332 0.049 0.0834375
0 0.8891250000000002 0.35941666666666666 0.09518750000000001 0.2799166666666667
0 0.9266093750000002 0.37422916666666667 0.10218750000000001 0.20916666666666667
0 0.4631953125000001 0.16026041666666666 0.087015625 0.2384375
0 0.09156249999999999 0.06363541666666667 0.070125 0.11689583333333332
0 0.54921875 0.24791666666666667 0.8734375000000001 0.49583333333333335
