0 0.28225000000000006 0.5635937499999999 0.023906250000000004 0.11514583333333334
0 0.39584375000000005 0.488875 0.0061875 0.029458333333333333
0 0.8555390625 0.4756145833333333 0.007515625 0.0198125
0 0.8420859374999999 0.47527083333333336 0.007921875 0.022333333333333334
0 0.6428203125 0.49670833333333336 0.012640625 0.026416666666666665
0 0.42874999999999996 0.485875 0.007625 0.021166666666666667
0 0.1315 0.4923541666666667 0.004687500000000001 0.026791666666666665
0 0.35571093750000005 0.5347395833333334 0.016328125 0.07502083333333333
0 0.8798828125 0.47380208333333335 0.006703125000000001 0.0209375
0 0.6995546875 0.47641666666666665 0.006609375000000001 0.019291666666666665
0 0.6205390625000001 0.47568750000000004 0.006953125000000001 0.020916666666666663
0 0.77346875 0.47338541666666667 0.00396875 0.016854166666666667
0 0.4220312500000001 0.4826770833333333 0.007000000000000001 0.015270833333333332
