0 0.6295502092050209 0.4225625 0.1979707112970711 0.31890625
0 0.8024476987447698 0.323359375 0.24481171548117153 0.35440625000000003
0 0.35076359832635984 0.4940703125 0.23424686192468616 0.395859375
0 0.4476882845188284 0.024234375000000002 0.0553765690376569 0.048468750000000005
0 0.5523221757322175 0.026335937500000003 0.04849372384937238 0.05267187500000001
0 0.540418410041841 0.1959609375 0.1006276150627615 0.20495312499999999
0 0.1620397489539749 0.5414296875 0.2771757322175732 0.122421875
0 0.515407949790795 0.4441796875 0.10102510460251045 0.20120312500000004
0 0.8049999999999998 0.14567968750000002 0.08924686192468617 0.118515625
0 0.6033472803347281 0.0081015625 0.04677824267782426 0.016203125
0 0.7084518828451882 0.004984375 0.032803347280334724 0.00996875
