0 0.1387421875 0.6641666666666667 0.15085937500000002 0.5796666666666667
0 0.7794921875 0.8089166666666667 0.056140625 0.08454166666666667
0 0.5787421875000001 0.5146770833333334 0.007328125000000001 0.008812500000000001
0 0.40721093750000004 0.6463749999999999 0.020421875000000003 0.050791666666666666
0 0.38625000000000004 0.5961874999999999 0.016875 0.04120833333333333
0 0.29667187500000003 0.5280729166666667 0.00821875 0.0103125
0 0.40390625 0.74571875 0.031468750000000004 0.0621875
0 0.5857968750000001 0.76721875 0.0579375 0.13764583333333333
0 0.9268750000000001 0.6299166666666667 0.01990625 0.022041666666666668
0 0.6546484375000001 0.5028645833333333 0.006984375 0.011145833333333332
0 0.5340078125 0.49346874999999996 0.006828125000000001 0.0039375
0 0.5905546875 0.47984374999999996 0.004765625 0.007979166666666667
0 0.7326406250000002 0.7947395833333334 0.055781250000000004 0.09414583333333333
0 0.9812500000000001 0.5697916666666667 0.034375 0.052083333333333336
