0 0.1786171875 0.7301565995525727 0.013640625000000002 0.060447427293064876
0 0.1428984375 0.767897091722595 0.012796875 0.05042505592841163
0 0.15459375 0.7709619686800895 0.01690625 0.06478747203579419
0 0.1853046875 0.7919239373601789 0.020859375 0.06442953020134229
0 0.12317968750000002 0.940089485458613 0.020484375 0.07042505592841163
0 0.1939296875 0.8356263982102908 0.013828125 0.05420581655480984
0 0.0730234375 0.9021252796420581 0.018140625 0.07024608501118568
0 0.8517734375 0.5869351230425056 0.017734375 0.055480984340044746
0 0.11396875000000001 0.910648769574944 0.01528125 0.06268456375838925
0 0.13743750000000002 0.8526062639821029 0.014781250000000003 0.05970917225950783
0 0.7918359375000001 0.28637583892617446 0.008328125 0.04067114093959731
0 0.2043515625 0.9155704697986576 0.014484375 0.061431767337807607
0 0.1520859375 0.9545413870246084 0.021640625 0.06152125279642058
0 0.49921875000000004 0.4977628635346756 0.9984375000000001 0.9955257270693512
