0 0.3365859375 0.58525 0.072546875 0.3815
0 0.5185234375000001 0.5870312499999999 0.09310937500000001 0.4324791666666667
0 0.6538906250000001 0.5789270833333333 0.07021875 0.4026875
0 0.6156640625 0.4956979166666667 0.048390625 0.17293750000000002
0 0.73375 0.55515625 0.07153125 0.30314583333333334
0 0.8531640625 0.49671875000000004 0.042109375000000004 0.1831875
0 0.20497656250000001 0.5660729166666667 0.07860937500000001 0.42606249999999996
0 0.921859375 0.5272708333333332 0.0728125 0.258
0 0.981875 0.5230416666666666 0.03625 0.26316666666666666
0 0.483390625 0.66721875 0.031718750000000004 0.12143749999999999
0 0.4113671875 0.6066145833333332 0.07357812500000001 0.3177291666666666
0 0.487046875 0.5029791666666666 0.039718750000000004 0.19766666666666666
0 0.4453125 0.5427083333333333 0.8875000000000001 0.4270833333333333
