0 0.41473437500000004 0.6576580796252928 0.15928125 0.6216393442622951
0 0.0830234375 0.6246955503512881 0.157078125 0.7197423887587822
0 0.1977421875 0.612072599531616 0.08804687500000001 0.11969555035128805
0 0.2216328125 0.5881498829039813 0.06867187500000001 0.1618735362997658
0 0.2200078125 0.5170140515222483 0.04089062500000001 0.09496487119437938
0 0.8463359375 0.5914519906323186 0.307328125 0.7842622950819672
0 0.2295 0.3835831381733021 0.033468750000000005 0.1033255269320843
0 0.708984375 0.5082552693208431 0.050749999999999997 0.1566042154566745
0 0.612703125 0.4465222482435597 0.28209375 0.6644262295081966
0 0.6758828125 0.531135831381733 0.079515625 0.14798594847775176
0 0.21142968750000002 0.47848946135831383 0.081328125 0.16597189695550352
0 0.27573437500000003 0.5878337236533958 0.07062500000000001 0.17791569086651055
0 0.1524765625 0.45838407494145195 0.049171875000000004 0.13831381733021078
0 0.5 0.3583138173302108 0.9968750000000001 0.6651053864168618
