0 0.06502343749999999 0.31316901408450704 0.016734375000000003 0.03169014084507042
0 0.4367734375 0.5561737089201878 0.170515625 0.8337089201877935
0 0.158 0.3151877934272301 0.007781250000000001 0.02488262910798122
0 0.5551640625 0.32897887323943664 0.013015625000000001 0.04204225352112676
0 0.36342968750000004 0.33089201877934277 0.009046875000000001 0.049389671361502345
0 0.875375 0.3375704225352113 0.01196875 0.04462441314553991
0 0.7657734375 0.31279342723004694 0.009765625 0.015352112676056339
0 0.35328125 0.3291549295774648 0.01615625 0.051643192488262914
0 0.9826796875 0.3354107981220657 0.010640625 0.04110328638497653
0 0.9337656249999999 0.3487676056338028 0.008749999999999999 0.02199530516431925
0 0.1078515625 0.3161032863849766 0.006265625 0.03103286384976526
0 0.9243984375000001 0.34975352112676056 0.012421875 0.02204225352112676
0 0.11498437499999999 0.32629107981220656 0.011000000000000001 0.03929577464788732
0 0.45156250000000003 0.5105633802816901 0.68125 0.4671361502347418
