0 0.8744453125 0.4885630841121495 0.075734375 0.1350700934579439
0 0.027796875 0.6146028037383178 0.052593749999999995 0.3483177570093458
0 0.7579687500000001 0.5751401869158878 0.097625 0.2510280373831775
0 0.14472656250000002 0.5388317757009345 0.162609375 0.23719626168224298
0 0.21990625000000003 0.7297313084112149 0.18978125 0.5202570093457943
0 0.082296875 0.45272196261682235 0.10400000000000001 0.2777803738317757
0 0.27799999999999997 0.46106308411214947 0.029406250000000002 0.07352803738317756
0 0.307109375 0.4626401869158878 0.040531250000000005 0.09855140186915887
0 0.6403828125 0.47566588785046726 0.052578125 0.09021028037383176
0 0.0194453125 0.47186915887850467 0.037734375 0.06186915887850467
0 0.23878125 0.4767990654205607 0.05121875000000001 0.09915887850467288
0 0.21075 0.3969509345794392 0.06515625000000001 0.14932242990654204
0 0.516765625 0.5316705607476635 0.5436875 0.8987149532710279
0 0.76484375 0.4626168224299065 0.31093750000000003 0.10747663551401869
