0 0.4145625 0.5285251046025103 0.137625 0.41123430962343094
0 0.583234375 0.41348326359832627 0.08559375000000001 0.29215481171548113
0 0.6585859375 0.5569037656903766 0.107453125 0.2388702928870293
0 0.7745468750000001 0.6488912133891211 0.32646875000000003 0.5047280334728033
0 0.8967578125000002 0.22123430962343094 0.015515625 0.04589958158995816
0 0.8603984375 0.22612970711297067 0.018046875 0.05447698744769874
0 0.9376640625000001 0.22299163179916318 0.018265625 0.044602510460251044
0 0.828171875 0.21756276150627615 0.0195625 0.05240585774058577
0 0.7738046875000001 0.31749999999999995 0.4397968750000001 0.32663179916317986
0 0.8118750000000001 0.2086610878661088 0.012906250000000001 0.03175732217573221
0 0.096203125 0.24261506276150624 0.021 0.09602510460251044
0 0.267546875 0.5298849372384937 0.13321875000000002 0.25981171548117155
