0 0.44261176470588237 0.610359375 0.8852235294117647 0.75
0 0.9343058823529412 0.4272656250000001 0.13138823529411764 0.42418750000000005
0 0.7440705882352942 0.1727578125 0.15943529411764706 0.183328125
0 0.5129294117647059 0.225890625 0.17550588235294118 0.13778125000000002
0 0.31021176470588235 0.34243750000000006 0.3302117647058823 0.44128125000000007
0 0.2324235294117647 0.27532031250000005 0.18847058823529408 0.22239062500000004
0 0.07771764705882353 0.25503125 0.15543529411764706 0.2401875
0 0.6560235294117647 0.1585 0.12023529411764705 0.16759375
0 0.5705764705882352 0.0491015625 0.09061176470588234 0.097515625
0 0.9145294117647058 0.3947734375 0.17094117647058824 0.110796875
0 0.8374823529411765 0.165734375 0.21270588235294116 0.19693750000000002
0 0.8619529411764706 0.21462500000000004 0.2760941176470588 0.2645625
