0 0.682546875 0.9164895833333332 0.16862500000000002 0.16702083333333334
0 0.673140625 0.8789374999999999 0.04050000000000001 0.10520833333333333
0 0.7432578125 0.87828125 0.114609375 0.22472916666666667
0 0.8677578125000001 0.84165625 0.21039062500000003 0.31668749999999996
0 0.18202343750000002 0.9595520833333333 0.08764062500000001 0.0584375
0 0.8908515625000002 0.8144479166666666 0.060015624999999996 0.05227083333333333
0 0.9711328125 0.9437395833333333 0.055890625000000006 0.11252083333333333
0 0.2703125 0.8974583333333332 0.041906250000000006 0.16079166666666667
0 0.6227343750000001 0.9382395833333333 0.10975 0.1231875
0 0.36147656250000004 0.91953125 0.150265625 0.1609375
0 0.5912734374999999 0.98859375 0.07270312500000001 0.0228125
