0 0.8251799999999999 0.40099999999999997 0.04904 0.11565333333333332
0 0.1099 0.5841066666666667 0.07216 0.29530666666666666
0 0.029230000000000003 0.5781333333333334 0.0577 0.29616
0 0.09447 0.45808 0.055060000000000005 0.13455999999999999
0 0.49095000000000005 0.32332 0.11270000000000001 0.20898666666666668
0 0.9841300000000001 0.5365333333333333 0.03174 0.14917333333333332
0 0.9313000000000001 0.5207866666666666 0.03196 0.1324
0 0.16443000000000002 0.5640133333333333 0.07342 0.26583999999999997
0 0.06869 0.47223999999999994 0.02238 0.060906666666666665
0 0.05822 0.6118399999999999 0.03976 0.20538666666666666
0 0.9618800000000001 0.53308 0.046520000000000006 0.15437333333333333
0 0.47443 0.50708 0.03174 0.10216
0 0.94128 0.48818666666666666 0.01736 0.04405333333333333
