0 0.5209453125000001 0.7031354166666668 0.046234375 0.06889583333333334
0 0.9011953125000001 0.6408229166666666 0.030015625000000004 0.10002083333333332
0 0.176859375 0.5216770833333333 0.033531250000000005 0.07210416666666666
0 0.011109375000000001 0.6166041666666666 0.022218750000000002 0.07429166666666666
0 0.5035625 0.30531250000000004 0.0124375 0.02695833333333333
0 0.5455 0.27899999999999997 0.013125000000000001 0.0245
0 0.5701953125 0.24060416666666667 0.013515625000000002 0.025041666666666667
0 0.5930859375 0.2096458333333333 0.012453125 0.024708333333333332
0 0.71078125 0.23277083333333332 0.010812500000000001 0.023791666666666666
0 0.6251171875000001 0.32038541666666664 0.015140625 0.0273125
0 0.25882812499999996 0.3965104166666667 0.030218750000000003 0.04877083333333333
0 0.6163828125 0.21939583333333335 0.015015625 0.036000000000000004
0 0.7624296875000001 0.45034375 0.016578125 0.030312500000000003
0 0.49921875000000004 0.49895833333333334 0.9984375000000001 0.9979166666666667
