0 0.06728125 0.41011166253101733 0.1345625 0.4406203473945409
0 0.46078906249999996 0.31712158808933 0.10829687500000001 0.49588089330024815
0 0.16463281250000003 0.34868486352357325 0.049828125 0.1611910669975186
0 0.8642578125 0.258014888337469 0.033578125 0.07235732009925558
0 0.8046796875000001 0.2625558312655087 0.012421875 0.03245657568238213
0 0.4138984375 0.2716749379652605 0.037734375 0.07277915632754342
0 0.2335625 0.3314019851116625 0.03565625 0.08215880893300248
0 0.952484375 0.2653846153846154 0.02953125 0.06962779156327543
0 0.05660156250000001 0.8662903225806452 0.11320312500000002 0.26741935483870966
0 0.872109375 0.8491563275434243 0.25390625 0.30153846153846153
0 0.5626171875 0.3742183622828784 0.172859375 0.39424317617866006
