0 0.8835078125 0.7364898419864558 0.23298437500000002 0.5135214446952596
0 0.17843750000000003 0.8591083521444696 0.10815625000000001 0.2817832957110609
0 0.787578125 0.6435891647855531 0.0230625 0.06848758465011286
0 0.7090078125000001 0.682042889390519 0.033140625 0.10733634311512413
0 0.9422890625 0.60558690744921 0.045890625000000004 0.07126410835214446
0 0.13078125000000002 0.8161399548532731 0.017249999999999998 0.04591422121896162
0 0.0948046875 0.8241647855530474 0.061953125 0.17094808126410835
0 0.642515625 0.6789954853273136 0.02759375 0.08169300225733633
0 0.8100078125 0.6407900677200903 0.021078125000000003 0.0674040632054176
0 0.7280390625000001 0.6464446952595936 0.009515625 0.058577878103837466
0 0.7513125 0.6718961625282167 0.04371875 0.13051918735891646
