0 0.621 0.8760993975903615 0.06244 0.24780120481927712
0 0.49912 0.9588253012048195 0.055799999999999995 0.08234939759036145
0 0.76141 0.866159638554217 0.061700000000000005 0.2631024096385542
0 0.34312000000000004 0.5196234939759036 0.05092 0.12087349397590363
0 0.86415 0.8744578313253012 0.10274 0.24783132530120483
0 0.40856000000000003 0.7166867469879519 0.06512000000000001 0.22391566265060242
0 0.6841400000000001 0.8651656626506025 0.07012 0.24719879518072288
0 0.40402 0.862921686746988 0.055799999999999995 0.2741566265060241
0 0.4188 0.5888704819277109 0.03828 0.14147590361445783
0 0.17509 0.5652710843373494 0.02142 0.031686746987951805
0 0.31741 0.8060090361445784 0.07338 0.20147590361445783
0 0.03214 0.7534036144578314 0.0634 0.22000000000000003
0 0.53404 0.855015060240964 0.06132 0.2899698795180723
0 0.499 0.6340361445783133 0.998 0.7259036144578314
